3506
150
3 3 10 6
5 2 19 24
1 4 17 18
7 2 12 11
3 3 7 9
5 2 5 1
8 5 11 3
7 4 10 24
6 3 17 5
3 4 23 17
5 3 2 9
1 3 5 16
8 6 2 13
5 6 11 16
6 2 16 11
4 3 10 6
6 5 5 18
1 3 22 13
3 4 14 13
6 4 18 22
3 2 8 17
8 2 16 10
4 4 8 19
2 2 20 25
2 2 13 12
4 3 10 25
6 2 11 11
5 2 17 4
6 3 1 16
6 2 8 7
5 3 15 5
6 2 4 1
2 2 18 24
6 3 11 25
5 3 19 15
6 3 1 14
5 3 20 7
3 2 1 13
5 2 20 9
5 3 17 8
4 2 21 3
1 5 8 13
3 3 12 13
4 4 4 5
2 2 14 11
6 4 14 24
2 2 6 21
5 3 12 1
1 16 9 22
5 2 11 25
2 3 5 10
1 2 7 1
1 4 13 16
1 3 3 4
5 2 1 16
7 3 17 3
5 8 7 9
4 11 5 14
3 8 4 2
6 3 7 9
3 3 1 16
2 4 2 8
4 3 9 12
6 8 4 10
2 2 17 1
4 7 1 1
4 10 13 21
3 3 13 5
5 2 2 14
5 5 13 19
5 2 5 12
1 3 3 2
7 7 9 20
7 3 1 2
7 8 5 23
6 5 7 18
6 2 2 2
2 5 8 9
8 3 5 14
1 6 5 18
7 2 4 15
3 3 5 4
2 2 4 16
2 2 8 14
7 4 5 18
3 2 2 19
7 5 1 13
8 11 5 20
6 2 3 24
8 3 5 18
8 4 9 7
4 3 2 23
7 5 2 21
8 3 8 19
3 2 8 17
6 2 5 17
7 3 3 1
2 3 8 21
4 2 5 16
6 4 7 1
5 8 2 23
4 2 8 3
4 3 8 12
8 3 13 8
7 10 4 12
5 3 3 14
3 2 6 22
4 3 9 7
5 2 1 1
2 2 7 15
6 2 2 15
8 5 2 15
3 2 3 5
5 3 4 20
3 2 11 10
8 2 1 1
8 2 13 7
8 4 14 4
6 4 9 8
7 2 3 17
3 2 2 15
4 2 1 2
2 14 3 4
6 2 9 10
4 2 2 16
1 4 9 7
7 4 5 20
5 2 8 4
4 7 1 10
2 7 3 17
6 2 1 5
1 2 1 19
5 2 9 8
6 2 1 20
5 2 6 9
6 2 4 19
8 2 2 2
7 2 6 9
2 2 9 3
2 3 1 14
2 2 1 2
1 43 4 3
8 2 4 2
6 2 1 10
7 3 2 2
8 2 2 12
6 2 3 18
1 2 1 12
2 2 3 16
4 2 3 17
