7902
201
6 3 28 16
7 4 1 26
1 2 21 19
1 6 28 23
3 2 9 19
2 2 25 28
8 2 25 29
8 2 4 10
7 11 1 20
2 2 6 23
2 2 27 26
1 2 9 9
6 3 11 14
7 3 24 9
3 2 18 8
7 2 3 11
4 4 27 25
3 4 5 9
7 2 18 11
6 2 22 12
3 2 13 25
6 3 14 27
4 3 4 12
3 2 6 8
2 2 10 20
7 9 12 1
1 2 27 15
5 2 14 26
1 2 22 7
1 2 24 28
6 2 8 11
6 2 15 14
6 26 1 22
3 3 21 9
2 2 11 22
3 2 7 25
2 2 2 28
4 2 24 18
2 2 20 10
2 8 10 5
8 2 10 22
8 2 6 24
6 3 2 11
2 3 8 15
6 2 17 24
8 2 23 8
8 2 8 12
5 2 14 27
6 2 23 5
3 2 18 23
4 2 12 18
2 3 4 10
7 2 18 7
7 2 9 22
3 2 5 26
4 3 9 21
8 2 6 20
4 2 17 5
6 4 15 28
7 2 9 8
3 2 11 12
4 2 13 10
1 2 10 10
7 2 27 13
2 2 4 29
1 2 6 19
3 2 12 19
2 2 7 8
6 2 5 28
1 2 9 25
5 2 9 12
4 2 15 10
5 2 19 8
7 2 21 6
4 4 9 12
7 2 3 27
1 4 2 11
4 3 6 19
6 2 10 19
8 2 17 16
1 2 16 17
4 2 17 17
7 2 14 18
2 2 11 19
8 2 21 4
6 2 17 21
3 2 23 16
3 2 16 7
6 2 15 7
7 2 9 13
5 2 13 12
7 2 1 9
2 2 16 20
5 2 12 9
5 2 10 21
7 2 17 29
8 2 14 8
5 3 17 28
4 2 9 16
8 3 13 10
6 3 8 15
1 3 15 14
7 2 14 13
1 2 24 3
7 3 17 17
8 4 12 13
2 2 8 26
3 2 8 28
1 26 13 2
3 2 15 2
5 2 14 21
1 2 16 8
8 2 11 15
3 2 23 17
6 4 9 23
4 2 4 22
3 2 10 18
7 2 15 9
2 2 13 26
5 2 16 21
2 2 15 13
1 2 13 11
1 2 14 6
1 2 9 8
8 2 9 23
3 2 12 18
6 2 13 12
6 2 16 30
8 2 12 29
5 2 12 20
5 3 11 12
8 2 16 2
3 2 14 24
5 2 13 24
4 3 14 3
8 2 17 1
5 2 16 2
7 2 3 10
3 2 7 11
6 2 16 2
1 2 15 21
8 2 14 28
4 2 9 28
8 2 7 10
2 3 9 9
1 2 10 28
5 2 13 27
1 3 11 18
2 2 16 1
3 2 8 10
3 2 15 4
2 2 16 17
6 2 7 10
4 2 16 16
8 2 18 3
1 2 20 1
4 2 15 5
8 2 19 1
7 2 4 11
3 2 3 22
8 2 15 18
8 2 9 6
7 2 11 29
4 2 12 14
5 79 3 1
3 2 1 10
8 2 4 13
2 2 13 22
1 2 5 12
2 2 6 6
7 2 7 21
1 2 14 14
3 3 4 8
8 2 1 9
7 2 9 21
5 2 13 18
1 2 12 19
6 2 3 13
5 2 5 6
3 2 16 15
8 2 15 15
3 2 3 6
4 2 5 2
6 3 9 28
4 2 5 14
3 2 7 15
6 2 7 7
7 3 4 3
6 2 2 6
8 2 5 4
2 2 13 14
6 2 14 16
2 2 6 16
4 2 12 16
6 2 4 3
3 2 4 5
5 2 8 15
3 2 7 16
6 3 6 16
8 2 12 17
8 2 9 17
