4760
137
4 4 8 8
5 10 1 1
1 3 18 8
1 3 3 8
4 3 18 8
3 4 10 7
5 3 13 8
1 3 10 8
4 3 15 18
5 3 5 8
7 3 9 8
3 3 15 17
5 3 17 8
4 3 1 8
5 2 23 16
5 3 6 8
5 4 10 8
8 2 26 18
6 3 18 16
4 3 22 18
6 3 13 8
7 3 12 8
5 2 15 20
5 3 18 15
3 2 19 14
8 2 16 18
7 4 2 7
6 3 20 16
2 2 19 13
1 4 4 8
2 2 28 13
6 2 24 16
3 2 20 11
4 2 9 11
1 2 22 16
4 3 6 8
4 3 5 18
2 2 6 17
3 2 27 13
5 2 23 20
2 2 22 13
7 2 14 18
4 3 18 14
2 2 20 16
3 7 6 8
8 2 17 16
4 4 4 7
3 3 1 8
3 3 5 17
5 2 5 20
6 2 7 17
2 3 12 17
3 3 2 8
6 8 2 7
3 4 3 7
7 2 9 17
4 3 2 8
8 2 10 18
1 2 4 6
2 4 4 5
2 2 19 4
2 2 11 4
2 4 12 3
6 2 17 14
8 2 1 7
1 2 22 2
2 5 13 2
7 2 17 15
2 7 20 1
2 3 18 1
1 6 1 8
2 2 7 4
1 2 22 4
7 2 10 15
7 2 6 14
5 3 11 8
7 2 11 14
3 2 12 8
2 3 20 1
2 6 16 1
6 2 23 9
4 2 19 8
1 6 7 3
2 9 7 2
2 2 8 1
1 2 9 16
4 2 11 8
7 2 9 7
5 2 9 13
3 2 7 7
1 2 6 8
6 3 8 13
6 2 12 7
6 2 4 7
2 5 17 3
2 2 9 1
1 61 7 1
1 3 7 14
7 2 3 7
4 2 18 12
2 3 9 1
7 2 9 7
8 2 16 12
5 2 16 12
1 3 8 1
5 9 1 10
8 2 4 11
3 2 16 10
5 2 21 9
4 2 6 11
5 2 17 9
2 21 6 1
7 3 4 10
3 4 9 9
7 3 11 9
8 2 2 7
2 2 9 10
1 2 8 10
6 2 4 7
3 2 5 11
3 4 7 14
1 2 5 1
4 2 1 11
2 2 4 1
5 2 8 8
2 2 2 10
3 3 1 10
1 3 3 1
7 2 6 14
3 2 8 7
6 2 7 9
5 2 5 14
5 2 2 12
3 2 4 9
1 2 4 13
4 2 4 11
1 2 7 8
