24690
1961
5 26 18 83
7 27 24 106
1 22 39 68
4 20 71 54
6 19 55 1
7 19 57 33
7 24 78 99
3 17 38 104
7 17 51 59
8 16 53 36
3 16 61 3
7 15 7 61
5 14 7 84
4 14 26 5
2 14 67 8
5 14 76 19
4 14 76 31
3 13 3 89
7 14 17 90
1 20 57 86
3 14 33 89
1 13 6 80
3 13 20 23
7 17 64 24
2 13 24 17
7 13 31 102
8 22 74 101
8 13 40 37
7 13 42 6
5 13 53 40
2 12 2 32
4 12 10 41
2 12 11 33
8 12 11 99
6 12 12 2
8 12 12 74
1 12 14 49
4 13 43 70
1 12 24 11
5 12 44 77
2 13 55 77
6 12 52 32
8 12 63 53
6 15 70 49
1 11 1 42
2 12 47 43
4 11 2 18
5 11 4 48
3 11 5 107
8 11 8 1
7 11 11 11
3 11 12 48
4 12 17 10
7 11 18 22
6 11 18 76
4 11 19 86
5 11 21 54
4 11 23 23
6 11 28 58
2 11 28 70
5 11 31 82
6 11 34 5
4 11 43 29
5 11 47 1
3 13 70 77
6 11 47 65
5 11 63 11
3 11 74 16
5 14 77 1
4 10 1 66
1 10 1 71
7 10 4 37
8 10 22 34
5 11 64 73
4 10 25 62
7 10 31 1
5 10 34 74
5 10 43 17
3 10 50 87
4 10 55 58
6 10 61 96
6 11 65 34
3 9 7 108
1 9 30 93
7 9 34 7
6 13 50 8
6 9 34 108
6 9 35 27
8 11 34 25
7 9 44 75
1 9 45 1
8 11 46 73
7 9 58 66
3 9 59 40
3 9 64 34
5 9 76 28
6 8 7 102
8 10 4 103
4 8 8 74
8 8 11 53
5 9 13 52
3 10 54 54
6 8 11 70
5 8 16 4
8 8 20 20
8 9 24 20
2 10 69 17
6 8 24 71
4 8 24 95
2 11 44 98
4 8 63 12
6 7 13 3
7 7 15 51
1 7 18 55
2 8 42 57
7 8 60 58
3 9 63 60
7 7 20 15
3 7 23 97
3 7 24 50
8 7 30 103
6 7 34 13
2 8 63 12
5 7 34 71
2 7 53 79
6 7 54 87
1 7 65 104
3 7 67 81
8 7 68 77
7 7 72 108
6 7 73 24
7 7 74 92
7 6 2 18
8 6 3 49
7 6 10 60
5 7 61 58
5 6 11 107
6 7 27 106
2 6 7 108
5 6 21 19
2 6 42 3
5 6 51 86
6 6 62 12
1 6 64 79
1 6 65 11
1 8 74 10
3 6 69 81
7 8 76 97
2 5 12 75
1 5 14 22
8 10 68 21
2 5 16 42
1 5 17 107
5 5 16 106
7 5 19 55
7 5 19 100
2 5 24 62
6 6 56 60
5 5 26 92
7 5 28 4
5 5 29 94
3 5 29 95
7 5 32 109
1 5 33 35
3 5 51 65
6 9 60 63
7 7 68 64
1 6 68 63
5 5 63 56
7 5 67 101
6 6 69 22
6 5 76 26
3 4 1 33
6 5 7 35
2 4 1 42
8 5 54 44
7 4 11 4
1 4 11 53
7 4 13 13
6 5 39 14
1 6 59 14
2 4 15 87
2 4 17 44
2 5 21 45
2 4 24 59
2 4 25 92
1 4 28 102
8 4 28 105
3 4 35 35
2 4 38 109
2 4 42 110
7 4 44 34
4 4 44 37
4 4 45 8
5 4 46 68
2 5 44 69
1 5 54 69
6 4 47 40
4 4 48 9
1 4 48 70
2 4 50 42
4 4 51 79
3 4 53 23
7 5 61 24
6 5 64 21
7 5 70 25
6 4 53 24
7 5 63 23
7 4 55 24
6 4 57 25
1 4 60 73
7 4 60 83
8 4 60 107
8 4 65 16
7 4 65 78
7 4 66 20
1 4 71 8
6 4 72 93
5 4 73 31
2 4 74 83
6 4 79 95
6 5 82 94
8 3 2 63
2 4 33 62
4 3 1 63
8 5 5 63
4 4 6 63
5 6 28 61
2 4 6 62
4 4 11 62
5 4 43 64
4 3 3 62
6 3 3 109
5 5 22 107
5 3 4 83
2 4 59 81
7 3 5 16
8 3 5 15
5 3 5 80
3 3 5 81
5 3 6 48
5 3 6 60
4 4 7 59
7 5 55 59
6 3 6 103
6 5 28 104
5 3 7 14
3 3 7 61
2 3 8 13
4 4 59 13
5 5 61 12
5 3 8 14
5 3 8 50
1 3 8 68
2 5 17 65
6 4 17 66
1 3 8 88
5 3 8 90
2 4 53 91
6 3 8 99
7 3 9 38
3 4 25 35
4 4 56 39
5 3 10 3
4 4 42 2
1 3 10 19
8 4 10 19
3 3 10 33
7 3 10 99
5 4 50 98
2 3 11 89
2 3 12 107
5 4 38 106
4 3 12 106
3 3 13 38
3 3 13 91
6 3 15 54
3 4 56 55
5 4 59 54
6 4 62 54
5 3 15 60
8 4 22 62
1 3 15 58
2 3 15 105
7 3 16 101
8 4 27 99
5 4 32 102
5 3 15 101
6 6 16 100
7 3 17 78
4 5 36 76
2 5 38 76
4 4 38 76
2 3 18 19
6 3 18 39
1 3 19 51
6 3 19 58
4 3 20 63
5 3 20 102
3 5 48 102
4 3 21 58
1 3 21 102
6 4 20 102
2 3 21 101
1 4 45 99
8 3 22 24
8 4 55 23
7 3 22 109
6 3 23 20
1 3 23 22
8 3 23 22
5 3 23 25
5 3 23 32
6 3 23 33
3 4 26 34
4 3 23 32
2 3 23 45
3 4 55 47
1 4 54 48
3 3 23 59
8 4 45 60
6 3 23 98
6 4 43 98
4 3 23 100
5 4 57 97
4 3 23 106
4 3 24 3
6 4 34 4
5 3 24 13
8 3 24 13
8 4 50 12
2 3 24 55
3 4 41 53
1 3 24 57
1 4 54 59
1 3 24 64
8 3 24 97
2 3 24 106
4 3 25 40
8 4 43 42
8 6 49 41
7 4 43 40
2 3 25 39
5 4 63 40
8 3 25 73
5 3 25 72
6 3 26 69
7 3 27 72
6 4 41 74
1 3 27 83
4 4 46 82
6 3 27 98
7 4 53 96
8 4 61 93
4 3 28 15
8 4 34 15
3 3 28 15
3 3 28 75
3 4 42 74
4 4 44 76
2 4 53 73
5 3 27 75
7 3 28 74
6 3 28 96
6 3 29 24
6 3 29 72
8 3 29 78
1 5 42 79
5 3 32 8
4 3 30 9
2 4 52 10
7 3 33 70
8 3 33 74
2 3 34 3
7 6 47 1
4 3 34 69
1 3 34 97
6 3 33 97
6 3 36 78
5 4 45 77
8 4 45 79
6 3 36 96
2 4 40 98
7 3 35 95
8 3 34 96
4 3 34 97
8 4 33 97
4 4 46 97
4 3 37 37
2 4 63 37
7 3 38 44
7 4 49 43
8 4 60 45
2 4 58 46
4 4 66 42
5 3 40 53
7 5 59 51
6 3 40 52
4 3 41 99
6 3 42 4
6 3 42 45
1 3 42 93
5 3 42 96
3 3 43 43
7 4 65 40
1 3 43 52
5 3 43 61
1 3 43 77
8 3 44 50
3 3 44 54
5 3 44 81
5 3 44 99
2 3 45 67
2 3 45 78
5 4 49 76
6 3 46 80
1 3 47 42
5 5 46 44
3 5 46 45
3 3 45 43
7 4 53 41
3 4 52 42
8 3 46 45
7 3 48 67
8 3 48 65
5 4 51 64
5 4 62 66
7 3 48 73
7 3 48 89
8 3 47 88
1 4 47 88
4 3 47 88
2 3 46 88
2 3 50 102
1 3 51 1
2 3 50 1
7 3 51 75
1 3 51 81
7 3 52 4
2 3 52 22
6 3 52 44
8 3 52 61
1 3 52 77
1 3 52 102
1 3 53 15
8 3 54 89
5 3 56 86
1 3 57 35
4 3 58 20
7 3 60 19
2 3 61 32
6 3 62 9
4 3 62 68
6 3 65 10
2 3 66 17
1 3 73 30
6 2 1 32
2 3 10 32
3 3 34 34
8 3 42 34
5 3 44 30
7 3 49 33
7 2 1 36
5 3 16 36
2 3 15 37
5 3 35 35
7 3 36 37
2 3 36 36
2 3 51 37
4 2 1 39
3 3 32 38
7 3 58 39
5 2 1 39
6 3 47 40
2 4 60 40
1 3 53 39
8 3 56 41
7 3 64 39
1 2 1 68
8 4 25 67
7 3 2 69
2 4 24 69
6 3 2 69
2 4 27 70
2 4 31 66
4 3 6 70
1 3 15 67
2 5 47 64
2 3 26 68
3 3 43 66
4 3 47 67
1 3 50 70
5 2 1 69
7 2 2 35
8 4 22 35
7 3 31 34
7 3 37 32
5 3 35 32
2 3 40 31
3 3 48 38
7 3 59 31
7 3 71 30
1 2 2 36
3 3 5 36
8 3 6 35
6 3 6 35
2 3 14 34
1 3 13 34
6 3 18 36
7 3 19 34
5 3 20 35
8 3 21 36
2 4 21 37
4 4 42 38
6 3 20 36
3 4 19 36
1 3 19 37
1 3 21 37
2 3 26 33
6 3 37 31
5 3 41 40
5 3 47 29
7 3 46 30
8 4 74 27
6 3 64 31
4 2 1 37
6 3 1 36
5 4 6 36
6 4 5 36
2 3 6 38
1 3 5 38
3 4 6 39
6 4 19 39
7 4 37 39
8 3 6 40
8 3 9 38
5 3 14 40
8 3 20 37
8 3 35 38
2 3 50 42
3 2 2 44
1 3 12 43
6 4 28 41
6 3 11 43
4 3 10 43
7 3 9 43
5 4 9 43
4 5 37 42
7 3 9 45
8 3 10 45
2 3 38 41
6 3 38 39
4 3 37 39
8 3 37 40
2 3 35 41
4 3 45 40
1 3 52 45
8 3 51 45
2 2 2 50
3 3 11 51
3 3 29 49
6 2 2 64
6 3 23 62
4 3 23 61
6 3 39 62
8 4 39 63
7 3 43 59
1 3 43 63
8 3 49 65
4 3 52 60
5 3 61 57
1 2 3 38
6 3 5 39
4 3 15 37
7 3 14 39
5 3 32 40
5 3 35 39
7 5 34 40
8 3 35 38
2 2 3 38
2 3 14 36
2 4 18 34
3 3 28 33
7 3 30 37
5 3 31 31
2 3 56 32
7 2 3 39
6 3 30 39
1 3 29 39
8 3 34 40
4 3 33 40
3 2 3 43
4 3 26 41
6 3 40 41
1 3 39 43
5 3 39 42
4 2 3 45
6 4 22 45
6 4 42 46
5 4 43 45
8 3 27 43
6 3 34 47
7 3 55 47
4 2 3 51
3 3 19 49
5 3 39 49
3 3 39 48
4 3 39 47
4 4 56 46
8 3 47 46
6 4 56 47
5 4 54 47
4 4 54 47
3 3 53 47
4 3 56 51
7 2 2 52
2 3 9 50
7 3 18 51
5 5 52 48
8 4 51 52
2 3 40 52
4 3 43 49
2 3 42 50
4 3 49 51
1 4 49 49
7 3 49 51
2 3 50 50
6 2 2 51
2 4 5 49
6 4 34 52
2 3 2 51
4 3 16 52
4 4 26 50
5 3 16 50
1 3 44 51
4 3 47 53
4 2 1 51
6 3 18 51
7 3 22 50
5 3 22 50
7 2 1 50
8 2 1 51
4 4 14 50
2 4 36 48
3 3 2 52
1 4 25 51
6 3 4 52
1 3 3 51
7 3 12 50
6 4 36 47
8 3 19 54
3 3 29 49
7 3 42 45
6 3 43 54
5 3 44 45
5 2 2 50
7 4 4 48
1 3 22 51
4 3 32 52
1 4 41 53
5 3 40 53
6 3 43 56
8 3 45 54
3 3 44 53
1 3 46 55
6 3 52 57
6 2 2 52
8 2 3 52
8 3 31 52
1 3 36 53
5 2 3 51
1 3 7 49
6 3 31 52
3 2 3 53
1 3 2 53
7 5 9 51
4 3 32 53
7 3 31 53
6 2 2 53
2 5 29 52
5 3 7 53
8 3 31 53
8 3 47 55
1 3 47 56
2 2 3 54
8 3 2 54
5 3 11 52
3 3 22 54
8 3 40 56
7 2 3 62
2 3 7 60
8 3 33 60
3 3 37 62
7 2 3 65
3 3 3 65
1 3 44 64
6 3 48 67
3 3 51 65
6 3 53 65
5 2 2 65
8 3 2 64
8 4 35 65
1 3 10 65
2 3 9 64
3 3 11 62
8 3 12 60
1 3 30 62
4 3 33 58
7 3 44 67
1 2 3 66
5 3 27 66
7 3 26 67
1 3 27 64
6 4 40 63
2 3 34 66
1 3 39 65
8 3 48 66
4 2 3 68
1 3 18 69
6 3 34 70
8 3 42 67
3 3 43 65
2 3 45 68
7 2 3 82
5 4 20 81
2 3 16 81
6 3 16 80
1 4 19 79
4 3 19 80
8 3 21 82
3 3 39 79
7 3 38 80
4 4 38 80
1 3 39 77
4 4 45 78
6 3 39 79
4 2 3 89
5 3 41 88
8 3 50 89
3 3 50 88
4 3 53 88
5 2 3 90
1 3 3 90
3 3 11 90
4 3 10 90
6 3 16 91
3 3 33 89
2 3 40 92
7 3 64 93
6 2 4 15
5 3 59 15
3 3 61 15
5 2 3 15
5 3 16 13
3 3 32 15
6 5 39 15
7 3 43 12
3 3 48 16
3 2 4 14
7 4 10 14
8 3 12 17
3 3 24 15
1 4 26 13
5 4 28 14
4 3 26 12
4 3 36 16
2 3 46 11
4 3 52 17
1 3 55 18
5 3 56 19
4 3 64 10
1 2 4 14
6 2 3 14
8 4 15 12
7 3 13 13
5 3 38 14
5 3 52 16
2 2 3 14
3 3 38 12
7 2 4 13
5 4 9 12
3 5 14 10
4 4 59 8
4 3 13 10
5 4 48 9
4 3 14 14
7 4 20 14
1 4 21 16
7 4 22 14
5 5 29 15
5 3 15 11
4 3 21 17
8 3 20 17
4 4 19 17
8 3 21 17
6 3 26 18
8 3 32 16
1 3 38 11
7 3 49 9
6 3 51 18
8 3 54 10
8 2 4 68
3 3 40 69
2 2 4 67
3 4 3 67
1 3 19 66
6 4 32 65
2 3 35 69
6 2 4 66
5 2 4 66
8 3 9 66
4 3 33 65
7 2 4 68
2 2 4 67
5 3 24 65
3 3 22 66
1 3 24 66
5 2 3 68
7 3 29 66
5 3 28 68
3 3 27 68
8 2 3 67
2 2 4 73
7 4 30 72
3 3 18 73
4 3 19 71
3 4 19 70
1 3 25 72
8 3 24 71
7 4 33 72
5 3 25 70
6 3 25 70
7 2 4 73
1 3 8 72
6 3 18 73
8 3 29 71
2 3 28 71
3 3 31 70
7 3 42 73
8 2 4 72
3 4 21 72
2 4 20 73
3 3 6 73
1 3 26 71
2 4 39 73
6 3 27 75
1 5 32 74
6 3 37 75
2 3 44 78
5 2 4 73
5 3 19 74
2 3 38 75
1 3 40 75
3 3 39 77
8 3 43 78
8 2 4 74
3 4 22 73
8 3 23 73
4 3 29 71
8 3 36 76
4 3 40 76
6 4 40 74
1 2 3 75
1 3 15 73
7 4 33 74
6 3 14 75
8 2 4 81
4 3 24 82
7 2 4 81
1 3 12 82
8 4 28 80
7 4 29 82
2 3 23 84
1 3 24 83
5 4 65 85
7 3 23 84
3 3 22 84
1 3 34 78
5 3 40 81
6 3 45 85
2 3 58 85
3 2 4 86
2 4 49 85
1 3 21 87
4 3 21 86
6 3 39 88
6 3 44 87
7 3 59 85
2 3 67 85
7 2 4 89
3 3 20 88
4 3 30 90
2 3 48 89
6 3 62 91
1 2 4 90
8 4 28 90
4 3 26 88
3 3 27 92
1 3 32 89
6 3 35 91
5 2 3 90
7 3 10 88
4 3 18 88
1 4 23 89
7 4 37 87
2 3 25 88
7 3 25 89
1 3 26 86
4 3 26 87
2 3 26 90
7 3 27 88
2 3 36 89
7 2 4 90
5 3 21 89
8 3 27 87
7 3 45 91
1 2 3 90
5 4 24 89
6 3 14 88
1 4 28 87
8 3 14 86
6 3 14 84
1 3 37 82
6 2 4 91
6 2 5 31
7 3 55 31
1 2 5 32
7 4 25 30
6 3 18 32
6 3 39 31
8 3 42 30
6 4 49 30
2 5 52 28
2 3 44 29
1 4 48 30
8 4 47 29
4 3 43 29
5 3 46 29
8 3 49 31
1 3 57 28
4 3 62 26
5 3 72 27
8 2 5 36
1 2 5 55
2 4 28 55
5 3 24 55
5 3 39 56
2 3 45 58
5 4 45 57
7 3 49 59
6 2 4 55
1 3 8 55
6 3 25 57
7 3 25 56
5 3 25 55
7 3 40 57
2 2 3 55
8 2 5 61
3 3 8 59
3 2 5 68
6 3 13 66
5 4 23 67
8 2 5 81
2 2 5 80
2 3 16 79
4 3 23 80
7 4 36 82
5 3 24 79
1 3 28 81
3 3 33 81
2 3 34 83
8 3 57 84
6 2 5 85
6 2 5 89
6 3 27 88
2 2 4 90
2 2 5 102
3 3 6 102
7 4 28 103
5 4 41 101
4 3 22 103
6 3 21 105
3 3 26 102
6 2 5 110
3 2 4 110
2 2 3 110
7 2 6 34
4 3 38 33
3 2 5 34
8 3 5 33
8 3 20 33
4 2 4 33
6 3 5 32
8 2 4 32
5 3 9 32
7 4 36 30
4 3 17 34
1 3 43 29
7 3 65 27
1 3 65 27
5 4 65 27
4 4 66 26
2 3 65 26
1 2 4 32
3 3 37 31
4 2 3 32
7 4 4 31
4 4 25 33
7 3 8 33
3 3 8 32
1 4 8 33
4 3 6 35
2 4 12 33
7 3 6 34
5 3 38 29
6 3 41 28
4 3 47 26
5 3 60 25
2 2 3 33
3 4 4 32
6 3 4 33
1 3 15 35
5 3 19 33
6 2 5 31
2 3 26 30
7 2 5 30
5 3 4 30
4 3 6 31
2 3 9 29
3 3 42 29
6 3 46 28
3 2 5 29
7 3 16 28
1 3 25 26
4 3 30 30
7 3 43 24
8 3 42 26
1 3 45 22
1 3 50 21
2 3 59 21
8 2 5 31
2 3 18 32
7 2 5 30
8 3 17 31
4 3 17 31
7 3 21 29
5 3 51 27
1 3 58 27
8 2 6 43
1 3 27 42
7 2 6 50
6 3 6 50
3 3 15 50
8 2 6 49
3 3 13 47
2 3 13 48
4 3 19 46
5 3 28 47
6 2 6 66
6 2 6 70
5 3 5 70
7 3 37 68
2 2 6 92
3 3 50 91
3 2 7 3
6 3 19 1
6 3 56 3
8 2 7 14
7 3 28 12
4 2 7 13
1 3 29 11
5 4 38 9
2 4 38 10
1 3 38 11
3 3 51 9
8 2 6 13
2 3 11 13
6 3 10 12
5 4 15 13
8 4 28 11
1 3 11 14
4 3 21 12
7 4 27 11
1 2 7 50
2 2 7 72
5 2 7 74
3 4 6 75
5 3 19 74
8 2 5 75
4 4 16 74
7 3 17 74
4 2 7 99
5 3 22 98
5 3 32 97
8 3 34 98
1 3 40 97
8 3 45 96
3 4 62 94
1 2 6 99
3 4 37 98
6 3 38 98
3 4 42 97
7 2 7 100
3 3 10 100
8 3 9 100
2 3 19 99
4 3 36 102
4 3 43 102
4 3 46 103
4 2 7 99
1 4 21 99
3 3 7 98
8 3 13 99
3 3 16 98
7 6 16 98
3 6 18 99
2 3 20 102
3 3 20 103
5 3 25 97
4 3 25 97
8 3 26 100
3 3 28 96
8 2 7 97
2 3 16 96
7 3 22 95
1 3 21 96
8 3 27 94
3 3 26 96
6 3 33 96
8 4 36 97
3 3 40 95
1 2 7 100
6 4 25 99
1 3 10 100
5 3 14 101
4 4 23 100
8 3 19 102
7 3 22 103
4 2 7 109
3 3 25 107
3 3 46 106
2 3 56 105
1 2 8 13
3 2 7 14
7 3 8 13
7 3 12 11
3 3 16 9
2 3 17 9
6 2 8 15
4 3 14 13
7 3 29 15
3 2 8 28
5 2 7 29
4 3 12 27
8 3 11 27
5 3 19 29
1 3 25 27
2 3 53 26
3 4 53 24
8 3 51 27
4 2 7 28
3 3 9 27
5 3 16 26
6 3 21 28
3 3 21 27
8 3 21 27
5 3 34 26
1 3 38 26
8 3 44 27
3 2 8 36
8 3 8 35
5 3 7 35
4 2 8 57
7 2 8 62
1 2 8 64
7 3 23 62
2 2 7 64
6 3 13 63
3 3 21 63
3 2 8 86
8 3 23 86
3 2 8 89
4 2 8 99
1 3 22 99
8 2 9 3
2 3 15 1
1 3 35 4
3 4 43 3
3 3 35 2
2 3 35 1
7 2 9 2
8 3 22 2
4 3 32 4
7 3 36 1
6 2 9 15
3 2 9 19
7 3 9 18
5 4 11 16
6 3 21 16
6 4 35 16
5 2 9 57
8 3 22 56
3 6 21 55
7 3 21 53
1 3 24 54
6 2 9 69
4 4 11 67
8 5 11 67
2 4 19 66
3 3 24 66
3 2 9 70
5 3 11 69
8 3 35 70
2 2 8 71
7 2 9 75
6 3 26 76
7 4 26 76
1 3 27 77
7 3 36 78
6 2 9 81
6 3 37 81
3 2 9 85
1 4 41 84
6 3 12 83
5 3 36 81
7 2 9 84
5 3 22 83
8 4 21 83
3 3 26 82
6 3 43 85
1 3 46 84
5 2 9 83
2 3 18 83
3 3 35 84
4 3 35 83
8 2 8 84
8 3 36 82
2 2 8 83
4 3 18 83
4 3 36 81
6 3 35 83
3 3 36 84
7 3 37 80
3 2 8 82
2 3 32 83
4 2 9 81
8 4 30 79
3 4 30 77
6 3 33 80
2 2 8 82
5 3 27 80
7 3 26 79
6 3 25 79
4 5 27 78
5 3 31 82
3 3 31 81
3 2 9 105
8 3 10 106
6 3 10 106
6 3 14 107
7 4 15 107
2 3 27 107
7 3 32 106
8 3 33 104
5 3 45 106
7 3 49 106
8 4 51 104
2 2 9 104
1 3 9 105
4 3 18 107
4 3 35 108
8 2 8 104
6 3 47 104
4 2 10 14
5 4 13 13
1 2 10 18
6 3 13 17
4 2 10 19
4 4 31 17
1 3 20 18
3 2 9 19
1 2 10 20
4 2 10 31
8 3 12 31
6 3 12 29
7 3 28 27
7 2 10 47
2 3 22 46
1 3 33 47
2 3 32 47
8 3 34 46
2 2 10 52
4 2 10 54
7 4 22 52
2 3 19 55
7 3 49 57
3 2 10 53
3 3 21 52
7 2 10 52
8 3 21 53
1 2 10 56
2 3 22 56
7 3 23 58
6 2 10 60
1 3 37 60
4 4 43 59
7 2 10 60
1 4 30 59
6 3 36 57
6 2 10 69
5 2 10 68
4 2 10 86
7 3 21 85
4 2 10 100
5 2 10 101
1 2 10 108
1 3 26 106
5 2 11 6
6 2 11 11
6 3 14 12
2 3 14 12
5 3 17 10
5 3 25 10
5 3 37 8
3 3 39 8
3 2 11 27
2 3 30 28
3 3 41 27
8 2 11 29
8 2 11 49
7 3 23 47
1 2 11 49
4 2 10 49
3 2 11 59
5 3 25 58
3 3 31 60
6 3 30 59
8 3 29 60
2 2 11 71
5 2 11 76
2 3 15 77
8 3 16 75
3 3 16 77
6 3 15 77
5 3 15 75
4 2 11 99
4 2 11 102
2 2 11 109
5 3 12 108
1 2 12 5
2 3 48 4
2 2 12 4
5 4 38 3
4 3 41 2
2 2 12 33
7 2 12 32
1 3 12 31
4 2 12 39
5 2 11 39
6 4 16 37
5 4 15 38
5 3 26 37
2 2 12 53
3 2 12 65
5 3 28 63
3 3 27 64
4 2 12 66
6 3 22 65
8 3 21 65
7 2 12 65
2 2 11 66
8 2 12 70
4 2 12 77
1 3 29 76
4 2 12 90
5 2 12 97
6 3 38 95
8 3 49 94
6 2 12 96
6 3 15 96
3 3 18 95
2 3 44 96
3 3 49 94
5 2 13 2
7 3 16 2
7 2 13 2
2 2 13 2
7 4 44 1
5 3 43 1
3 2 12 2
2 2 11 2
2 3 19 2
4 2 13 7
8 3 14 6
7 2 13 6
8 4 30 4
2 3 27 4
6 3 29 7
2 3 38 2
8 2 13 9
5 3 18 7
3 3 22 6
6 2 12 10
8 2 12 10
2 3 20 8
5 4 37 7
7 3 20 8
3 3 36 8
7 3 45 6
2 2 11 10
3 3 17 9
4 3 16 9
6 3 16 8
8 3 17 9
5 3 21 9
1 4 32 6
2 3 35 7
7 2 13 36
8 2 13 46
7 3 17 45
5 3 20 44
6 3 22 46
1 3 20 47
4 5 21 45
6 3 34 47
5 2 12 47
3 3 16 46
7 2 13 46
2 4 32 45
5 3 28 47
8 3 28 45
4 3 29 46
2 2 12 47
1 3 26 47
6 2 13 47
7 5 24 46
8 3 13 46
4 3 24 47
4 2 13 45
2 3 37 44
1 2 12 46
3 3 21 46
1 2 13 57
4 3 23 57
8 3 22 59
1 3 30 56
8 3 36 57
7 2 13 71
5 2 13 82
4 3 21 82
2 4 26 81
2 3 19 83
6 3 19 83
1 3 20 82
6 3 20 83
8 2 13 97
5 2 13 97
1 2 13 98
6 2 13 102
7 3 13 102
3 2 12 103
5 3 27 103
3 3 28 104
7 2 14 11
6 3 14 11
3 2 13 12
1 3 13 11
8 2 13 13
3 2 13 13
4 2 13 14
3 3 12 15
7 2 12 14
2 2 14 22
1 2 14 28
5 3 29 29
2 2 14 56
6 3 20 55
5 3 27 56
2 3 27 58
3 3 34 57
2 2 14 68
7 2 13 68
3 2 14 67
1 2 13 68
3 3 12 68
6 2 12 69
6 5 19 67
4 4 19 66
4 3 17 67
2 2 14 76
1 3 14 75
4 3 14 74
3 2 12 75
4 2 11 75
2 4 11 74
6 3 19 73
5 2 11 76
3 2 11 76
4 2 11 75
8 3 14 76
1 2 10 76
8 2 12 74
4 3 26 73
7 3 26 72
5 2 11 74
1 2 11 73
6 3 25 71
8 2 10 74
7 2 12 77
4 2 13 78
2 2 13 78
6 2 13 77
2 2 12 77
8 2 13 77
1 3 13 78
7 3 16 78
5 2 14 73
3 3 16 72
3 2 14 90
4 4 23 88
5 3 22 89
6 3 22 91
6 2 13 91
5 2 13 91
1 4 31 91
1 3 24 91
5 3 31 91
8 2 14 92
4 3 46 93
4 2 14 93
4 2 14 103
5 2 13 103
2 2 13 102
5 2 14 110
5 2 15 7
8 4 29 6
6 4 29 7
8 3 44 6
1 2 15 6
1 3 31 6
8 3 31 5
3 3 36 4
3 3 39 7
7 2 15 5
2 3 19 6
8 4 21 7
5 3 19 5
2 3 20 8
3 3 23 3
1 3 26 2
7 3 25 3
4 3 39 6
1 2 15 16
2 2 14 17
2 3 16 16
2 3 31 16
4 2 15 24
2 3 42 24
5 2 15 33
1 3 19 31
1 2 15 36
4 2 15 37
7 2 14 37
6 4 20 37
1 2 15 47
6 2 15 49
2 2 14 50
8 2 15 54
5 2 15 55
2 3 24 56
7 2 15 66
8 2 15 69
5 2 14 69
1 2 14 69
7 3 14 68
7 3 18 70
4 2 14 67
6 2 13 67
8 2 12 67
5 2 13 67
5 2 15 78
8 2 15 92
7 3 27 93
8 3 36 94
6 3 43 95
4 2 16 11
4 2 16 19
3 2 16 25
8 3 32 24
7 3 31 24
6 2 16 25
8 3 26 25
1 3 30 26
4 3 33 25
1 3 42 24
1 2 15 26
5 3 20 26
7 3 29 26
1 3 28 25
4 3 33 25
5 4 34 24
3 3 32 25
7 2 15 26
8 3 15 25
6 3 14 25
5 4 26 24
8 3 28 27
1 3 29 23
5 3 51 21
7 2 13 26
4 3 14 26
1 3 17 25
6 3 16 25
2 3 16 27
8 2 14 26
5 2 13 27
2 3 20 25
2 2 14 25
6 3 18 24
6 2 16 28
3 3 16 27
8 2 16 76
7 2 16 87
2 2 16 98
5 3 32 97
6 2 16 101
3 2 15 102
8 3 15 101
1 2 15 103
7 2 14 104
4 2 17 12
7 3 22 11
5 2 16 12
1 2 17 16
4 2 16 17
8 3 18 16
2 3 18 15
5 2 17 17
3 2 16 17
8 2 17 25
8 3 27 24
8 2 17 31
8 3 18 31
4 2 17 32
2 4 17 32
4 2 17 39
1 4 22 39
4 2 17 55
7 2 17 58
8 2 17 58
7 4 30 56
2 2 17 77
8 2 17 84
5 2 16 84
8 2 17 89
8 3 20 90
6 3 41 92
1 2 17 95
4 3 21 95
5 3 33 95
2 3 43 94
2 2 17 98
7 2 17 99
2 2 18 5
4 5 29 4
8 2 18 4
2 3 27 3
4 2 17 5
1 2 18 9
2 2 18 22
6 3 21 22
7 2 17 22
1 5 51 20
1 3 21 22
3 2 18 60
3 2 18 63
4 3 20 63
6 3 20 62
5 2 18 63
8 2 18 64
2 2 18 63
4 3 20 61
1 3 20 61
2 3 26 61
6 2 18 62
7 3 23 62
1 3 23 61
1 2 18 64
4 2 17 64
1 2 18 81
6 2 18 80
4 3 20 78
2 2 18 85
3 3 17 85
3 3 22 84
4 2 17 86
7 3 26 85
4 3 31 85
7 2 18 87
2 2 18 87
7 3 30 86
6 2 17 87
8 3 23 87
5 3 22 88
2 3 32 85
2 2 18 92
7 3 17 93
4 3 23 91
4 3 36 93
5 3 42 93
3 2 18 92
1 4 36 91
7 4 36 92
2 3 36 93
6 3 39 94
4 2 18 93
8 3 54 94
5 2 17 93
1 2 17 92
2 3 26 93
5 3 25 95
1 3 33 93
1 3 41 95
3 2 19 3
3 4 25 1
1 3 33 2
1 2 18 4
1 2 19 9
3 3 19 8
7 2 18 9
8 2 19 22
6 2 19 25
2 2 19 28
2 3 23 28
4 3 37 29
1 2 19 40
2 3 21 39
2 2 18 40
3 2 17 40
6 2 18 41
8 2 17 41
1 2 19 46
3 3 22 46
6 2 19 47
8 2 19 48
5 2 19 48
6 2 19 59
3 2 19 81
8 2 19 83
7 2 19 87
6 2 19 88
1 3 25 86
5 3 24 86
3 2 18 88
2 2 19 98
7 3 19 97
8 2 19 102
1 2 20 3
8 2 20 49
4 2 20 71
5 2 19 71
3 2 20 88
6 3 20 87
3 2 19 88
2 2 20 86
6 2 19 86
2 3 21 84
3 4 25 85
4 3 22 86
4 2 19 87
8 2 19 87
1 3 19 86
7 2 19 85
8 4 23 84
3 2 18 85
1 2 19 84
2 2 20 85
7 2 19 85
3 2 20 93
5 3 19 94
2 3 26 94
2 3 38 94
8 2 20 92
5 3 20 91
4 3 22 92
7 2 20 92
1 2 20 92
4 2 21 4
6 4 22 3
5 3 22 5
7 2 20 6
2 2 21 15
1 2 20 16
6 2 21 29
2 2 21 69
4 2 21 71
3 2 21 73
1 2 21 86
7 2 21 92
4 2 21 97
7 2 21 98
7 4 25 96
7 2 21 101
5 2 22 8
3 3 36 7
3 2 21 8
7 2 20 8
2 2 21 9
4 2 22 41
2 3 27 42
8 2 22 49
4 2 22 53
8 2 22 58
3 3 22 57
4 2 22 61
4 2 22 70
5 2 22 70
7 2 22 72
2 2 21 72
5 2 22 92
3 2 21 93
6 3 24 93
5 2 20 93
7 2 22 91
6 2 23 7
3 2 23 17
6 2 23 28
3 3 23 28
1 2 21 29
5 2 22 28
8 3 26 29
7 3 24 30
2 2 23 44
5 3 32 43
3 2 23 56
1 2 23 70
6 2 22 71
7 2 23 97
1 2 23 98
4 2 23 99
2 2 22 99
2 2 23 106
5 2 24 9
4 2 24 18
2 3 23 18
5 4 24 17
6 2 22 18
6 2 24 20
8 3 32 18
2 2 23 20
1 3 30 20
2 2 24 24
4 3 25 23
3 2 24 42
1 2 24 58
6 2 24 57
5 2 24 59
2 2 24 59
1 2 24 79
3 2 23 79
3 2 24 92
1 2 24 96
4 2 25 2
7 2 25 3
8 3 25 3
1 2 24 3
8 2 24 2
2 3 23 2
6 2 25 1
8 2 25 8
5 2 25 19
2 3 30 20
8 2 25 19
2 2 24 20
3 3 24 19
6 3 30 20
4 3 34 21
7 3 36 20
3 3 35 20
8 3 45 21
6 2 24 19
5 2 24 19
8 2 23 20
2 3 30 20
8 3 37 22
7 3 37 21
1 2 23 19
5 2 25 43
8 2 25 43
4 3 28 42
4 2 24 44
7 2 23 44
5 3 23 43
5 2 25 71
7 2 25 106
6 3 25 105
4 2 24 106
6 2 25 109
1 3 26 108
7 3 26 108
3 2 24 110
2 2 26 31
3 2 26 43
6 2 25 44
8 2 26 81
1 2 26 108
2 4 26 107
8 2 26 109
3 2 27 1
1 2 27 15
8 2 27 15
4 2 26 16
2 3 29 15
8 2 25 16
1 2 27 41
6 2 26 42
3 2 27 40
5 2 26 41
6 2 27 58
5 2 26 59
3 2 26 58
8 2 26 59
1 2 27 96
5 2 27 108
5 2 28 6
1 3 35 5
2 2 27 6
5 2 27 5
1 2 28 7
1 2 28 18
8 2 28 20
2 2 28 29
1 2 28 81
7 2 28 96
6 2 28 95
8 3 27 95
4 2 26 95
5 2 26 94
6 2 28 109
2 2 29 57
4 2 30 48
5 2 30 61
7 2 30 81
6 2 31 44
8 2 31 48
4 2 31 96
2 2 31 101
3 2 31 104
5 2 35 22
4 2 36 23
1 2 36 106
6 2 37 110
3 2 38 94
5 2 38 105
3 2 37 106
4 2 36 106
3 2 39 109
6 2 40 21
4 2 40 23
7 2 40 104
7 2 41 21
