25090
2198
5 19 34 39
6 12 29 73
2 12 71 86
5 12 84 19
3 10 38 69
1 10 59 1
2 9 5 52
4 11 69 52
5 9 11 62
5 9 20 21
1 9 49 28
3 12 88 9
6 8 2 58
2 8 25 60
3 8 31 64
1 10 86 12
1 8 50 74
6 8 59 28
1 10 87 24
3 8 64 78
1 8 67 96
2 9 88 63
4 7 6 46
2 7 8 73
4 7 20 39
6 7 26 21
6 8 87 19
6 7 33 6
1 7 37 96
6 7 53 47
5 7 61 2
6 7 69 15
4 7 76 10
1 7 76 29
1 7 81 60
3 6 4 97
1 8 5 95
5 8 77 94
3 7 26 96
6 6 5 37
1 8 8 37
3 8 90 80
2 6 5 43
1 9 8 41
1 8 26 40
6 6 6 92
4 8 50 94
4 6 8 72
3 6 9 85
4 6 12 30
1 7 14 28
5 9 44 27
3 6 12 39
1 7 44 37
6 6 16 83
5 6 20 82
2 6 26 54
1 7 37 54
4 7 48 55
3 6 29 52
5 6 41 52
6 6 42 60
1 8 52 33
3 6 47 29
4 6 50 58
6 6 51 32
2 6 56 9
3 10 74 10
1 6 69 47
5 6 81 28
3 6 84 60
3 6 91 34
5 5 1 1
1 5 2 60
5 8 58 59
1 6 56 60
4 5 3 43
2 5 3 75
3 9 5 74
3 6 31 76
1 6 34 76
6 7 56 76
3 5 5 4
2 8 64 1
4 6 71 4
1 7 83 3
5 5 4 3
6 8 4 2
1 6 7 1
1 6 26 1
4 6 31 4
3 7 59 2
5 5 5 17
1 6 24 17
2 6 29 16
3 7 37 15
6 5 7 42
6 6 66 41
2 5 11 26
6 6 12 27
5 8 61 24
3 6 12 29
4 6 12 28
3 8 64 26
6 5 13 71
2 6 77 4
4 6 77 1
2 6 76 1
2 5 14 20
4 5 15 45
6 9 22 42
2 6 84 45
3 5 16 12
4 6 48 11
6 5 17 59
6 6 21 57
4 6 26 61
1 6 51 62
3 6 56 55
3 6 63 63
2 5 18 57
1 5 22 11
5 6 36 12
2 5 21 8
4 6 20 8
5 5 20 10
3 5 19 10
5 7 58 9
3 5 22 23
4 5 20 22
1 6 86 21
5 5 25 89
4 5 27 36
2 6 85 35
1 5 30 61
5 5 30 70
2 5 30 76
3 6 43 71
2 6 43 71
1 6 58 75
5 6 68 78
6 7 77 78
4 5 33 45
3 5 35 96
5 6 54 98
4 6 61 93
3 6 61 92
5 5 34 96
2 7 31 97
3 5 39 67
5 5 39 92
2 6 45 63
5 6 47 62
6 6 64 60
4 5 40 52
1 5 42 56
4 6 64 92
5 6 70 57
1 6 87 53
6 5 47 26
5 6 51 27
4 5 47 97
2 5 49 51
6 7 70 51
3 5 47 52
6 6 47 52
2 5 49 91
5 6 48 91
3 7 48 89
4 6 52 89
2 5 51 85
6 5 52 2
6 7 54 3
6 5 52 35
6 6 57 90
4 6 60 89
1 9 59 90
3 7 57 91
4 5 52 74
3 5 50 74
4 5 53 37
1 5 61 51
3 5 64 80
3 7 70 80
2 6 68 80
2 5 64 82
5 5 64 87
6 6 66 84
3 6 65 88
4 6 73 88
3 6 72 89
1 6 77 82
3 5 65 74
6 5 65 77
4 5 65 82
5 5 66 20
4 5 65 18
4 5 70 51
3 5 73 10
4 5 74 12
6 5 73 13
5 7 79 14
6 5 74 98
2 5 75 13
5 5 75 42
4 5 76 6
2 5 76 33
6 7 78 33
3 5 76 33
1 8 75 33
6 5 80 83
5 5 82 40
1 5 83 16
4 5 84 46
1 4 1 1
1 5 8 2
4 6 9 3
3 5 18 2
4 6 67 1
5 5 71 6
4 4 1 8
2 5 24 8
2 9 33 7
5 7 31 9
4 5 47 12
2 5 50 7
3 5 55 12
6 6 73 6
2 4 1 24
6 4 1 33
4 4 1 34
3 5 61 32
5 6 66 34
2 5 66 32
3 4 1 36
4 5 5 37
1 5 21 38
4 5 20 36
6 5 33 41
3 5 32 44
6 5 36 45
1 5 51 36
2 5 51 43
3 5 60 43
4 5 66 47
6 6 64 47
1 5 72 40
3 4 2 31
5 5 58 30
6 7 64 31
3 4 2 92
6 6 3 94
1 5 47 96
4 7 54 97
4 4 2 93
6 6 30 93
1 8 50 91
3 5 69 88
4 4 2 95
4 5 19 96
1 6 20 95
2 6 47 94
3 5 18 95
6 7 44 94
5 5 32 95
6 5 58 94
3 5 72 92
3 4 3 53
3 5 41 51
1 6 46 51
5 5 57 52
2 5 55 52
5 5 73 54
4 4 2 53
5 5 66 51
6 4 4 56
6 5 7 57
6 6 13 58
5 5 59 57
2 5 67 55
6 5 73 57
2 5 73 58
4 4 4 78
4 5 54 78
4 6 69 79
6 5 50 78
1 5 56 76
2 5 63 80
5 5 74 80
1 4 4 90
2 5 26 90
3 4 5 21
6 5 32 20
4 8 39 19
2 6 45 18
4 5 45 21
6 6 49 15
6 7 57 15
4 5 50 15
2 6 51 14
2 8 75 11
2 5 64 11
4 5 77 17
3 4 5 52
4 6 4 52
4 5 8 51
2 5 54 53
1 4 4 55
1 4 6 24
1 5 22 23
5 6 40 21
5 6 43 23
6 5 42 21
1 5 52 25
3 6 49 24
1 6 53 26
3 4 6 31
1 5 7 29
2 8 6 28
5 5 7 27
3 6 6 28
6 5 6 28
1 5 12 31
1 5 32 28
1 8 38 26
4 5 33 28
5 6 35 27
3 5 39 24
3 5 65 32
5 6 66 22
4 4 3 29
1 5 7 26
5 5 5 28
2 7 41 27
1 4 5 29
3 6 23 30
2 6 26 29
3 8 32 28
2 6 31 28
4 5 5 28
6 6 19 26
1 7 19 27
3 5 16 27
2 7 17 25
4 7 25 27
3 5 29 24
3 5 58 31
3 4 6 39
4 6 39 38
5 7 38 40
2 6 37 38
1 5 24 38
6 5 37 40
5 5 58 39
3 4 6 46
1 7 7 45
6 6 9 45
2 6 35 44
3 5 19 42
4 5 34 45
1 5 35 46
3 5 36 39
2 6 58 45
1 5 69 36
5 4 6 67
5 5 11 69
5 5 53 65
6 6 69 67
2 7 68 68
3 6 69 70
5 5 71 63
3 7 79 64
6 6 76 66
5 5 82 69
6 4 6 70
4 7 54 70
1 5 8 68
1 4 6 92
6 5 9 94
6 5 10 71
5 6 36 71
6 7 63 71
5 5 19 72
3 5 51 93
2 5 64 73
5 4 4 94
3 4 5 91
1 4 7 18
5 6 27 17
5 5 31 16
1 5 56 15
3 4 6 17
4 5 4 17
4 6 13 16
6 5 20 13
3 5 39 15
5 6 52 13
2 4 5 16
2 5 42 16
3 6 42 19
6 5 39 19
6 5 45 17
1 5 62 14
1 4 7 32
5 5 9 32
4 7 40 31
4 4 7 44
4 4 8 24
5 5 47 22
5 4 8 55
5 5 46 53
6 5 53 55
4 5 57 51
5 4 8 71
4 5 14 72
2 7 37 69
3 5 12 71
1 6 36 70
6 6 44 73
2 6 49 67
6 5 49 66
5 5 57 66
6 4 10 85
3 5 18 83
1 8 62 82
2 5 17 81
4 5 29 81
2 4 11 7
6 5 24 5
6 4 11 37
3 5 18 38
4 5 26 39
2 5 39 34
3 5 39 31
2 5 46 33
5 5 48 35
1 5 60 34
2 4 11 73
2 5 15 70
6 5 31 71
2 7 56 67
3 4 12 14
3 6 27 13
1 6 28 11
5 7 44 13
6 5 32 13
1 8 41 11
2 5 41 13
6 5 40 13
3 6 43 14
4 6 46 12
1 4 11 12
2 7 21 10
5 5 18 11
1 4 13 52
4 4 13 58
2 4 14 32
2 4 14 98
5 5 68 7
3 4 16 46
1 5 18 45
6 7 57 44
5 5 53 44
4 5 55 42
4 4 17 2
4 5 46 1
2 4 17 21
3 6 49 19
5 5 50 19
3 4 17 20
2 5 50 21
4 4 17 43
2 5 16 42
6 4 19 96
5 6 72 98
5 4 20 18
1 4 20 97
2 6 54 97
2 4 21 40
4 4 19 41
4 4 20 38
1 10 27 36
3 5 20 40
2 4 18 40
2 4 21 75
6 4 22 28
5 4 23 49
4 5 24 47
2 4 23 56
4 4 23 70
4 6 33 68
6 6 32 71
5 5 34 71
5 5 37 68
5 5 48 70
4 5 58 73
5 5 61 67
1 4 23 86
1 4 23 91
5 4 24 40
3 6 33 38
5 8 33 36
3 4 23 39
5 4 24 53
5 4 25 27
3 4 25 30
3 4 26 3
1 4 26 59
3 6 41 59
5 4 27 5
5 4 28 82
3 5 28 81
2 5 38 80
3 4 28 84
2 5 39 86
5 8 39 84
1 5 38 84
5 4 29 30
4 4 29 75
1 4 27 74
1 5 49 51
3 4 30 6
6 5 34 3
3 6 36 3
5 5 54 74
2 4 31 15
5 5 61 16
2 4 31 20
1 4 32 17
3 5 41 18
4 7 41 17
1 6 42 19
6 7 43 19
4 7 45 20
1 10 44 20
2 5 52 22
4 5 52 22
6 4 31 18
3 6 40 16
6 6 48 14
4 5 39 14
5 5 39 14
3 5 41 10
6 5 45 8
1 5 46 9
1 6 48 18
6 5 53 11
5 4 32 53
1 4 32 71
1 4 32 82
2 5 30 82
6 5 49 81
2 5 50 82
5 5 58 83
3 6 61 79
1 5 67 5
6 4 33 40
5 4 37 31
6 5 35 32
2 4 36 33
1 4 36 34
3 4 36 37
4 4 40 82
2 5 58 82
5 4 40 81
1 7 42 78
4 6 45 79
6 4 38 82
5 6 52 79
3 7 51 80
5 4 38 80
3 5 38 80
2 4 40 79
5 4 40 96
2 4 39 94
3 5 39 95
1 6 48 97
2 5 51 79
5 4 37 94
2 4 41 61
4 9 41 59
1 5 40 59
5 4 42 90
1 7 50 91
4 5 45 61
3 5 46 60
3 5 49 62
2 6 50 92
6 4 44 65
4 4 45 7
6 5 63 3
6 4 45 19
3 4 43 18
4 4 45 17
3 4 45 33
6 4 45 51
3 4 44 53
2 4 45 60
4 5 60 57
5 5 71 55
3 4 47 26
6 4 48 22
4 4 48 54
6 6 67 55
6 4 46 56
1 4 46 56
2 4 49 18
3 4 50 25
3 4 51 60
5 4 51 75
2 4 52 39
3 4 52 48
4 4 53 47
4 4 53 79
3 4 56 23
2 4 56 32
4 4 58 57
3 4 59 1
6 5 60 1
6 4 64 44
3 4 65 84
2 4 69 67
3 4 70 69
4 5 71 64
1 6 70 64
4 4 69 64
4 4 71 77
3 3 1 4
5 4 19 3
6 4 19 1
3 4 19 5
3 4 44 6
4 4 60 4
1 5 58 6
2 3 1 6
3 5 20 5
6 4 5 7
1 6 20 4
6 5 58 7
4 4 9 8
4 5 56 9
5 6 59 10
2 4 28 5
3 4 28 5
3 5 42 8
1 4 46 6
3 4 46 7
4 5 46 6
6 5 45 5
5 5 49 6
3 5 48 7
2 4 49 8
5 3 1 30
2 4 5 28
2 4 7 29
6 6 7 31
4 4 5 31
6 6 19 30
5 4 6 30
1 4 25 29
6 5 35 32
4 4 43 35
2 4 42 37
6 4 44 34
4 4 52 38
4 3 1 38
2 4 36 37
2 5 43 35
5 4 46 39
6 5 47 38
5 5 47 38
2 3 2 1
6 4 63 1
5 3 2 32
4 4 17 31
6 5 22 29
4 4 49 33
6 3 2 75
5 4 22 75
4 5 23 75
2 4 24 76
5 4 23 76
6 5 26 75
6 5 31 77
3 4 32 79
5 5 31 78
6 4 30 81
5 5 29 80
1 6 37 80
4 3 3 33
3 4 2 33
5 4 35 33
3 5 34 32
3 4 50 35
1 3 3 40
4 4 36 40
5 4 37 41
1 4 48 43
3 3 3 60
2 3 3 91
1 5 19 91
3 7 20 90
5 7 58 89
6 5 23 88
4 4 47 92
1 4 56 93
5 3 3 98
1 4 11 96
2 4 16 95
3 5 16 95
5 4 26 95
2 5 31 95
3 4 24 96
1 4 28 92
3 5 26 94
5 4 33 99
5 4 41 94
1 4 40 94
2 4 45 94
5 3 4 29
3 4 17 27
3 5 22 27
1 4 31 30
6 4 37 26
6 5 52 24
1 3 4 30
2 4 14 30
1 4 13 30
4 4 20 30
6 3 3 31
2 4 8 30
4 4 9 32
5 4 9 34
4 5 49 36
5 3 4 40
5 4 8 42
2 5 28 40
3 3 3 42
3 4 13 40
6 5 15 38
2 6 14 37
2 5 30 38
4 4 29 38
6 3 4 80
6 4 13 79
4 4 13 80
6 7 36 79
1 5 24 80
3 6 30 79
2 4 24 83
4 4 27 80
1 5 27 81
1 4 29 78
4 4 30 79
5 4 29 80
5 4 34 78
3 4 35 83
5 4 43 84
4 4 67 85
2 5 66 85
2 4 75 87
5 3 4 82
1 4 6 84
5 4 7 85
1 4 12 81
4 4 19 85
1 7 49 84
4 4 59 87
6 3 4 82
6 4 20 82
6 4 23 84
5 4 49 84
5 4 62 85
3 3 4 81
2 4 4 79
3 4 8 79
2 4 7 80
3 5 5 79
4 5 13 79
5 5 19 78
4 4 21 82
2 4 26 79
5 5 26 78
1 3 3 81
6 4 23 81
2 4 31 84
1 4 59 86
3 3 4 92
1 5 24 92
2 4 14 93
4 4 16 95
6 5 19 95
6 4 23 98
2 4 38 92
6 4 38 97
5 3 5 6
4 4 15 4
6 4 28 7
1 6 50 8
4 4 54 9
5 3 5 25
5 4 22 24
2 7 23 24
1 4 22 26
4 5 31 25
6 4 58 24
5 3 5 32
3 3 4 33
4 3 5 42
2 4 11 40
4 4 12 38
6 4 14 42
6 4 21 37
3 4 26 44
6 5 31 44
3 5 32 43
4 4 32 42
4 4 37 44
5 5 38 43
3 5 36 43
4 4 35 42
5 4 40 42
1 3 3 43
6 4 9 42
2 4 15 44
5 6 22 44
3 4 14 43
2 4 13 41
1 5 12 43
1 4 23 38
6 4 27 45
4 4 42 47
4 3 5 51
5 4 12 51
6 5 19 51
1 4 21 51
4 4 39 52
6 4 43 51
6 3 4 51
2 4 7 51
3 3 2 51
2 3 4 52
6 4 31 53
2 4 47 55
6 5 57 54
1 4 55 56
3 4 59 56
4 3 5 84
4 4 32 84
4 6 43 84
1 4 34 83
3 4 37 84
3 4 42 86
4 5 69 87
2 4 68 87
4 3 5 96
1 4 13 94
4 7 25 92
1 4 32 90
6 3 5 98
5 4 10 98
3 4 8 99
3 4 26 96
4 4 24 99
4 4 39 97
1 4 51 99
1 3 6 5
5 4 14 4
4 5 22 4
1 5 38 6
4 4 38 8
6 4 38 9
5 5 39 5
3 5 39 4
4 4 38 6
2 4 37 6
3 5 38 5
1 5 39 4
1 3 6 13
2 5 24 11
2 4 13 14
4 4 13 12
6 4 11 15
5 5 14 13
4 4 16 12
2 4 37 11
3 3 6 26
5 8 34 25
4 4 12 25
1 4 10 25
5 4 45 25
4 3 6 25
6 4 15 24
4 4 22 26
2 5 29 24
1 4 31 25
6 5 30 25
2 4 35 23
3 4 33 24
6 4 34 22
1 5 35 24
1 5 37 22
2 5 37 21
3 3 6 28
5 4 7 29
2 3 6 38
5 4 19 37
3 4 19 36
1 5 18 35
4 4 23 36
5 4 25 32
6 4 24 34
5 4 29 36
3 4 31 38
2 4 31 39
3 3 6 62
1 4 37 61
6 4 44 60
2 4 44 60
1 3 6 61
3 4 10 60
5 5 14 61
4 6 14 58
6 4 20 64
5 4 23 58
2 5 22 59
3 4 22 57
6 5 22 56
2 4 26 63
6 7 52 63
6 4 31 60
3 6 46 55
5 4 37 56
5 4 45 55
2 4 52 63
5 6 61 62
6 3 6 75
3 6 27 75
1 6 33 76
2 3 5 76
4 4 27 78
6 3 5 78
5 3 4 77
1 4 10 77
6 4 10 79
2 4 22 77
1 4 22 79
4 4 27 76
3 5 32 76
2 4 32 76
5 4 34 77
5 4 37 78
4 4 40 76
4 3 3 76
1 4 24 74
2 4 24 74
6 4 25 73
5 6 24 72
6 4 26 76
1 4 39 72
3 4 40 77
1 4 46 71
6 3 3 75
2 4 10 76
5 3 2 75
5 4 28 76
3 4 26 76
3 4 37 73
3 3 6 87
1 4 9 86
1 4 18 86
6 4 15 88
4 5 26 88
6 5 32 87
1 4 31 86
4 4 39 87
5 3 6 90
4 3 6 98
4 4 18 97
4 4 29 98
5 5 26 99
3 5 26 98
3 4 31 98
1 4 37 97
6 3 7 16
5 5 31 17
6 4 40 17
5 4 39 17
3 3 7 18
1 4 21 17
1 4 23 14
2 4 25 19
4 4 28 15
1 4 34 21
4 4 35 23
2 4 33 24
5 4 35 21
6 3 7 20
1 3 7 42
4 4 7 43
3 4 34 43
2 3 7 44
5 3 6 46
5 5 14 46
3 4 32 43
6 4 36 45
1 5 36 45
6 4 39 46
1 3 7 66
4 4 7 67
3 5 32 66
5 4 11 64
2 4 10 64
5 5 20 63
1 5 23 63
3 4 31 62
3 5 35 66
4 7 35 63
1 4 41 67
3 4 46 62
3 3 5 68
1 4 27 69
6 4 27 69
5 4 40 66
5 4 43 67
3 4 46 66
6 6 45 66
2 3 5 67
3 4 37 65
6 4 37 68
3 3 7 70
6 5 13 70
4 4 26 72
4 4 27 68
2 3 7 71
1 3 7 73
5 3 7 73
3 4 20 73
2 5 20 74
2 4 24 72
5 6 22 73
3 4 37 72
6 3 7 74
3 4 7 75
5 4 6 76
6 4 8 76
5 4 9 78
1 3 7 73
4 4 21 72
3 4 22 71
5 4 21 70
6 5 22 73
6 6 38 69
3 4 37 72
5 4 52 68
4 3 8 15
1 5 12 13
5 4 7 15
2 5 12 15
3 4 10 15
6 4 12 16
3 4 23 15
1 4 28 18
2 4 31 18
1 3 8 56
6 4 17 56
4 3 6 56
2 6 50 54
3 4 14 56
1 4 25 58
5 5 48 58
2 3 7 56
3 4 31 55
3 3 8 59
4 4 8 58
5 3 7 59
4 4 18 58
3 4 17 59
1 4 34 58
2 4 36 59
1 3 7 58
3 4 7 57
1 4 13 55
6 5 13 57
2 6 11 57
2 4 21 59
4 4 24 56
1 4 22 56
5 3 6 57
2 3 8 89
5 4 25 87
4 4 27 89
6 4 30 86
3 3 9 21
2 6 18 19
3 4 18 19
4 4 27 18
5 3 8 21
4 4 15 22
5 4 15 19
6 4 20 22
3 4 32 19
1 3 7 21
1 3 8 21
4 3 7 20
5 4 11 18
2 3 7 19
1 4 15 20
6 3 8 22
1 3 9 45
3 3 9 84
1 4 24 86
6 5 22 87
3 4 25 87
5 3 9 95
6 3 9 95
4 4 13 94
6 3 9 97
4 5 8 97
4 4 10 96
5 4 11 95
4 4 21 93
6 4 22 93
5 4 21 93
3 4 22 91
5 4 25 98
2 4 29 99
5 4 36 89
3 4 37 98
1 3 7 97
6 3 7 97
6 3 10 3
6 7 24 1
5 5 23 1
5 6 33 3
4 4 27 5
2 5 28 3
4 3 10 21
6 6 13 20
1 4 10 20
3 4 11 17
4 4 22 15
2 4 27 14
2 3 10 67
6 4 9 68
3 4 15 69
1 4 18 67
2 5 19 68
1 4 33 65
2 3 10 96
6 3 10 95
6 4 25 93
4 3 11 2
3 3 11 23
2 4 12 22
5 4 11 22
4 4 14 24
5 4 20 24
4 3 11 30
2 4 14 31
1 4 14 34
5 3 11 47
2 6 37 47
6 3 11 64
2 4 16 63
4 5 17 64
1 4 15 63
4 5 38 62
1 6 37 63
3 3 11 62
4 4 38 64
3 3 12 2
5 5 14 1
2 4 13 3
5 7 22 2
6 5 12 1
1 4 13 4
6 4 38 1
3 3 12 38
1 4 27 36
6 4 26 36
1 4 29 36
4 3 12 44
6 3 11 44
5 3 12 59
4 3 12 65
1 3 11 65
2 4 26 63
2 4 33 62
6 4 31 62
5 4 32 62
6 3 12 93
5 3 12 94
1 4 23 92
3 3 12 93
4 3 13 2
2 4 18 1
4 4 46 1
6 3 13 2
1 4 13 1
1 3 13 7
1 4 27 8
4 3 13 34
4 4 24 33
1 3 13 59
6 3 13 60
5 4 17 57
6 4 16 58
3 4 25 55
6 4 26 59
5 4 34 62
1 3 14 24
5 4 29 22
4 4 29 24
3 4 27 25
2 4 29 23
6 3 14 33
3 4 18 34
5 4 19 32
2 4 28 36
4 3 14 33
1 4 21 31
6 4 26 31
4 3 14 43
1 4 19 41
6 4 17 41
2 4 18 40
3 4 18 41
4 4 29 39
3 4 29 37
5 4 28 37
6 4 28 35
1 3 12 44
5 3 14 53
3 3 14 60
3 3 14 64
6 6 20 62
4 5 19 63
3 4 30 67
4 4 34 67
2 4 34 67
6 4 44 68
3 3 15 2
3 3 15 12
6 4 15 10
6 4 22 11
5 5 26 12
1 5 25 14
1 4 35 7
2 3 14 11
4 3 14 11
5 3 15 13
1 4 22 10
4 3 15 27
6 3 14 27
3 5 14 26
1 3 15 28
6 3 15 67
1 4 35 65
4 3 14 68
1 3 13 69
3 4 14 68
4 4 19 67
1 4 23 68
6 3 15 98
2 3 15 97
1 4 14 97
6 4 14 98
5 4 16 98
2 4 20 97
6 4 18 98
4 3 13 99
5 3 16 8
1 3 16 14
4 3 16 38
6 4 16 37
3 4 18 37
4 3 16 36
6 4 17 37
4 4 17 39
2 6 18 35
5 8 17 38
1 5 17 37
1 4 25 43
2 5 24 43
6 4 24 44
4 3 17 54
3 4 42 54
3 3 17 62
6 4 21 60
5 3 17 64
4 3 18 1
1 4 24 2
2 3 17 2
5 3 18 46
1 4 21 47
6 3 18 47
3 3 18 98
2 3 19 33
4 3 19 51
4 3 19 83
5 4 17 84
3 5 19 82
2 3 20 15
4 3 20 93
4 3 20 97
6 3 21 30
3 3 22 23
1 4 25 24
1 3 22 51
4 3 23 9
4 4 24 8
5 4 23 7
2 3 23 7
6 4 26 6
4 6 31 7
5 4 26 9
6 4 31 8
4 3 23 26
1 3 23 32
1 3 23 44
6 3 23 56
3 4 33 54
6 3 24 5
3 3 24 17
5 3 23 17
1 5 24 16
3 3 22 16
6 3 24 51
1 3 24 77
3 3 24 78
2 3 24 88
3 3 25 11
2 3 25 26
2 3 26 10
6 3 27 19
2 3 27 65
4 3 28 22
6 3 28 83
5 3 29 45
2 3 29 70
3 3 28 70
1 3 30 72
1 3 30 90
3 4 29 89
3 3 30 88
1 4 44 87
2 3 32 9
1 3 32 77
4 3 31 79
6 3 32 86
1 3 33 1
5 4 35 1
4 3 33 48
3 3 33 51
1 3 33 68
6 3 35 47
1 3 35 47
3 4 39 47
4 3 35 84
1 3 36 11
3 3 36 11
2 3 36 66
4 3 36 67
6 3 37 9
3 3 35 9
5 3 35 9
5 3 38 47
6 3 38 87
2 4 44 89
6 4 48 89
2 3 41 51
3 3 43 51
6 3 43 90
1 4 42 90
5 3 50 51
5 3 66 49
3 3 64 49
3 2 1 7
4 3 5 7
3 3 6 5
2 4 12 5
2 4 26 7
4 3 8 4
4 4 13 5
3 4 12 3
3 4 18 3
6 3 9 6
6 3 11 6
4 3 9 7
3 4 12 7
4 4 14 6
5 3 11 4
6 3 11 3
4 3 11 4
2 3 10 5
1 4 11 5
5 6 9 5
1 3 14 9
6 3 14 8
5 3 18 2
6 3 17 3
3 3 20 10
2 4 19 11
3 3 21 12
4 4 30 10
6 3 22 11
1 2 1 10
1 3 3 9
2 4 3 8
6 3 6 10
2 4 6 8
4 3 5 11
6 3 8 9
2 3 11 7
3 4 11 8
5 3 9 10
6 3 12 9
1 3 29 12
5 2 1 9
1 3 8 9
5 2 1 11
2 4 11 10
5 3 6 10
5 3 8 10
5 2 1 22
4 3 16 21
2 5 17 20
5 3 16 19
3 4 18 17
6 3 16 23
1 3 23 18
2 3 23 19
6 3 23 23
3 2 1 24
6 3 6 25
1 4 17 23
2 3 6 26
2 4 7 24
5 3 7 26
6 4 16 25
6 3 7 27
1 4 7 27
2 2 1 23
4 3 7 23
3 3 12 21
6 2 1 30
5 4 13 30
5 3 8 29
1 4 9 30
2 3 10 31
1 2 1 36
6 3 6 37
5 3 12 35
6 3 18 33
3 3 21 34
2 3 21 35
2 2 1 40
5 4 12 39
4 3 6 40
3 5 5 41
5 5 5 42
2 5 10 42
3 4 10 43
6 3 4 41
1 4 9 39
2 3 3 41
6 4 8 40
5 3 6 39
1 5 5 39
4 4 5 38
2 3 3 39
5 3 5 37
2 3 5 36
4 3 11 43
6 3 12 44
2 3 13 44
4 3 21 45
3 4 23 45
2 3 22 46
1 3 22 46
6 3 29 47
5 3 31 35
4 2 1 41
6 3 2 40
3 5 11 40
1 4 10 40
2 4 8 41
4 3 6 42
5 2 1 42
3 3 4 40
5 3 8 43
2 2 1 43
1 3 9 42
1 2 1 47
1 3 9 47
6 3 10 47
4 3 9 47
3 3 8 49
3 3 11 46
5 3 19 45
5 2 1 46
2 2 1 46
3 3 5 46
2 3 6 48
1 2 2 3
2 3 6 3
3 3 7 4
6 3 16 1
5 2 2 11
3 6 5 10
6 3 4 10
2 2 2 11
4 3 2 10
6 2 2 26
2 3 9 24
6 3 10 27
2 3 9 28
2 2 2 26
3 2 2 26
6 4 5 26
5 2 1 27
3 3 4 26
1 3 3 27
2 3 5 27
4 4 5 28
3 3 4 29
4 3 6 30
5 3 10 30
1 2 2 37
4 3 8 37
3 2 2 38
2 3 9 39
3 2 2 41
1 2 1 41
1 2 2 49
6 3 3 48
5 3 4 48
2 3 5 47
5 3 5 48
2 3 8 47
5 2 1 49
2 3 22 48
4 5 20 48
4 3 26 48
5 5 25 47
2 3 25 48
3 3 31 48
2 2 2 55
6 3 3 54
6 4 18 52
5 3 12 55
4 4 17 55
3 5 19 54
2 4 24 53
6 3 13 53
4 4 22 53
1 4 23 53
3 3 15 56
5 4 14 57
1 9 24 53
6 5 24 53
4 4 26 54
2 4 23 55
2 3 14 56
6 5 15 55
2 3 14 59
4 3 13 59
3 3 12 60
3 3 13 58
5 4 14 59
2 3 13 62
2 4 16 62
4 4 15 61
4 3 14 57
5 3 13 57
6 3 14 60
1 5 14 60
2 4 15 59
1 4 16 63
4 3 13 61
5 4 13 61
3 4 14 59
1 4 21 62
4 3 17 55
5 3 19 55
2 3 19 62
5 4 22 63
3 5 19 63
5 3 21 54
5 4 22 52
2 3 21 65
2 4 28 65
6 3 20 66
4 4 21 63
5 4 19 66
6 4 24 66
1 3 20 64
3 4 23 64
6 3 20 63
3 3 20 63
4 3 22 62
6 3 22 63
6 3 30 66
3 2 2 54
1 4 13 54
3 3 6 52
2 3 12 54
2 3 13 56
3 4 13 56
1 3 15 53
1 2 2 58
4 3 3 56
2 2 2 62
4 3 11 62
4 2 2 64
4 3 17 64
5 3 33 66
6 2 2 63
3 3 6 64
3 3 13 62
3 2 2 67
6 3 16 66
5 4 15 66
1 3 13 67
4 3 12 67
4 3 16 66
3 2 2 72
4 4 27 73
3 4 27 71
6 3 4 70
1 4 18 71
6 3 5 72
3 3 16 71
6 5 15 71
2 3 16 70
4 3 15 70
2 3 26 75
1 2 2 74
4 3 6 75
4 3 7 72
3 3 6 74
2 4 13 71
3 3 8 75
3 3 12 73
5 3 10 73
1 3 16 75
2 3 15 74
6 4 17 72
5 3 22 74
5 2 2 78
6 4 20 79
1 4 18 80
6 3 15 79
3 2 2 78
1 3 5 76
2 4 3 77
4 3 4 78
3 3 4 79
2 3 9 79
1 4 8 80
5 3 7 80
2 3 6 80
2 3 7 80
4 3 6 79
2 3 17 77
4 2 2 77
5 3 9 75
1 3 22 74
2 2 2 76
1 2 2 78
6 2 2 78
1 3 6 76
6 3 10 75
1 2 2 88
2 3 5 89
2 4 11 90
6 3 5 90
6 3 11 90
5 4 11 89
3 4 18 90
6 4 32 88
4 3 13 86
2 4 18 87
1 4 17 89
2 5 24 88
6 4 17 87
5 4 21 89
6 5 20 89
4 4 23 91
3 4 31 88
3 3 17 86
3 3 20 88
3 3 21 92
2 4 20 92
5 3 20 93
1 5 18 93
3 4 17 93
1 3 16 93
4 4 21 91
5 5 21 92
6 3 19 92
3 4 23 90
1 3 21 90
2 4 20 90
1 3 23 89
5 3 23 89
5 4 25 88
4 3 21 89
2 4 22 89
1 3 19 89
3 3 23 88
1 4 24 89
6 3 27 88
2 3 34 86
4 2 2 89
6 3 2 90
5 4 13 88
4 4 13 88
5 3 2 91
1 3 2 92
2 3 2 93
4 3 9 91
6 4 17 89
3 3 12 88
4 3 16 88
4 3 18 89
4 3 18 94
4 2 2 91
6 3 7 90
1 3 12 89
6 3 11 89
2 4 12 87
6 3 23 85
1 3 22 87
2 3 27 84
5 4 35 84
4 3 39 85
6 3 38 85
4 2 2 93
5 3 14 94
1 2 2 99
5 4 20 98
5 3 13 98
4 5 12 99
2 3 14 100
3 2 3 2
5 3 7 1
6 2 3 2
6 3 4 2
2 3 5 1
4 3 4 1
3 2 3 2
4 3 2 2
1 4 8 1
1 2 3 3
4 2 3 2
2 3 7 1
2 3 12 1
3 4 12 1
4 5 12 1
1 3 10 1
6 2 3 14
1 3 3 13
4 4 9 13
2 3 6 14
6 3 5 15
5 3 8 15
1 3 7 16
4 4 17 16
3 3 7 15
3 3 9 15
2 4 9 16
4 3 10 13
6 4 9 14
5 3 15 16
2 2 3 26
6 3 3 25
5 2 3 32
2 3 13 31
4 4 13 30
6 3 12 30
4 2 2 32
1 3 8 30
6 3 10 32
3 2 3 49
4 2 2 49
2 3 13 48
1 3 24 48
3 3 23 47
5 3 22 47
3 2 1 49
5 3 9 48
1 3 9 47
6 3 17 46
5 2 3 53
6 4 2 53
2 3 2 52
4 3 5 51
4 3 14 54
2 3 15 52
5 4 14 51
5 3 23 51
4 2 3 53
5 3 5 53
6 3 6 55
2 3 4 55
6 4 10 54
1 4 11 56
3 3 9 54
3 2 3 55
5 4 2 55
4 4 4 55
3 3 3 56
6 3 4 57
1 2 2 54
5 2 2 55
5 2 3 59
1 3 10 60
2 2 3 62
2 3 10 61
2 3 14 62
1 2 3 61
1 2 3 66
3 2 3 67
5 3 3 67
3 4 15 67
4 4 27 68
3 3 3 67
2 4 9 67
2 3 3 68
2 3 6 66
3 3 6 66
6 3 5 65
6 3 20 68
5 2 3 71
3 3 7 70
4 2 3 71
3 4 3 70
5 3 12 70
1 2 2 72
5 4 8 71
4 3 7 72
5 4 13 70
6 4 15 72
2 3 12 71
4 5 13 72
3 4 12 71
2 2 2 72
1 5 8 71
6 3 7 71
4 4 6 71
4 3 8 74
1 4 8 74
2 2 3 70
5 2 3 71
5 2 3 73
3 3 2 74
4 3 2 73
1 2 2 75
2 2 3 77
4 2 3 76
3 3 2 77
5 3 3 75
1 3 10 77
6 3 9 77
6 2 2 76
4 3 3 76
4 2 3 79
1 3 4 80
3 3 14 78
5 2 3 79
6 2 3 78
4 3 10 77
4 2 3 83
2 2 2 84
2 3 14 83
1 4 15 82
5 4 14 82
6 4 15 84
5 4 16 86
4 3 14 85
6 4 20 84
5 4 19 86
6 3 21 86
2 3 20 87
1 3 27 86
5 2 3 90
4 3 4 91
3 3 6 90
6 3 6 89
1 3 4 89
3 4 10 88
2 3 6 93
2 4 14 93
5 3 9 87
5 3 12 86
4 3 17 85
3 3 23 86
4 2 3 89
3 2 2 89
1 2 2 89
3 2 3 97
2 4 3 96
1 3 5 95
2 4 4 97
3 3 13 93
5 2 2 98
1 3 4 98
3 3 2 99
1 4 11 97
4 2 2 98
4 3 8 98
3 2 3 96
3 4 5 94
5 3 6 93
4 3 5 94
1 4 4 93
6 4 8 92
3 4 9 94
2 3 5 93
5 2 2 96
6 2 3 97
3 2 2 98
5 3 4 98
1 2 3 99
2 3 3 99
4 2 4 2
5 3 5 2
2 2 4 3
5 2 4 18
6 4 7 17
4 3 4 17
4 3 7 16
1 3 9 18
5 3 21 19
4 3 20 19
6 5 19 19
1 2 3 18
3 2 3 17
2 3 3 16
1 3 3 16
3 3 2 16
5 2 2 16
6 2 2 17
2 3 6 15
1 3 5 15
5 4 7 13
3 2 1 18
4 3 2 16
3 2 3 16
6 3 3 16
5 3 3 15
6 2 2 16
4 3 3 17
2 2 1 17
3 3 2 16
2 2 2 15
1 2 4 14
5 2 4 13
5 2 4 28
1 2 4 31
5 3 5 31
3 3 4 31
6 3 5 32
2 3 6 30
6 2 3 31
2 2 4 32
3 2 4 36
6 3 20 35
2 2 3 36
5 3 2 36
5 3 34 35
3 2 1 36
1 3 17 34
3 3 23 35
5 2 1 36
3 3 10 35
5 3 12 35
3 3 11 34
4 3 11 33
6 2 1 35
5 3 17 34
4 3 16 34
4 2 1 36
4 3 10 34
3 2 3 37
6 4 2 38
1 3 2 38
2 2 1 38
5 2 2 37
1 2 3 37
4 2 3 37
6 3 4 35
5 4 4 34
2 3 7 35
3 2 2 38
5 2 4 44
6 2 3 45
2 3 7 43
4 3 10 44
5 2 4 45
4 2 4 81
6 2 4 95
5 3 7 94
4 2 5 5
2 3 5 5
3 2 5 17
5 2 5 24
6 3 4 24
6 2 5 34
1 2 5 35
3 2 5 36
4 3 5 35
6 2 5 39
4 2 5 56
1 2 5 66
4 3 7 64
2 3 10 66
4 3 9 65
1 3 9 66
5 2 5 78
6 2 5 85
4 3 4 86
4 2 5 93
1 2 6 3
1 2 6 25
4 3 13 23
2 2 6 27
4 2 6 30
1 2 6 36
5 2 6 60
6 2 6 64
3 2 6 80
6 2 6 82
5 2 6 89
3 2 6 98
6 3 5 98
1 2 5 98
2 2 4 99
3 3 4 98
4 2 2 99
2 2 7 7
3 2 7 6
4 3 10 7
1 3 10 8
5 3 9 8
1 2 7 6
2 2 7 27
6 2 7 42
4 2 7 46
6 2 7 57
4 3 13 57
5 2 7 63
1 4 13 62
2 2 7 67
5 3 7 66
3 3 7 65
5 3 6 65
4 3 6 66
6 2 6 67
1 4 6 66
5 2 5 68
5 2 7 71
1 3 6 71
5 2 7 76
1 2 7 83
4 2 7 84
2 3 14 83
3 3 16 84
2 3 22 83
1 2 8 6
3 2 8 9
6 2 8 8
5 2 8 23
5 3 11 22
4 2 8 27
5 2 8 51
1 2 8 50
6 2 8 64
2 2 7 64
3 2 7 65
5 2 8 76
1 2 8 80
3 2 7 80
5 3 6 80
2 2 7 81
4 2 6 82
4 2 8 84
5 3 13 84
6 2 8 85
1 3 13 85
6 3 12 86
2 2 7 85
3 2 6 85
5 2 7 84
2 3 11 84
3 2 9 20
2 3 8 21
4 3 9 21
6 4 9 19
2 2 9 44
5 2 9 45
6 2 8 46
2 2 8 46
1 3 11 46
2 2 9 59
1 2 9 68
1 2 9 83
5 3 10 81
4 3 15 82
2 4 15 81
5 3 13 84
2 2 9 82
6 2 9 82
3 3 11 82
3 2 9 84
6 2 10 19
5 2 10 19
2 2 10 23
1 2 10 32
5 2 10 33
2 2 10 46
6 2 10 52
1 2 10 51
4 2 9 51
4 2 10 51
3 3 10 50
2 2 9 50
6 2 8 50
5 2 10 57
6 2 9 57
2 3 11 57
1 3 9 58
1 2 10 60
5 2 9 60
1 3 8 60
2 2 10 77
5 2 10 82
6 2 11 12
3 2 11 12
1 2 11 24
2 2 10 25
5 2 11 24
6 2 11 34
2 2 10 35
6 2 9 35
4 2 11 44
3 2 10 44
3 2 11 58
6 2 11 77
4 2 11 81
5 2 11 86
2 2 12 13
4 3 12 12
1 2 11 12
1 2 11 14
4 2 12 22
3 2 12 23
2 2 12 24
5 2 13 35
3 2 13 34
2 2 12 34
3 2 13 47
6 2 13 68
4 2 13 91
6 2 14 12
5 2 14 19
1 2 14 50
2 2 14 99
2 2 15 73
2 2 15 99
6 2 14 99
1 2 16 44
4 2 16 61
5 2 16 68
3 2 16 73
6 2 16 99
3 2 17 50
4 3 17 50
4 2 18 1
6 2 19 99
3 2 20 12
4 2 19 12
2 2 20 74
1 2 20 99
2 2 19 99
5 3 18 99
5 2 22 1
1 2 22 50
4 2 22 69
3 2 22 69
1 2 24 1
5 2 28 50
3 2 28 50
4 2 27 50
1 2 26 50
5 2 33 1
