28709
2202
2 14 25 33
8 12 15 26
4 12 23 12
7 12 49 9
2 14 57 39
7 10 1 26
5 10 3 43
7 10 5 34
4 14 65 33
5 10 13 8
2 10 13 37
8 10 25 19
3 10 31 17
3 10 37 47
4 10 45 5
7 14 53 4
7 10 45 24
2 10 57 28
7 10 79 40
2 8 1 17
6 12 37 15
1 8 1 15
4 10 73 14
6 8 5 3
1 8 5 34
4 8 5 33
3 8 13 45
4 10 47 47
1 10 77 45
7 8 15 22
6 8 17 30
4 8 17 39
2 8 25 23
7 8 25 26
6 8 25 32
1 8 31 29
4 10 37 27
7 8 33 1
5 8 35 9
6 8 37 7
3 10 53 21
8 8 53 40
2 14 71 38
6 8 59 29
2 8 61 33
2 8 61 39
1 8 63 6
5 8 65 28
6 8 65 47
4 8 63 48
5 8 65 47
6 8 67 26
7 8 73 15
5 8 73 14
3 8 73 13
5 8 77 5
2 10 79 15
6 8 79 45
2 7 13 50
7 8 9 49
2 8 47 50
6 7 21 64
4 7 22 65
6 7 34 84
1 7 47 50
8 7 60 67
8 7 65 56
2 11 65 54
2 7 78 53
5 6 1 3
7 8 35 1
6 8 35 2
5 12 33 1
5 6 1 32
2 6 1 47
2 12 67 45
4 8 11 46
6 8 13 46
7 6 2 84
7 6 3 13
2 8 25 14
5 8 23 13
6 6 3 24
5 8 5 24
3 8 29 23
3 6 3 32
2 10 39 31
6 8 53 33
8 6 3 41
5 8 41 41
4 8 43 39
7 8 55 25
4 8 51 24
4 10 69 41
6 6 3 42
1 6 3 40
3 8 1 41
4 6 7 2
6 10 7 1
6 10 43 3
7 6 7 14
7 10 15 13
7 8 47 38
7 6 7 27
1 8 5 29
4 8 9 27
4 8 19 28
4 8 27 30
7 8 29 25
8 8 51 23
4 6 7 33
6 8 49 34
8 6 9 35
8 12 45 34
7 8 27 33
7 6 7 36
6 6 7 37
1 6 11 36
5 6 13 30
1 6 13 45
2 8 25 45
3 8 61 47
7 8 67 43
8 6 13 43
2 6 11 45
5 8 13 44
1 8 47 45
6 8 75 12
3 6 17 4
2 8 17 5
5 6 17 47
5 8 63 48
2 6 15 48
4 6 19 4
7 6 19 10
8 6 17 10
2 8 29 9
3 6 19 32
6 6 20 94
4 8 75 42
1 6 25 4
8 10 29 4
5 8 27 4
5 8 41 3
2 8 47 5
4 6 25 3
3 6 21 3
5 8 35 1
8 6 25 4
8 6 25 9
8 6 25 26
6 8 37 23
1 6 25 33
7 8 37 32
5 8 35 33
4 10 35 32
2 8 47 33
5 8 47 32
8 6 21 34
5 6 25 48
7 6 27 18
1 10 63 19
4 8 37 19
4 8 53 17
3 8 59 19
3 6 27 49
3 6 29 2
2 6 29 9
3 6 29 68
1 6 31 8
4 8 39 8
1 6 31 19
2 8 35 19
1 8 49 21
3 6 31 24
6 8 47 22
5 6 31 24
8 6 33 8
8 6 33 13
2 10 59 11
4 6 33 17
5 6 33 29
7 6 31 29
6 6 33 41
8 8 41 42
6 6 33 46
8 6 39 31
2 6 39 43
5 6 41 14
4 6 37 15
7 6 41 17
4 6 43 2
1 6 45 6
6 8 57 6
8 6 45 10
4 6 45 42
1 6 45 48
4 6 47 28
7 6 47 37
8 6 49 22
4 6 49 25
5 6 49 44
2 6 49 44
4 6 51 32
3 6 55 7
4 6 55 12
6 8 57 10
3 6 53 11
7 6 57 23
8 6 59 19
4 6 61 22
8 6 63 12
1 6 61 11
4 6 61 13
7 6 65 31
2 6 69 30
6 6 71 94
7 6 75 36
4 7 77 95
6 5 2 76
5 5 5 50
6 6 23 49
6 6 47 74
6 5 8 95
3 5 16 86
6 6 35 86
4 6 53 48
8 7 61 86
4 5 19 96
7 5 21 50
4 6 21 49
4 6 33 50
2 6 40 96
1 5 23 80
7 6 51 48
3 5 23 80
3 6 53 79
4 5 27 54
7 5 28 61
8 6 34 62
4 5 28 68
6 7 62 67
7 6 59 67
5 5 29 81
7 5 33 50
4 5 35 95
8 5 40 84
7 5 41 52
1 5 41 57
7 5 49 72
8 6 51 79
7 5 56 85
2 5 60 90
8 5 63 58
4 5 76 87
4 5 79 57
6 4 1 5
8 6 33 4
3 6 33 3
1 6 37 1
6 4 1 11
3 6 15 11
7 6 21 12
5 6 35 10
5 6 53 14
8 8 55 10
2 6 61 11
6 4 1 15
3 6 15 14
5 4 1 24
2 8 3 22
4 8 41 23
7 6 67 22
5 6 63 22
4 4 1 26
2 8 13 26
7 6 13 29
6 6 15 29
3 6 23 26
3 6 27 28
3 6 29 30
3 6 37 25
6 6 47 30
2 6 43 30
2 4 1 35
6 10 41 34
2 6 27 34
3 6 29 35
7 8 27 35
4 8 53 36
2 4 1 38
8 6 15 38
2 6 17 40
3 6 15 40
3 6 39 40
8 6 53 42
6 6 53 42
7 4 1 39
8 6 27 38
3 6 41 38
2 4 1 40
6 6 37 41
5 6 39 42
1 6 47 42
3 6 45 42
7 6 45 42
6 6 45 40
7 4 1 42
3 6 1 41
5 6 3 41
7 6 33 43
2 6 33 45
6 8 33 44
6 10 43 43
3 4 1 46
5 4 1 46
4 6 33 46
1 4 1 47
4 6 1 48
2 6 31 47
8 9 41 47
7 5 3 49
4 7 35 48
4 5 3 49
6 5 7 50
5 7 27 50
5 5 31 50
3 4 1 46
8 4 1 45
7 6 23 46
6 6 23 44
8 6 23 45
4 6 23 45
2 4 1 48
1 6 19 47
2 4 1 75
5 5 75 75
7 4 2 52
4 5 16 51
1 5 73 54
2 4 3 2
4 10 27 1
7 6 15 1
2 6 31 2
6 6 35 1
1 8 39 2
8 4 1 2
7 8 19 1
7 4 3 9
1 8 5 8
1 6 9 9
4 6 17 8
2 6 45 8
6 4 3 24
5 6 41 23
1 4 3 25
8 6 1 26
5 6 5 25
5 6 25 23
4 4 3 25
7 4 1 25
3 4 3 24
5 6 7 22
1 6 9 23
4 8 19 21
8 12 55 19
8 6 11 20
6 6 11 21
6 6 29 20
8 6 29 25
1 8 29 26
2 8 25 27
5 8 33 18
4 6 37 21
1 6 37 26
5 6 33 27
8 6 33 26
3 6 45 21
7 6 47 20
1 6 57 20
3 4 3 27
7 6 1 27
1 6 21 26
6 6 23 24
5 6 21 26
3 6 31 22
3 8 41 28
4 4 3 27
6 4 3 28
4 6 13 26
8 4 1 28
2 6 33 28
1 6 31 28
6 4 3 37
5 4 3 37
4 4 3 36
7 6 1 37
7 6 35 35
5 6 33 35
8 6 39 36
6 6 39 38
1 4 3 40
2 6 19 39
1 6 19 40
3 6 19 41
1 6 27 41
7 4 3 43
8 4 3 63
5 5 20 63
4 4 5 4
3 4 5 3
6 6 15 4
7 6 27 2
5 4 5 3
8 6 25 2
1 4 5 4
7 6 11 4
3 6 7 5
6 6 19 3
2 6 21 5
3 6 39 6
3 4 5 21
2 4 5 25
7 6 13 26
1 4 5 36
8 6 7 35
7 6 13 37
4 6 15 38
3 6 47 37
3 4 3 36
1 6 33 36
5 4 5 39
1 4 5 42
2 8 5 43
1 6 9 43
4 4 3 43
4 8 9 42
2 8 19 42
8 4 3 43
7 6 7 41
6 8 13 40
8 6 13 41
2 4 1 43
4 4 3 45
3 4 5 45
7 4 6 91
6 5 46 90
3 4 7 2
8 4 7 7
4 6 37 6
1 6 37 7
6 4 7 7
7 4 7 9
8 4 7 10
6 8 31 11
7 6 37 11
1 6 41 12
3 6 49 12
1 8 49 12
5 6 49 11
3 4 7 14
2 6 17 15
4 6 15 15
1 6 23 16
1 6 29 13
5 6 39 11
3 6 57 16
2 4 7 20
7 6 11 21
5 6 11 20
4 6 19 20
1 8 21 21
2 6 29 22
6 6 35 19
2 4 7 23
4 4 7 24
8 4 7 28
2 4 7 28
2 4 7 39
6 4 7 40
7 4 7 43
4 4 7 49
2 6 9 48
4 6 15 47
7 5 7 50
4 5 9 51
1 6 13 50
4 5 17 52
1 7 26 52
6 5 22 51
3 4 7 83
7 6 51 82
6 4 9 5
7 4 9 5
2 4 9 16
7 6 59 16
1 4 9 20
7 4 9 30
2 4 7 30
4 6 21 30
7 6 21 30
3 6 23 30
1 6 19 31
6 4 7 31
2 6 7 31
5 8 5 31
7 6 25 32
3 6 33 32
8 4 7 30
8 4 9 30
5 6 23 29
8 6 25 28
5 4 9 34
4 4 9 40
5 6 11 41
7 4 7 41
7 4 9 46
1 4 9 45
6 4 9 49
3 4 9 48
5 4 9 75
1 5 9 76
4 6 24 74
4 5 32 75
7 5 42 78
5 5 50 74
6 5 74 78
7 4 11 7
5 6 15 7
4 6 15 6
2 8 31 7
3 4 11 8
3 8 13 6
5 6 43 8
6 4 11 16
7 6 21 15
3 6 39 16
4 8 47 17
3 4 9 16
6 6 39 16
5 6 43 16
1 6 41 16
7 6 39 16
4 4 9 16
2 6 13 15
3 4 11 16
1 4 11 15
8 4 9 15
5 4 9 14
7 6 11 13
4 8 27 11
4 4 9 13
8 6 9 13
8 4 11 14
5 8 11 13
2 4 9 15
5 4 11 23
8 4 11 25
7 6 13 25
1 4 11 29
8 4 11 48
1 7 21 48
6 4 13 1
2 4 13 9
4 6 19 9
5 8 27 11
6 4 13 8
7 4 11 9
6 6 23 7
6 4 11 9
4 4 13 8
3 6 19 6
7 6 17 6
8 6 27 8
7 4 11 9
5 6 15 8
3 4 13 9
1 6 25 10
4 4 13 32
5 6 15 32
6 6 21 32
8 4 11 32
3 4 13 41
5 4 13 44
6 4 13 47
3 4 13 47
8 6 13 47
1 4 14 78
3 5 26 77
3 5 43 76
1 5 47 73
4 4 15 1
2 4 15 3
8 4 15 4
4 6 17 2
3 4 15 6
5 4 15 5
1 4 13 6
7 4 15 8
6 4 13 9
8 4 15 7
7 4 13 7
7 4 15 18
1 6 21 18
8 6 29 18
6 4 15 33
8 4 13 34
3 4 15 32
4 4 15 33
6 4 15 49
3 4 15 50
2 6 27 50
1 4 17 29
3 4 17 39
5 6 39 38
1 6 39 37
3 4 18 78
8 4 18 97
8 6 60 97
8 6 68 95
2 5 86 87
3 6 87 98
5 4 16 99
6 4 19 12
2 4 19 17
3 6 19 17
2 8 31 17
7 4 19 18
2 4 19 20
7 8 17 21
8 4 17 20
7 4 19 25
2 4 19 28
3 4 19 89
2 4 21 16
6 4 21 23
2 4 23 4
1 4 23 20
5 4 23 22
4 4 23 30
1 4 23 35
3 4 21 36
1 4 23 49
1 4 24 95
1 4 25 1
4 4 25 4
1 4 25 12
4 6 25 11
8 10 25 10
7 4 23 11
6 4 21 12
4 6 23 11
8 4 23 11
2 4 25 19
3 4 25 20
2 4 25 21
8 4 25 23
1 4 25 31
2 4 25 38
4 4 25 37
1 6 25 37
6 4 25 62
3 5 63 63
4 4 26 71
3 5 42 72
8 5 42 71
6 6 58 71
8 5 57 68
2 4 27 1
1 4 27 52
6 4 28 77
4 5 60 77
4 4 29 17
6 4 27 18
8 4 29 44
1 4 29 82
7 5 61 81
8 5 66 83
7 4 31 7
7 4 31 14
8 4 31 20
7 4 32 79
8 4 33 39
2 4 33 66
3 5 34 65
8 4 33 68
7 4 34 58
6 5 67 90
3 4 34 93
4 4 35 17
8 4 35 18
5 4 39 58
6 4 40 62
8 4 40 99
7 4 42 83
4 5 40 82
6 4 42 90
6 4 43 62
4 4 44 67
2 4 45 96
2 4 46 54
6 4 49 97
3 4 51 85
4 5 53 66
6 5 71 63
8 4 56 91
5 4 57 78
5 4 57 91
1 4 57 99
6 4 58 65
3 4 60 80
4 5 60 81
8 7 75 81
7 4 62 87
5 4 64 72
5 5 77 72
5 4 71 93
1 4 72 54
6 4 73 53
8 4 74 72
7 4 76 55
3 4 80 54
8 5 81 85
6 4 82 71
8 4 82 92
3 3 1 50
3 3 1 59
8 4 6 57
7 4 50 59
5 3 1 61
8 4 18 61
7 5 37 60
4 6 59 62
8 4 82 65
8 3 1 69
8 4 22 70
2 5 24 72
3 4 34 70
7 5 39 71
2 5 40 73
5 4 44 70
2 4 45 71
5 4 49 73
4 4 73 71
6 4 71 71
5 3 1 69
1 4 6 68
7 4 15 68
2 4 13 68
8 4 22 66
3 4 65 67
1 3 1 91
2 4 8 91
4 4 7 91
7 4 31 91
5 4 55 89
4 4 65 87
3 4 70 88
6 3 1 91
8 5 37 90
3 4 53 93
7 3 2 63
8 4 19 64
2 4 20 65
6 4 28 66
6 4 31 63
5 4 33 64
3 4 37 63
4 4 56 65
3 3 2 69
6 4 5 70
1 4 10 68
5 3 3 53
4 4 47 52
7 4 59 51
2 3 3 68
7 4 66 69
5 3 3 75
4 4 11 73
8 6 11 72
1 5 28 75
1 6 63 70
4 4 25 74
6 4 37 76
1 5 49 75
7 3 3 90
4 4 4 88
2 5 33 85
1 6 38 89
6 6 44 90
8 4 8 87
6 4 15 86
3 4 29 86
1 4 31 89
5 4 50 86
7 4 50 93
2 4 50 93
8 5 51 93
1 4 51 93
7 4 57 86
3 4 70 86
7 3 4 57
6 3 4 74
5 3 4 79
2 8 4 78
1 4 18 76
5 4 19 80
2 5 24 77
3 6 74 81
8 4 26 79
8 4 72 75
7 4 71 77
5 4 75 80
1 3 4 91
6 7 8 89
7 7 63 90
7 5 46 91
8 4 51 93
5 4 67 89
2 5 65 89
4 3 4 93
4 4 50 90
3 4 54 92
2 3 5 50
8 5 5 49
5 4 5 48
3 4 5 50
5 4 7 48
5 4 59 51
3 3 5 58
4 4 6 56
7 4 6 54
6 5 33 52
6 4 40 59
3 4 48 56
7 4 61 59
8 3 5 56
6 4 41 56
4 4 70 53
3 3 6 58
1 3 6 83
4 5 7 82
6 4 55 84
4 3 6 98
1 6 15 97
1 4 9 98
8 4 37 97
3 5 40 97
5 5 48 96
4 5 49 98
3 5 57 95
2 3 7 79
1 4 34 78
2 4 32 77
1 3 6 79
2 4 19 77
4 4 21 78
3 6 21 77
3 4 33 77
8 3 7 78
6 4 23 79
6 4 26 81
4 5 37 78
2 4 34 81
4 3 7 78
3 4 24 76
5 4 34 74
4 4 49 76
1 4 59 75
2 3 6 78
8 4 36 78
7 4 49 80
6 3 7 98
7 5 16 97
5 4 18 96
4 4 20 99
5 5 30 95
2 3 8 54
2 6 27 53
5 6 37 52
1 4 8 53
5 4 41 56
8 5 63 51
4 3 7 54
1 4 28 54
7 5 59 53
4 3 8 72
6 4 62 71
2 4 64 69
1 3 8 90
3 5 21 89
2 4 44 88
7 4 49 90
5 3 9 64
1 4 10 65
8 4 42 64
7 3 9 65
5 4 41 64
1 4 51 63
2 3 9 67
3 3 9 82
5 3 9 95
3 4 14 95
8 4 34 94
4 4 46 93
2 3 9 99
6 4 14 97
6 4 64 99
3 3 10 89
1 4 43 87
8 3 11 99
4 4 66 98
4 3 10 98
6 4 28 96
2 4 65 94
6 3 9 98
6 4 22 95
6 4 30 96
2 3 12 54
1 4 11 54
7 4 16 54
8 4 20 54
4 4 26 54
8 4 43 53
6 3 12 57
4 6 38 55
8 3 12 79
7 3 12 81
6 4 11 80
2 3 13 50
3 4 13 49
6 3 14 57
8 4 15 55
3 3 14 92
3 4 32 93
7 3 15 58
6 4 52 59
6 3 15 83
6 3 16 76
5 4 19 75
7 4 23 74
4 4 53 74
7 3 16 85
7 3 16 99
1 4 24 98
1 3 17 98
8 4 16 97
7 4 44 98
1 3 18 72
8 4 26 70
2 3 19 69
7 4 50 67
8 3 19 79
4 5 54 80
1 4 54 79
3 3 20 64
7 3 20 75
8 4 30 76
6 5 31 75
1 4 39 76
5 4 52 76
2 3 21 81
6 4 44 79
1 4 47 82
5 3 21 82
8 4 50 84
2 3 21 94
5 4 60 92
4 3 22 51
2 3 22 84
4 4 23 83
1 4 59 84
5 4 67 85
3 4 66 85
1 3 20 84
4 3 24 57
8 4 35 55
3 4 43 53
1 4 43 52
3 4 50 58
2 4 52 55
7 4 56 58
1 3 24 58
5 5 48 57
5 4 40 59
1 4 76 60
6 3 24 73
3 4 24 74
5 3 24 90
7 4 29 88
2 4 28 90
3 4 34 89
4 3 27 57
1 6 48 57
7 4 37 57
5 4 48 60
3 4 76 61
5 3 27 90
1 3 29 70
2 3 29 70
1 3 29 73
8 4 58 72
3 4 55 72
6 3 29 72
4 5 29 73
1 3 29 73
6 4 34 73
7 4 40 74
1 5 47 73
2 3 28 74
7 3 29 94
4 3 28 95
4 3 30 72
7 4 35 74
4 4 45 75
3 3 30 88
4 4 47 89
5 3 30 89
5 3 31 51
2 3 30 52
8 3 33 63
4 4 36 61
1 3 33 96
8 3 35 58
6 4 66 60
2 3 34 58
3 3 36 74
4 3 37 68
1 3 37 71
1 3 37 76
1 4 39 75
3 3 35 78
2 4 35 76
2 3 36 75
8 4 35 77
2 4 35 78
8 5 39 75
1 4 42 79
5 3 36 77
7 3 36 76
7 3 38 52
5 3 38 53
3 3 38 79
6 3 38 82
2 3 37 81
2 3 39 57
2 4 44 57
2 3 39 60
3 3 41 53
5 3 42 91
4 3 43 61
7 3 43 65
4 3 42 66
8 3 44 57
8 3 45 51
6 3 45 85
3 3 46 96
3 3 47 51
3 3 47 99
4 3 48 68
3 3 49 56
7 3 49 96
3 3 52 55
8 3 54 55
4 3 55 93
1 3 56 87
3 3 56 92
5 3 57 99
8 3 55 99
7 3 58 92
1 3 60 63
1 3 61 87
5 3 62 67
8 4 62 68
7 3 62 69
8 3 62 69
7 3 67 60
4 2 1 1
2 4 19 1
8 4 19 1
7 6 17 1
5 6 19 1
3 2 1 1
8 2 1 1
2 4 9 1
3 4 7 1
1 4 9 2
8 4 15 1
1 2 1 1
8 2 1 1
7 4 5 1
4 6 3 2
8 4 3 1
5 4 1 1
2 4 7 3
8 6 5 4
6 2 1 1
7 4 1 1
4 4 3 1
8 2 1 1
2 2 1 1
4 2 1 1
3 2 1 1
2 2 1 1
7 2 1 1
8 2 1 1
4 2 1 1
1 2 1 1
6 2 1 1
7 2 1 1
5 2 1 1
6 2 1 1
3 2 1 1
8 2 1 1
6 4 11 1
2 2 1 1
4 2 1 1
7 4 1 1
1 4 1 1
5 4 1 2
3 4 17 3
7 4 19 3
3 2 1 1
4 4 1 1
5 2 1 1
3 2 1 1
7 4 1 1
5 2 1 1
8 2 1 1
1 2 1 1
6 2 1 1
5 4 3 1
6 6 17 1
2 4 3 1
5 4 9 1
2 4 13 2
4 4 13 3
4 4 21 2
3 2 1 1
4 4 1 1
1 4 1 2
8 4 9 2
3 4 9 2
5 4 7 2
8 4 5 2
2 2 1 1
3 4 1 1
6 4 1 2
4 2 1 1
1 2 1 1
7 2 1 1
2 2 1 1
4 4 3 1
3 4 1 2
6 2 1 1
8 2 1 1
2 2 1 1
6 2 1 1
1 2 1 1
5 4 1 1
8 4 9 2
7 4 15 3
1 2 1 1
2 2 1 1
1 4 11 1
5 4 9 2
7 4 13 1
4 2 1 1
3 4 7 1
2 4 5 1
1 6 9 1
2 2 1 1
3 4 3 1
8 4 5 2
4 4 3 3
4 4 13 3
3 4 13 4
7 4 13 4
1 4 11 4
4 2 1 1
2 2 1 1
8 2 1 1
5 2 1 1
3 2 1 1
2 2 1 1
2 4 5 1
5 4 5 1
3 4 9 2
8 2 1 1
1 4 1 1
6 2 1 1
4 2 1 1
8 2 1 1
3 2 1 1
4 4 7 1
2 4 5 1
2 2 1 1
1 4 1 1
4 2 1 1
6 4 3 1
7 4 1 1
8 2 1 1
2 2 1 1
3 2 1 1
8 2 1 1
7 2 1 1
5 2 1 1
4 4 1 1
1 4 1 1
1 4 17 1
6 6 15 2
4 6 13 2
5 8 13 1
5 4 15 3
3 4 13 3
2 4 15 4
6 6 15 4
4 4 13 4
4 4 29 5
7 2 1 1
5 2 1 1
1 2 1 1
7 2 1 1
2 4 5 1
3 2 1 1
1 2 1 1
8 2 1 1
8 4 3 1
1 4 3 2
1 6 5 2
4 4 3 3
5 6 15 3
3 4 3 2
6 4 3 4
8 4 5 1
4 4 3 1
8 4 9 3
7 6 17 3
6 2 1 1
7 2 1 1
5 2 1 1
1 4 7 1
1 4 9 2
5 4 13 2
2 2 1 1
3 2 1 1
4 2 1 1
3 2 1 1
4 2 1 1
8 2 1 1
7 4 1 1
5 4 1 1
4 4 1 2
8 4 3 2
1 4 1 3
7 2 1 1
6 2 1 1
3 2 1 1
2 2 1 1
5 2 1 1
7 4 1 1
4 4 5 1
5 4 5 1
6 4 5 1
8 4 5 1
2 2 1 1
1 2 1 1
2 2 1 1
3 2 1 1
3 4 11 1
8 4 17 2
2 4 15 3
7 2 1 1
4 4 9 1
5 2 1 1
7 2 1 1
8 4 1 1
4 4 1 2
3 4 17 3
8 4 15 4
4 4 15 3
5 2 1 1
1 2 1 1
6 4 3 1
3 4 1 1
5 4 3 2
7 4 3 1
2 6 3 1
1 4 3 3
6 4 1 3
6 4 7 4
2 4 11 5
4 2 1 1
6 2 1 1
5 2 1 1
2 2 1 1
4 2 1 1
8 2 1 1
3 4 1 1
7 2 1 1
1 2 1 1
7 2 1 1
4 2 1 1
2 2 1 1
5 2 1 1
6 4 9 1
4 4 7 1
8 2 1 1
1 2 1 1
2 2 1 1
3 2 1 1
5 4 1 1
5 4 3 2
4 4 5 2
6 6 13 2
3 4 3 3
4 2 1 1
8 4 3 1
6 4 1 2
1 2 1 1
7 2 1 1
3 2 1 1
8 2 1 1
7 2 1 1
2 4 1 1
5 2 1 1
2 2 1 1
4 2 1 1
1 4 1 1
3 4 5 2
7 4 7 2
5 4 7 2
7 4 7 2
4 4 9 3
7 4 13 4
2 4 17 5
4 4 15 5
3 4 19 4
4 2 1 1
7 2 1 1
6 2 1 1
8 4 3 1
2 4 1 1
3 2 1 1
2 4 9 1
6 4 7 2
3 6 7 1
7 4 5 1
1 4 13 3
2 4 11 3
4 2 1 1
1 2 1 1
8 2 1 1
8 4 3 1
6 4 1 1
6 4 9 1
8 2 1 1
1 4 5 1
8 4 9 2
4 2 1 1
2 4 3 1
5 2 1 1
6 2 1 1
7 2 1 1
3 4 1 1
7 4 1 1
6 2 1 1
4 2 1 1
5 2 1 1
8 2 1 1
1 2 1 1
3 4 11 1
4 4 11 2
2 4 13 3
8 4 13 3
2 6 23 2
5 4 15 2
1 6 15 1
5 6 19 1
7 4 13 3
8 4 13 3
6 6 15 2
2 2 1 1
4 2 1 1
7 4 11 1
3 4 11 2
7 2 1 1
8 4 9 1
4 6 7 1
1 4 7 2
3 2 1 1
4 2 1 1
2 2 1 1
5 2 1 1
1 4 1 1
4 4 1 2
6 4 5 2
7 4 3 2
5 2 1 1
2 4 1 1
3 4 1 1
4 4 23 1
5 4 21 2
8 2 1 1
5 2 1 1
3 4 11 1
6 4 11 1
6 2 1 1
4 4 5 1
5 2 1 1
1 4 1 1
2 4 1 1
8 4 3 2
5 4 17 3
4 2 1 1
1 2 1 1
2 2 1 1
3 2 1 1
6 4 7 1
7 6 13 1
3 4 5 1
2 4 5 2
5 4 7 1
7 2 1 1
8 2 1 1
6 2 1 1
8 2 1 1
2 2 1 1
5 2 1 1
1 2 1 1
4 2 1 1
1 2 1 1
8 2 1 1
3 4 3 1
6 4 1 2
8 4 1 2
3 4 3 3
7 2 1 1
4 2 1 1
7 2 1 1
6 4 3 1
8 2 1 1
5 4 3 1
2 2 1 1
6 2 1 1
3 2 1 1
1 2 1 1
6 2 1 1
2 4 1 1
4 4 7 2
7 6 15 2
4 2 1 1
8 4 1 1
2 2 1 1
3 4 3 1
3 6 9 1
1 4 3 2
7 4 1 2
5 4 5 3
8 2 1 1
8 4 3 1
4 2 1 1
2 4 1 1
5 2 1 1
2 2 1 1
4 2 1 1
2 2 1 1
3 2 1 1
1 2 1 1
3 2 1 1
5 2 1 1
6 2 1 1
7 4 1 1
3 2 1 1
2 2 1 1
1 2 1 1
2 2 1 1
1 2 1 1
6 2 1 1
7 4 3 1
7 4 5 2
6 4 11 3
8 2 1 1
3 2 1 1
6 2 1 1
1 4 1 1
6 2 1 1
8 4 1 1
5 4 1 2
3 4 1 1
6 2 1 1
7 2 1 1
6 2 1 1
1 2 1 1
4 2 1 1
8 2 1 1
5 2 1 1
7 2 1 1
3 3 7 1
7 3 23 2
4 4 29 2
1 3 43 3
1 2 1 1
6 2 1 1
2 4 1 1
8 3 8 1
5 2 1 2
8 2 1 1
3 3 42 1
6 2 1 4
2 3 4 5
8 4 26 5
8 4 27 7
5 3 4 6
6 4 16 6
1 4 23 3
6 3 3 6
2 3 7 3
6 3 24 2
3 3 27 10
7 3 27 8
7 4 41 9
3 4 43 11
2 3 27 8
2 4 47 10
7 3 36 7
6 4 39 5
2 3 37 2
3 3 39 9
1 3 40 11
5 3 42 5
6 3 45 5
6 3 49 13
1 2 1 4
8 3 19 4
1 3 23 4
4 3 35 5
3 2 1 5
3 3 34 3
2 2 1 33
6 3 7 34
7 3 6 34
1 3 5 35
3 4 12 34
3 3 20 31
8 3 24 36
1 5 30 36
4 3 29 37
5 3 33 30
7 3 36 30
5 3 38 33
2 3 44 38
4 3 50 33
3 3 48 34
4 2 1 32
4 3 33 33
4 4 34 32
3 2 1 35
2 3 16 35
2 3 22 34
3 3 41 37
1 3 43 36
8 4 45 37
5 2 1 34
4 3 7 35
2 4 43 32
8 3 10 37
4 3 15 39
8 3 18 38
5 3 19 40
6 4 39 39
1 3 25 42
8 4 35 40
2 4 40 41
7 3 23 42
1 4 40 40
5 3 29 37
7 4 47 34
6 3 28 37
7 3 28 38
3 4 29 38
6 4 34 36
5 4 49 33
8 3 29 39
7 3 34 38
5 3 34 40
6 3 37 42
5 4 39 43
2 4 47 42
7 3 38 45
5 4 44 45
6 3 41 32
5 3 41 36
7 3 43 33
1 3 45 45
4 3 46 37
5 3 46 47
2 3 46 46
8 2 1 36
4 3 9 36
1 3 18 37
2 3 27 38
6 3 33 40
1 3 36 35
2 3 37 34
2 3 37 41
8 3 40 35
6 4 43 33
5 3 43 33
5 3 44 38
2 3 42 38
2 2 1 40
2 3 4 39
3 3 5 38
1 4 27 37
3 5 38 36
7 3 5 39
7 4 11 39
1 3 8 40
2 4 6 40
5 3 24 38
7 2 1 44
7 3 27 45
5 3 29 46
2 4 39 45
1 4 45 47
3 3 29 46
4 3 30 43
4 3 39 42
6 3 41 47
8 3 41 47
8 3 46 42
4 2 1 43
5 3 15 42
4 3 20 44
3 4 22 42
5 5 22 44
2 3 21 43
3 3 37 44
3 3 39 43
1 4 44 44
1 2 1 46
4 3 20 47
1 3 22 45
2 4 21 46
1 3 34 45
3 3 33 47
5 4 36 45
6 3 36 44
8 3 35 44
8 2 1 45
2 3 6 45
7 3 18 43
8 3 17 42
8 3 19 42
2 2 1 46
7 3 6 47
7 3 9 49
7 4 14 48
2 3 32 48
2 2 2 8
2 3 22 7
7 2 2 11
6 3 37 9
3 4 52 10
5 3 38 10
4 3 37 10
6 3 50 13
2 3 54 9
2 2 1 11
2 3 15 10
8 3 15 11
3 3 21 11
4 4 51 9
1 4 55 12
8 3 19 11
3 4 28 10
1 3 19 11
2 3 35 12
7 3 50 12
4 3 53 14
5 3 57 15
8 3 59 14
1 3 60 16
6 2 2 13
1 3 3 12
6 4 9 12
2 3 8 13
4 3 16 11
1 3 30 9
4 3 29 8
2 3 43 13
5 3 44 14
4 2 2 15
4 3 10 13
3 3 10 13
3 4 23 14
8 3 20 15
8 3 47 17
3 3 50 15
2 3 53 17
8 4 55 18
4 3 52 16
3 3 51 16
4 2 2 23
4 3 9 22
8 3 14 21
1 3 13 20
2 3 21 23
1 3 21 23
3 3 26 21
2 3 26 22
5 3 26 22
8 3 27 21
1 3 26 20
7 4 36 19
5 4 44 19
2 4 43 19
5 4 48 17
3 3 28 24
7 3 28 25
1 3 46 18
4 4 54 17
3 3 45 18
2 3 52 20
7 2 2 27
5 4 11 26
4 3 18 27
4 2 2 26
1 4 17 26
5 3 8 24
5 4 34 22
6 3 10 25
8 3 15 27
4 3 21 25
2 4 21 24
2 3 31 27
1 2 2 26
5 3 4 25
5 3 23 27
4 3 28 25
3 2 2 34
3 3 5 34
6 3 4 33
5 3 5 35
8 3 19 35
2 4 36 35
7 3 35 33
4 3 35 34
4 3 35 37
3 3 37 31
8 2 2 35
2 3 23 35
3 3 34 34
1 2 1 35
2 3 5 33
1 3 12 35
5 3 16 32
4 3 20 35
8 3 19 34
1 4 19 33
7 3 18 33
7 3 38 31
5 3 36 31
6 3 43 30
6 2 1 34
8 3 3 32
4 3 10 33
3 3 12 34
6 3 36 31
7 2 2 38
3 2 2 40
6 3 7 38
3 3 18 38
7 3 18 41
6 3 20 40
7 3 33 43
4 2 3 1
5 2 3 4
5 3 12 3
3 3 13 4
5 3 21 3
3 3 21 6
5 4 31 5
6 3 31 2
4 3 29 3
3 2 2 5
8 2 1 5
6 3 15 5
1 4 28 5
7 3 15 5
3 3 27 6
6 3 27 8
1 2 1 5
8 2 2 6
4 3 1 7
8 3 13 7
4 5 12 7
6 3 29 6
6 3 37 9
2 2 3 7
4 3 20 8
1 3 23 9
2 3 31 11
7 3 34 6
8 3 44 13
4 3 42 14
4 2 3 9
7 3 19 8
7 3 32 10
5 2 3 17
3 3 7 18
4 3 10 19
1 3 18 18
4 3 42 19
6 3 45 17
4 2 3 19
7 4 35 17
7 3 6 18
5 3 6 18
8 3 6 19
3 3 19 18
8 4 27 18
2 3 20 17
5 3 33 19
7 2 2 19
4 3 30 19
8 2 3 27
5 3 14 28
6 3 22 25
2 3 27 24
3 2 3 35
3 3 16 36
1 2 3 36
6 2 3 35
6 3 24 36
6 2 3 48
3 4 12 47
8 3 14 49
7 3 31 45
1 2 4 6
1 3 17 4
7 2 4 5
3 3 11 4
2 4 11 4
1 3 12 3
4 3 17 6
8 3 24 2
1 2 4 20
5 3 20 20
4 3 23 20
8 2 3 20
4 3 4 20
1 4 4 20
8 3 5 23
7 4 6 22
3 4 28 19
1 3 20 19
4 3 24 23
4 2 3 23
3 2 4 21
7 3 20 21
3 2 4 26
3 3 8 26
7 3 12 25
8 3 14 24
8 2 4 26
6 2 3 27
5 3 20 27
7 2 3 26
7 2 4 29
5 3 30 29
2 2 4 30
5 2 4 30
8 3 10 29
6 3 9 29
2 4 9 30
7 4 14 30
1 3 24 29
4 3 25 30
6 2 4 30
4 3 21 29
2 3 20 29
2 3 27 30
3 2 4 31
1 3 10 30
7 2 3 31
5 3 24 30
1 3 25 32
4 2 3 31
6 3 13 32
4 2 4 31
6 3 22 31
5 2 4 34
6 2 4 48
6 2 5 4
3 3 5 3
4 4 8 4
6 3 18 1
7 3 18 3
2 3 26 6
6 2 3 4
1 2 4 5
2 2 5 10
5 2 5 12
5 3 12 12
6 3 49 14
3 2 4 12
2 3 14 11
8 4 25 10
3 3 24 11
6 4 23 10
7 3 29 13
1 3 31 14
7 2 5 11
1 2 5 15
3 3 4 16
4 3 14 16
1 6 16 15
2 4 22 16
6 3 26 16
5 3 29 13
4 3 31 16
2 5 31 15
5 2 4 16
3 3 7 17
3 3 9 19
8 3 13 18
6 3 23 19
1 3 32 14
8 4 32 13
6 3 32 21
6 2 5 18
6 3 9 18
4 3 8 18
2 2 5 17
5 3 7 18
3 3 7 17
6 4 12 16
1 3 10 18
4 4 11 19
7 3 12 16
5 5 11 16
7 3 13 21
2 3 14 19
8 2 4 17
1 2 5 25
2 3 4 25
3 3 15 24
3 2 4 26
5 2 5 38
1 2 4 38
7 4 17 36
2 3 4 37
7 2 4 36
8 4 17 34
1 2 3 36
4 3 2 36
4 3 8 37
4 4 11 37
1 3 18 40
8 2 2 37
1 3 12 37
5 3 16 36
5 2 3 37
2 3 2 37
1 3 14 38
6 2 3 36
7 4 3 35
3 3 3 35
5 3 2 37
8 4 5 37
6 3 12 40
6 2 1 37
2 3 4 37
2 4 7 36
7 3 7 38
8 2 2 35
1 2 2 38
3 2 4 37
5 2 6 12
4 3 5 12
6 3 4 12
7 3 18 12
4 4 25 11
8 3 21 11
1 3 28 10
3 3 28 10
7 3 29 12
5 5 29 10
6 3 28 11
8 3 29 13
7 2 3 12
7 3 9 12
8 3 9 12
3 3 11 11
5 3 16 14
5 3 21 11
4 2 2 12
1 3 18 12
8 3 17 14
5 2 5 12
2 4 8 11
7 2 6 16
7 2 6 19
4 2 6 25
2 3 7 24
7 3 5 25
7 4 14 24
5 3 7 25
8 3 7 24
1 3 6 24
6 3 9 22
8 3 15 23
4 3 22 20
8 3 23 22
6 2 4 25
3 3 7 24
1 3 22 22
3 2 3 25
8 2 3 24
5 3 13 23
5 3 20 22
2 2 2 25
3 2 1 25
3 3 4 24
7 2 3 24
4 2 6 26
5 2 6 28
5 2 6 31
3 3 18 30
1 4 22 30
6 2 6 37
1 2 6 36
7 2 6 37
3 2 6 44
5 3 23 42
1 3 24 43
3 2 7 11
8 3 8 11
6 2 7 14
3 3 12 14
1 4 13 13
4 3 21 14
3 3 23 14
4 2 7 23
7 2 7 35
8 2 7 41
4 3 12 41
1 3 13 42
4 3 19 42
4 3 24 43
4 2 7 45
6 2 7 45
3 4 16 43
4 3 15 44
8 4 15 45
6 3 14 45
7 2 8 16
1 2 8 15
8 3 10 14
4 4 10 13
6 3 13 12
2 3 18 13
5 2 7 15
2 3 13 13
7 3 14 15
7 2 8 15
6 2 7 15
7 2 8 20
6 2 8 42
2 3 17 41
7 2 8 46
4 2 9 2
1 3 21 1
6 2 8 3
5 2 8 3
7 3 8 2
8 3 7 2
3 3 6 3
2 3 6 4
2 3 8 1
7 2 6 5
4 3 12 4
1 2 7 1
6 2 7 4
6 2 8 1
2 2 8 1
3 3 7 2
4 2 9 9
2 3 30 9
7 2 9 13
6 2 9 23
8 2 9 27
2 2 10 3
1 2 10 15
3 3 11 15
5 3 25 16
8 2 10 30
6 2 10 39
8 3 15 39
3 2 10 39
8 2 11 1
5 2 10 1
5 2 11 5
6 3 12 6
7 2 10 6
5 2 11 9
2 3 23 9
6 3 25 9
3 2 11 23
6 2 10 23
4 2 11 24
4 2 11 31
5 2 10 31
7 3 13 30
4 3 19 29
5 2 11 31
6 2 11 30
1 2 10 30
5 2 9 30
8 3 11 30
6 2 10 29
2 2 10 30
2 2 11 39
4 3 10 39
5 2 11 46
2 3 10 47
5 2 9 47
5 3 20 47
7 3 20 47
7 2 9 46
4 4 9 45
1 4 8 45
4 4 11 46
2 3 8 45
1 3 15 45
8 2 7 46
5 3 12 44
2 3 16 46
7 2 12 10
4 2 12 13
7 2 11 13
2 2 10 13
3 2 10 13
5 3 10 13
2 2 9 14
8 2 9 13
1 2 9 13
5 2 11 13
2 2 11 13
6 2 11 15
6 2 12 16
3 2 12 27
1 2 11 27
6 2 12 44
7 2 13 8
1 2 13 9
8 3 24 9
6 2 14 1
5 2 14 8
8 3 20 6
2 2 14 46
1 3 16 47
3 2 15 7
6 2 15 17
2 3 18 16
4 2 15 49
4 2 16 8
1 2 16 7
2 2 16 16
2 2 16 28
7 3 15 28
7 2 16 33
6 2 16 39
2 2 17 7
5 2 17 17
4 2 17 16
1 2 17 43
8 2 16 43
6 2 18 2
7 2 18 2
5 2 19 9
1 2 19 16
5 2 19 16
3 2 20 9
6 2 20 34
5 2 20 43
8 2 21 33
2 2 21 49
1 3 21 48
5 2 22 7
6 2 23 43
1 2 24 9
7 2 24 42
5 2 26 49
8 2 26 48
4 2 28 1
1 2 30 21
2 2 31 49
1 2 36 32
2 2 43 50
