15744
2452
6 10 3 23
1 9 18 95
2 8 37 31
5 8 49 89
2 7 33 85
8 7 35 81
6 7 49 38
5 7 62 75
6 6 7 96
5 6 39 24
6 6 39 92
4 6 43 88
1 7 82 85
2 6 45 60
8 6 51 27
1 6 68 5
3 6 83 86
2 8 86 66
4 6 86 55
4 6 87 93
8 6 88 72
5 5 2 66
4 5 7 9
8 6 19 9
7 9 77 8
6 5 9 27
6 6 26 26
4 5 14 97
2 5 15 7
8 5 16 14
5 5 16 65
3 7 26 63
4 5 16 80
4 5 17 14
1 5 17 46
8 5 21 17
6 5 21 45
2 5 27 19
5 5 30 54
5 5 30 58
4 5 34 33
2 5 39 7
3 5 39 85
1 5 46 97
2 5 48 16
7 5 49 23
1 5 52 32
6 6 62 29
7 5 54 54
8 5 56 88
2 5 59 95
6 5 60 2
7 5 60 19
5 6 64 16
2 5 62 49
2 5 64 14
4 6 66 58
5 5 66 90
4 7 79 91
6 5 75 34
7 5 75 69
1 5 82 26
8 5 83 9
4 5 83 89
6 5 86 4
1 5 86 7
1 5 86 34
6 4 1 3
7 5 62 1
3 6 60 2
3 4 2 60
8 4 2 95
4 5 67 97
3 4 3 38
4 5 1 39
8 5 29 39
5 5 34 40
3 4 3 77
5 5 23 75
1 5 53 76
6 4 5 18
8 5 32 18
8 5 38 21
2 6 53 21
7 5 87 12
5 4 7 17
3 4 8 46
1 4 8 48
1 6 50 49
1 5 57 47
8 4 8 91
7 5 17 92
8 5 27 90
3 4 8 91
7 5 11 92
2 5 52 91
8 4 10 6
2 7 20 4
3 5 82 5
5 4 10 85
3 6 70 84
7 4 12 16
5 4 12 27
3 5 16 28
4 4 13 27
2 4 12 27
4 5 51 25
2 4 13 43
7 5 14 41
5 6 40 41
5 5 49 42
2 7 47 43
4 5 70 40
6 4 13 53
6 4 14 28
1 4 14 50
1 5 15 50
5 4 12 50
7 4 14 48
8 4 14 97
8 6 43 95
7 5 53 94
5 4 16 11
5 5 41 10
1 5 50 13
6 5 84 9
5 5 85 8
2 4 16 45
6 4 17 60
1 5 88 21
7 4 17 76
5 5 73 75
1 4 18 66
2 5 44 66
5 5 46 68
1 5 88 59
7 4 17 66
3 5 15 65
6 4 19 95
1 5 26 65
3 4 19 96
3 5 66 95
7 4 21 56
6 4 23 11
6 4 23 84
8 4 24 3
5 10 59 2
1 4 28 17
8 4 30 15
1 5 64 13
1 4 30 39
8 6 69 38
7 4 31 16
3 6 35 16
2 6 34 19
5 4 31 24
6 4 31 93
1 5 56 15
2 4 30 93
4 4 32 81
3 4 34 25
1 4 34 57
5 4 35 32
7 5 56 33
2 6 58 35
3 5 58 32
5 4 35 65
1 5 79 67
3 4 36 8
6 5 54 6
8 5 53 5
5 4 38 35
5 4 38 64
4 4 38 84
1 7 54 84
2 4 39 55
7 5 67 55
3 4 39 82
2 4 40 91
6 4 43 14
4 6 46 13
7 5 59 16
7 4 44 29
7 4 44 47
7 4 44 86
6 6 48 86
7 5 54 89
3 4 45 32
1 5 55 32
2 4 45 37
7 4 46 14
1 4 46 58
2 4 49 35
2 4 50 34
8 4 50 93
1 5 65 93
7 4 51 5
5 4 51 75
5 4 52 60
1 5 81 82
6 4 53 53
5 4 53 59
1 4 53 91
2 4 54 2
6 4 52 2
5 4 54 7
4 4 54 16
2 4 54 35
4 4 54 48
1 4 54 96
3 4 55 65
4 5 60 35
2 4 55 70
3 4 56 41
7 4 56 64
2 4 56 81
4 4 57 31
5 5 57 29
8 5 56 30
7 4 58 4
1 4 59 79
6 4 59 87
8 5 61 66
6 4 62 84
7 5 60 84
2 4 64 10
7 4 64 37
7 4 64 80
3 4 65 81
3 4 67 33
6 4 69 87
8 8 68 88
2 4 72 34
5 4 74 22
7 4 74 68
5 4 74 98
1 5 75 86
1 4 76 54
1 6 77 56
7 4 76 55
2 4 78 7
7 4 77 9
3 4 78 38
3 4 80 58
1 4 81 18
6 4 81 42
4 4 81 53
8 4 79 53
6 4 81 60
3 4 82 18
1 4 89 71
5 5 89 71
7 4 87 72
2 4 89 72
5 3 1 17
5 5 16 15
4 4 22 14
8 4 25 16
1 3 1 46
4 4 12 45
8 4 25 44
6 4 47 46
1 5 59 43
1 4 59 47
7 4 62 49
4 4 66 47
4 4 72 48
3 4 76 42
1 3 1 91
6 4 8 92
4 6 7 92
8 4 17 94
5 4 32 90
6 5 33 88
8 4 48 87
6 4 54 95
2 4 57 87
4 4 56 90
8 4 60 92
2 4 65 85
5 3 1 93
5 6 13 92
5 4 6 92
8 4 21 93
4 4 20 92
1 4 37 95
5 5 49 96
2 4 51 93
5 7 53 95
4 5 50 94
2 4 61 91
4 4 69 95
4 3 1 95
1 4 19 93
4 4 63 92
6 5 65 95
3 4 64 95
4 3 2 4
7 4 9 3
5 4 27 2
3 4 57 1
3 4 62 1
8 4 67 4
3 3 2 5
6 4 15 4
4 4 15 2
3 4 15 3
8 4 71 2
1 4 72 1
7 3 2 17
1 4 10 18
5 4 13 18
7 5 12 17
5 5 17 16
7 4 19 16
2 4 23 14
7 4 34 19
4 4 45 21
6 4 49 15
7 4 50 22
4 4 49 21
3 4 58 22
1 4 69 23
4 4 72 21
5 3 2 31
2 6 54 28
1 4 54 27
3 4 72 30
2 4 75 26
8 3 2 45
4 4 46 45
8 6 57 43
2 4 61 46
5 3 2 91
6 5 8 90
1 4 16 90
6 4 54 89
4 3 2 90
6 4 18 90
7 5 20 90
7 4 29 89
3 4 40 88
7 3 3 64
3 4 28 64
7 4 65 64
7 4 70 65
6 3 3 72
5 6 48 71
5 4 14 71
2 4 49 70
4 4 54 69
1 4 61 72
7 4 73 71
6 4 75 69
3 5 76 73
5 4 85 68
7 3 3 79
1 4 39 80
6 5 58 79
1 4 60 79
2 4 62 79
1 4 71 82
5 4 71 81
2 3 3 87
6 4 16 86
6 4 32 87
6 4 45 87
4 3 3 86
8 4 3 85
7 5 39 86
8 4 32 87
3 4 41 84
4 4 42 88
7 4 58 87
7 3 4 35
3 4 11 34
4 5 19 34
5 4 49 36
4 5 48 38
5 4 66 40
6 5 65 40
1 4 76 36
8 4 78 36
1 3 4 87
3 4 3 87
2 4 11 87
8 4 10 89
8 4 36 90
4 4 37 91
1 4 52 91
5 4 50 92
5 4 56 87
4 3 5 7
4 6 54 7
3 4 28 8
2 4 52 7
8 3 5 6
8 5 12 6
6 5 57 4
7 6 57 2
3 4 20 6
2 4 23 8
8 4 34 8
1 4 42 6
5 3 5 24
4 4 10 22
6 4 47 23
1 4 58 21
2 5 64 24
6 4 62 24
8 4 64 20
6 3 5 40
6 6 28 39
4 4 18 39
5 6 18 39
3 5 46 40
1 5 61 38
3 4 69 41
7 4 70 36
2 3 5 60
1 4 6 57
2 5 18 59
7 5 22 60
2 5 32 56
2 5 57 57
6 4 22 58
8 5 68 57
7 5 68 58
8 4 31 55
6 4 35 63
7 6 72 63
5 4 38 61
4 4 55 55
6 4 55 60
6 4 67 59
6 3 5 59
7 4 7 60
6 4 13 62
2 4 19 62
1 4 40 62
7 5 51 60
8 3 5 80
6 4 40 79
8 4 66 81
3 4 71 80
2 3 5 92
1 4 19 90
6 4 22 91
1 3 5 94
3 4 53 95
5 4 51 95
1 3 6 18
1 4 12 17
4 4 11 19
2 4 42 18
8 5 43 15
8 6 56 20
8 3 6 53
2 4 9 53
5 5 64 53
4 4 25 53
6 5 58 52
7 6 69 52
4 4 62 52
2 7 60 54
2 4 64 53
5 3 6 87
7 5 5 87
4 4 10 86
2 5 26 88
1 4 24 91
4 4 37 85
3 4 37 92
5 4 38 84
8 4 50 87
5 4 57 83
5 3 6 87
4 4 28 87
1 3 7 6
1 4 27 4
7 4 51 6
8 4 55 9
7 4 59 10
6 4 74 10
3 3 7 97
6 6 51 95
2 3 8 11
7 4 53 12
1 6 53 10
6 4 83 13
6 3 7 11
3 4 54 11
3 4 54 9
7 3 8 10
4 4 9 10
3 4 10 11
7 4 21 9
3 4 48 7
2 4 57 12
6 3 8 22
5 3 8 43
7 4 49 42
3 3 7 43
5 4 13 41
2 4 50 40
4 3 8 48
3 4 60 48
7 5 68 47
5 4 78 47
2 4 77 46
2 3 9 4
6 4 23 3
2 3 9 8
6 4 15 6
4 4 18 8
8 4 55 7
1 5 59 4
6 3 9 11
4 4 44 11
6 4 46 10
1 3 8 12
5 4 31 13
1 6 36 14
6 4 40 13
5 3 8 11
8 6 20 10
3 6 25 11
2 3 9 49
3 4 78 50
2 3 9 86
3 6 45 85
8 4 28 84
6 5 32 87
7 3 8 86
3 3 8 86
1 3 9 99
1 3 10 33
6 4 36 31
1 5 63 32
6 3 10 58
5 3 10 71
3 4 35 69
1 3 10 93
4 4 12 93
6 3 11 61
3 4 42 61
5 4 47 63
8 4 62 62
6 4 60 61
3 4 60 61
5 4 69 60
2 3 11 62
2 4 61 61
8 3 10 62
4 5 11 62
5 5 58 61
4 4 44 63
4 4 53 60
1 6 52 62
5 4 56 65
2 3 11 63
1 4 25 63
8 3 11 65
5 5 61 62
3 3 11 75
3 4 19 73
8 6 47 73
2 4 34 70
6 4 45 75
5 4 53 71
5 5 63 76
5 4 71 75
6 3 12 1
7 3 12 27
4 3 12 68
2 4 19 67
8 5 39 69
1 4 41 66
2 4 41 69
1 4 43 70
2 5 47 68
5 4 66 72
6 4 64 72
8 4 67 67
5 3 13 2
3 3 13 25
2 3 13 42
3 4 24 40
7 7 22 40
4 4 34 43
6 4 46 41
8 4 44 40
3 3 14 18
2 3 14 76
3 3 14 87
8 3 15 16
7 3 15 57
3 4 44 56
5 3 15 75
4 5 19 75
3 4 20 77
1 6 66 75
8 4 73 73
8 3 14 76
1 4 18 77
2 5 38 77
3 4 37 77
6 4 54 77
2 4 66 76
6 4 73 79
2 5 80 78
3 3 14 77
2 3 16 74
6 3 15 76
6 4 33 77
2 5 39 75
6 6 62 78
5 3 16 93
4 4 18 91
8 4 17 91
5 4 29 88
8 4 30 91
6 4 45 94
3 3 16 99
1 3 17 8
8 4 16 8
6 4 19 8
7 4 25 9
6 4 42 11
4 4 42 11
8 3 17 8
7 3 17 27
1 3 18 4
3 4 22 3
4 3 18 64
3 3 18 82
3 4 23 83
6 3 18 93
3 5 19 92
5 4 19 91
4 4 28 91
2 3 16 93
4 4 17 92
1 5 17 90
7 4 29 91
7 3 17 91
2 3 19 29
4 3 19 28
8 4 44 28
3 4 47 26
2 3 19 37
8 4 41 34
6 3 19 76
7 4 21 74
3 6 41 73
8 5 40 74
4 4 39 75
6 5 55 74
1 3 20 2
4 3 20 9
2 4 26 8
7 3 20 24
6 3 19 24
8 4 31 22
5 4 67 25
7 3 20 33
7 3 20 38
2 5 28 36
7 4 34 37
2 3 20 66
6 5 32 67
2 4 31 69
4 4 38 70
3 4 62 70
4 3 19 67
2 4 24 67
2 4 55 66
8 4 55 67
1 3 20 74
3 4 25 74
4 4 52 73
2 4 53 71
3 3 20 92
8 3 21 19
2 4 35 16
3 4 36 21
4 4 58 21
7 4 65 23
2 3 21 91
3 3 21 93
2 3 22 5
8 4 58 5
4 3 23 44
2 4 46 45
7 5 53 44
4 4 62 45
5 3 23 69
4 3 23 78
6 4 41 76
8 4 69 78
1 3 24 10
6 3 24 14
3 4 27 11
6 4 47 13
3 3 24 30
5 4 28 30
4 5 31 31
5 4 40 30
7 3 24 54
7 4 42 53
4 4 56 54
5 3 24 61
6 4 53 60
5 3 24 89
8 3 25 59
6 4 31 59
7 4 39 57
2 5 39 56
6 3 26 13
7 3 26 41
7 3 26 65
8 3 27 10
6 3 27 10
6 4 43 11
5 3 26 10
5 4 48 11
4 3 27 28
2 4 37 26
5 4 54 27
7 4 58 27
2 4 63 23
6 4 62 24
7 4 66 26
2 3 27 61
4 3 27 84
7 4 32 84
8 4 72 83
4 4 79 82
3 3 27 84
5 4 28 85
1 5 27 84
5 3 27 90
6 3 28 28
4 4 52 26
3 3 28 64
4 3 28 70
6 4 50 71
7 3 28 73
1 4 26 73
2 4 36 72
1 3 28 77
3 4 53 78
6 3 29 22
8 3 29 50
5 5 60 50
1 3 29 64
2 3 29 79
1 3 29 88
7 4 39 85
7 3 29 96
1 3 30 1
5 3 30 57
6 3 31 23
7 3 30 24
4 3 31 40
3 4 30 40
5 4 52 39
4 4 54 38
3 3 31 50
8 4 37 50
4 4 40 51
8 3 31 57
6 4 69 56
7 3 31 58
4 3 29 59
8 4 41 58
4 3 31 66
8 3 31 85
4 3 33 6
5 3 33 11
1 4 37 9
2 3 33 19
1 3 33 28
4 4 34 28
7 4 36 27
4 4 43 28
7 3 33 55
8 4 41 54
8 4 64 55
8 3 33 60
4 3 33 68
5 4 43 69
2 4 55 67
5 4 53 69
3 3 33 68
6 3 33 68
8 4 35 67
1 3 34 7
2 4 39 9
1 4 42 11
6 3 34 45
3 4 53 46
6 5 57 45
6 3 35 1
8 4 38 1
5 4 48 2
8 4 47 2
4 4 45 2
1 4 43 1
2 3 33 2
3 3 33 1
8 3 35 80
1 3 36 45
4 4 43 44
5 3 36 58
7 4 46 55
1 4 52 54
7 3 36 65
8 4 53 62
2 3 36 85
7 4 50 84
7 3 37 50
1 5 56 50
6 3 36 50
5 3 37 51
3 4 43 49
8 4 47 48
6 4 64 48
1 3 37 50
1 3 37 74
4 3 38 55
8 6 53 53
1 3 37 55
6 3 37 54
1 3 38 77
2 4 39 76
3 3 38 81
6 3 39 2
4 3 39 3
4 3 39 30
6 3 39 41
2 5 55 40
8 3 39 50
8 3 39 94
8 4 55 96
7 3 39 100
2 3 40 29
5 4 40 30
7 4 43 29
1 3 40 66
2 3 41 3
7 4 48 3
5 3 41 8
1 3 41 55
5 4 41 53
1 4 47 57
5 3 41 77
8 3 41 80
1 4 59 78
1 3 42 17
8 3 42 19
5 3 43 13
8 3 43 11
3 3 41 12
7 3 43 78
2 3 43 84
7 3 44 41
3 3 44 44
1 3 45 6
7 3 45 16
1 3 45 21
7 3 45 22
4 6 49 21
5 4 47 21
3 3 46 19
8 3 47 14
7 3 47 43
1 4 57 45
1 3 45 43
2 3 47 43
4 6 49 42
8 6 46 42
3 4 50 43
2 4 49 45
5 4 60 46
3 4 59 46
3 3 47 99
5 4 62 98
8 3 47 99
4 4 49 97
2 3 47 97
3 3 48 47
4 3 48 48
7 4 49 48
1 3 48 66
7 3 48 73
6 3 48 83
2 3 49 60
3 3 50 1
7 3 50 31
5 3 50 57
4 3 50 61
8 3 50 75
3 3 51 26
8 4 58 26
6 3 51 41
6 3 51 47
8 4 50 46
3 3 51 67
8 3 50 68
8 3 51 84
6 3 50 84
7 3 52 61
5 4 56 61
3 3 52 64
7 3 52 74
5 3 53 76
8 3 53 80
4 3 53 85
5 3 54 5
3 3 54 28
3 3 54 73
7 3 54 73
1 3 55 26
4 4 59 23
4 3 55 71
5 3 56 4
3 3 56 67
5 3 57 55
5 3 57 71
6 3 57 78
3 4 55 78
1 3 58 31
8 4 65 31
6 3 58 30
6 3 59 25
1 3 59 36
2 3 60 21
1 3 60 49
1 3 61 96
5 3 62 79
8 3 63 52
4 3 62 52
2 3 63 57
1 3 64 52
2 3 65 37
6 3 65 37
3 3 64 36
8 3 67 25
3 3 70 38
2 3 70 83
1 2 1 3
4 3 5 2
6 4 24 2
5 3 6 3
4 4 22 2
2 3 15 1
3 3 18 4
7 3 20 1
3 3 25 4
6 3 39 5
6 3 45 3
3 3 44 4
7 2 1 4
7 3 13 3
4 3 21 5
1 3 21 4
5 3 21 5
8 2 1 4
8 3 7 5
5 3 11 5
4 3 14 3
6 4 16 4
7 4 16 6
5 5 24 4
7 3 14 3
2 3 23 5
6 3 31 4
4 4 34 3
3 5 36 5
1 3 36 7
2 2 1 5
3 3 20 4
1 3 27 5
1 3 31 6
8 3 35 3
3 3 36 7
6 6 35 7
8 3 34 9
3 2 1 7
2 3 18 8
7 4 29 7
2 3 29 5
8 3 28 6
3 2 1 14
5 3 23 14
5 3 33 15
8 3 39 12
1 3 59 13
8 3 57 13
2 2 1 15
8 4 30 15
2 3 12 16
3 4 12 16
5 3 13 15
6 3 13 18
7 3 12 19
1 3 13 17
3 4 30 16
1 4 45 18
8 3 13 17
3 3 14 20
4 3 28 14
6 3 35 18
8 3 36 20
5 3 37 12
5 3 37 20
4 3 38 21
5 3 39 17
7 3 38 18
6 4 42 17
8 4 42 16
6 3 50 22
7 3 54 22
3 2 1 16
7 3 27 15
3 3 34 14
6 3 33 13
7 3 37 12
7 3 44 11
8 2 1 37
8 3 3 36
1 4 8 37
5 5 53 35
4 3 2 36
6 5 22 35
1 4 38 34
2 4 48 35
8 4 53 33
3 3 8 35
4 3 9 33
1 3 8 34
4 3 15 37
2 3 21 32
3 3 21 32
6 4 35 33
6 3 22 31
1 3 33 32
2 3 37 30
3 4 59 28
3 3 38 37
6 3 42 29
3 3 45 30
3 3 47 35
2 3 45 36
5 3 54 29
2 3 56 27
7 3 56 27
2 3 57 38
4 4 57 37
6 3 59 32
2 2 1 41
8 4 3 42
6 3 15 43
2 3 14 44
1 4 57 44
7 3 24 45
1 3 50 41
2 2 1 46
1 4 43 47
5 4 45 45
2 3 4 46
3 3 12 46
8 4 21 47
3 3 13 46
8 4 38 44
4 3 31 44
7 4 30 45
6 3 38 45
2 3 63 49
8 2 1 50
2 4 49 48
6 3 14 50
4 3 14 49
1 3 21 51
7 3 20 51
1 4 32 52
5 3 22 51
4 3 31 49
3 3 30 51
6 3 34 52
7 5 53 50
3 3 33 52
2 3 35 48
6 4 35 46
5 4 34 48
7 4 38 47
3 3 39 50
8 3 43 53
5 3 50 54
6 4 55 53
7 2 1 49
5 3 1 50
4 3 9 52
6 3 12 49
2 3 14 48
1 3 23 50
7 3 24 50
8 3 29 51
5 3 38 52
8 3 46 48
2 3 51 54
1 2 1 54
6 5 25 52
6 4 31 54
6 3 15 52
8 3 21 54
3 4 44 55
6 4 42 55
7 3 29 56
4 4 29 55
6 3 35 57
1 3 35 57
1 3 42 51
6 3 42 52
3 3 43 59
3 3 45 52
2 3 52 51
5 2 1 54
5 3 14 53
4 3 41 54
7 2 1 59
2 2 1 58
8 3 19 57
4 3 32 59
5 3 47 60
1 4 47 60
8 2 1 57
4 3 23 56
5 4 23 54
7 2 1 59
1 4 27 59
6 3 2 58
1 3 20 57
2 3 26 58
8 3 43 61
3 3 43 60
7 3 45 61
3 3 50 63
3 2 1 63
2 4 1 62
1 3 8 63
5 5 26 62
5 3 11 61
1 3 11 63
4 4 21 61
8 3 10 62
2 3 20 64
8 3 21 60
8 3 23 62
5 3 28 65
6 3 38 65
7 4 50 66
2 3 39 60
5 2 1 77
8 2 1 78
8 3 5 76
6 3 14 79
1 3 18 81
7 6 22 79
5 4 26 83
8 3 22 83
6 4 23 82
2 3 25 82
4 3 28 74
6 3 31 73
2 4 51 73
5 3 30 73
6 3 33 82
7 5 45 80
3 3 35 84
1 4 44 83
8 3 39 83
4 3 39 83
6 3 39 82
8 3 38 82
6 3 40 73
5 3 49 81
4 3 51 81
8 3 51 81
2 2 1 84
1 3 21 83
5 3 19 84
4 3 37 81
7 3 36 81
8 2 1 93
3 3 3 92
3 4 13 91
1 3 21 90
7 3 24 89
1 4 24 88
1 4 36 87
3 3 34 88
6 3 34 87
1 2 1 94
3 3 4 95
5 4 4 95
4 3 8 96
8 3 21 97
3 3 23 96
1 3 25 97
7 4 54 98
7 3 28 98
3 4 33 97
4 3 28 98
1 4 42 97
6 4 46 97
6 3 32 94
5 3 42 97
2 3 65 99
7 3 71 99
3 2 1 93
7 3 39 94
6 3 38 94
8 3 45 96
4 3 43 97
7 3 44 98
8 2 1 99
4 3 1 98
1 4 11 96
2 4 15 94
6 3 10 97
8 3 15 94
5 3 24 98
1 4 60 99
2 3 26 99
8 2 2 16
7 3 11 17
8 3 33 15
2 4 32 17
2 3 32 14
4 3 32 15
4 3 34 17
1 3 34 18
5 2 2 15
5 3 31 16
3 3 32 16
4 2 2 16
8 2 2 15
8 4 7 14
1 3 5 14
7 3 3 15
2 4 7 13
2 4 37 11
8 4 37 11
3 4 38 12
6 4 36 14
6 3 3 14
6 4 23 15
2 3 5 16
8 3 6 15
6 4 6 17
5 3 20 13
2 3 21 15
4 3 27 12
5 3 28 12
1 3 32 13
7 3 35 11
2 3 38 11
2 2 2 29
8 3 22 29
6 5 46 28
4 4 44 32
8 4 45 28
8 3 41 28
1 5 44 27
4 3 45 28
5 3 46 29
1 3 55 33
5 3 56 34
3 2 2 29
7 4 4 29
5 5 11 28
4 2 2 28
2 4 39 26
3 3 8 28
6 3 27 28
1 2 2 28
3 4 34 27
4 3 15 28
7 4 19 28
2 4 19 29
6 4 31 28
1 3 14 30
3 3 17 28
5 2 2 28
1 3 11 27
6 4 22 26
5 3 16 26
8 3 20 28
7 3 20 27
5 4 22 24
5 3 21 28
7 3 27 30
5 3 32 23
1 3 34 25
7 3 34 30
8 3 36 25
2 3 37 24
5 4 36 24
3 3 42 23
2 3 47 31
6 2 2 28
4 4 15 26
6 3 7 29
1 3 5 31
2 3 14 26
1 3 18 29
2 3 17 28
1 3 24 25
7 4 53 23
6 3 23 25
1 3 34 31
4 3 34 31
3 3 33 30
5 3 37 30
3 2 2 41
7 3 5 40
5 3 13 40
7 5 43 40
6 4 42 41
6 3 13 40
5 4 18 39
8 3 33 39
8 3 36 41
5 2 2 47
2 3 18 45
2 3 34 46
7 2 2 47
6 3 2 47
1 3 3 46
8 3 4 47
5 3 9 48
8 3 16 46
4 3 23 47
2 3 27 49
4 4 29 47
6 3 32 48
4 3 35 46
6 3 35 45
2 3 48 44
8 2 2 46
1 3 14 46
4 3 13 45
7 2 2 49
7 4 31 49
8 4 31 49
8 3 17 50
1 4 29 49
3 3 30 52
2 3 39 53
7 4 39 52
1 2 1 49
5 2 2 54
4 4 7 54
7 3 23 53
8 3 23 55
3 3 22 54
1 3 21 54
2 3 24 54
3 3 34 55
6 2 2 53
8 3 8 54
4 3 15 55
2 4 17 53
6 4 23 56
7 3 21 55
4 4 23 54
2 3 23 53
3 3 26 57
7 3 25 58
1 3 33 59
4 2 2 64
2 3 42 63
4 3 41 63
6 2 2 65
6 3 17 66
6 4 19 65
5 4 35 65
8 3 20 67
3 3 34 65
7 3 34 65
4 3 41 67
1 2 2 65
2 4 9 65
8 3 16 67
6 3 26 64
1 3 37 66
8 2 2 65
7 3 30 64
5 3 39 65
6 4 38 64
4 2 2 65
6 3 30 65
5 2 2 64
3 3 3 63
8 3 18 62
8 3 39 60
7 2 2 68
3 5 2 67
2 3 1 68
8 3 2 67
4 3 6 70
6 3 7 66
3 3 7 66
8 3 7 68
1 3 7 70
3 3 7 71
4 3 13 70
8 3 20 70
5 4 26 69
2 3 27 71
8 5 27 70
3 4 26 71
1 4 43 71
5 4 48 70
1 3 45 72
2 5 46 69
8 3 45 71
1 2 2 70
1 4 10 69
5 3 37 67
7 3 39 68
7 4 42 70
2 2 2 71
3 3 9 70
7 4 26 70
5 4 25 70
5 3 22 71
8 3 21 71
4 6 23 70
1 3 23 69
3 4 35 68
2 4 37 67
4 4 37 68
6 3 23 68
2 3 23 71
6 3 33 69
8 3 34 68
5 2 2 78
8 3 23 76
1 3 31 74
3 3 35 73
1 3 34 74
3 4 47 74
3 3 48 74
4 3 46 74
1 2 2 84
6 3 7 84
2 3 28 85
5 3 33 83
2 3 32 84
6 2 2 91
2 3 14 90
2 4 31 88
6 3 45 89
2 2 2 95
8 3 3 95
4 3 4 95
7 4 13 97
2 3 6 96
7 3 4 97
6 3 5 98
5 3 9 95
2 3 16 99
1 3 17 99
4 2 2 94
3 3 6 94
2 4 10 95
1 3 21 97
7 2 3 3
3 3 4 1
5 3 12 2
5 3 31 1
5 3 32 2
6 2 3 4
8 3 6 2
5 2 3 8
7 4 3 7
2 3 4 6
1 3 14 9
4 3 20 5
6 3 20 8
3 2 3 7
5 3 4 5
4 3 4 4
2 4 6 2
8 3 6 3
3 3 12 7
7 3 15 3
1 3 18 3
5 3 19 2
6 4 19 2
4 3 28 6
2 2 3 8
8 4 20 8
6 3 4 9
4 3 21 6
1 2 3 10
5 2 2 10
4 3 14 9
3 3 13 9
3 3 27 10
4 3 26 9
8 2 2 9
3 3 9 10
4 4 8 10
2 3 18 12
4 3 17 12
1 2 1 10
1 3 3 8
3 4 4 6
2 3 10 5
1 3 11 9
3 3 19 7
2 3 24 8
7 2 2 9
6 2 2 9
4 3 18 10
5 2 1 9
5 3 4 8
5 3 18 7
3 3 17 6
8 3 15 6
6 2 3 6
2 3 14 5
8 2 3 8
6 3 16 7
4 2 3 11
5 2 3 13
8 3 10 11
5 3 29 11
8 3 29 12
1 2 3 13
4 3 2 14
2 3 18 15
3 3 26 14
8 2 3 15
2 2 3 35
2 4 14 34
1 3 17 35
2 3 27 35
5 3 29 35
5 3 33 34
4 4 34 33
3 4 48 35
5 3 36 37
1 3 35 37
6 2 2 35
2 4 21 34
4 3 20 33
7 3 29 36
3 3 29 37
8 3 34 32
8 2 1 35
3 3 13 35
4 3 16 37
8 3 22 33
7 3 30 35
1 3 30 37
5 3 29 39
7 3 28 40
6 2 3 37
4 3 26 36
1 4 35 34
1 2 3 53
3 3 15 52
3 3 19 52
4 4 21 53
1 3 27 52
4 3 27 51
5 2 2 54
7 4 6 53
2 3 20 51
4 2 3 59
4 3 5 59
2 3 11 58
8 3 10 58
1 3 9 58
3 3 9 58
6 3 38 57
5 2 2 59
8 3 16 58
8 2 3 60
8 4 13 59
5 3 7 58
2 3 7 57
7 4 17 56
2 3 12 58
4 3 15 61
3 3 17 56
3 2 3 59
6 3 8 58
3 4 8 58
2 3 15 57
1 3 20 56
4 3 36 60
8 2 3 59
4 2 3 62
4 2 3 67
4 4 33 66
1 3 23 66
5 3 29 66
6 5 29 66
3 3 29 67
5 2 3 83
6 3 11 81
8 4 18 83
7 3 25 86
3 4 26 85
7 3 37 79
4 3 36 80
3 3 41 82
2 3 42 79
8 3 42 78
1 2 3 84
1 4 30 83
3 3 45 81
3 2 3 96
6 2 2 96
1 3 20 95
3 3 31 94
5 2 1 96
2 3 28 94
2 2 3 100
8 3 34 98
3 2 4 9
8 3 10 7
1 3 10 5
7 2 4 10
1 2 4 16
8 3 13 15
5 4 19 14
7 2 4 26
6 3 13 27
5 3 28 25
1 2 4 25
2 3 3 25
3 4 4 24
5 3 5 24
8 5 36 23
8 3 33 23
3 3 45 22
3 3 50 21
2 3 50 22
8 3 51 21
6 2 3 24
1 2 4 26
4 4 6 25
7 3 6 25
8 3 11 24
8 3 19 26
2 3 21 23
2 4 41 22
6 5 40 23
8 3 20 23
2 3 38 25
3 3 36 26
1 2 4 28
5 2 4 30
3 2 3 31
4 2 4 38
5 3 37 37
2 3 41 37
1 2 3 38
6 3 27 36
8 4 35 36
6 4 34 36
8 3 26 36
7 3 26 38
4 4 33 36
7 3 40 38
4 2 4 40
2 4 32 39
3 2 4 48
5 3 17 46
5 3 18 44
6 3 16 44
2 3 20 42
8 4 25 44
5 3 39 42
6 2 4 48
8 3 19 49
4 2 4 47
2 3 3 48
8 2 3 48
3 3 12 48
8 3 13 49
6 2 3 47
8 4 20 45
3 3 25 48
7 2 3 46
5 3 11 47
6 4 11 47
2 3 16 49
3 2 2 46
2 4 6 44
7 3 27 43
5 3 39 43
3 2 4 46
7 3 12 46
5 2 3 47
5 3 15 46
8 3 17 44
7 3 18 43
6 3 20 47
3 3 21 43
8 3 29 41
4 3 34 44
7 3 34 43
3 2 4 54
2 3 5 55
8 3 4 56
3 3 5 54
7 3 26 56
2 3 26 57
1 2 4 54
2 3 6 53
7 3 17 55
1 2 4 61
4 3 19 60
6 3 17 61
5 2 4 68
4 2 4 67
3 3 17 65
2 4 17 63
7 3 18 61
3 3 17 61
6 2 4 69
2 3 17 67
7 3 15 68
2 4 19 67
6 3 20 69
1 2 4 68
2 3 5 69
5 2 4 68
2 3 4 67
8 3 21 66
7 2 2 68
4 3 11 67
6 3 10 68
7 4 8 70
3 3 15 69
4 2 4 67
2 3 4 67
1 2 3 67
8 2 4 68
4 2 3 69
8 2 3 69
5 3 10 69
6 2 4 69
7 2 3 70
4 2 3 70
2 3 21 70
6 3 22 71
4 3 21 71
6 2 4 73
2 3 5 73
4 3 38 73
8 4 36 74
1 3 42 75
5 2 4 76
1 4 46 75
2 3 9 75
5 4 24 74
6 3 34 72
1 2 4 81
2 3 18 79
8 4 22 80
4 3 37 79
3 2 4 82
3 3 6 81
7 4 10 81
2 3 6 80
5 4 34 79
6 3 27 83
2 3 27 82
7 2 4 82
8 3 32 80
2 4 34 79
1 3 34 79
4 2 4 90
5 3 14 89
3 2 4 98
1 3 28 96
4 2 4 99
1 2 5 6
7 2 5 8
2 3 9 8
7 2 5 20
5 4 5 19
4 4 11 19
5 3 20 19
8 3 23 20
1 3 28 18
2 3 31 21
6 3 29 23
2 4 33 23
1 3 41 22
1 3 52 20
3 2 4 20
4 4 18 18
4 4 34 19
1 3 9 19
3 3 12 18
2 3 13 20
3 3 11 21
4 3 14 17
3 3 29 22
7 3 30 18
7 2 4 20
1 3 36 19
6 3 36 19
2 2 5 21
8 3 6 21
2 4 22 22
4 3 9 22
2 3 29 20
5 3 32 22
8 3 32 21
3 3 31 21
6 2 5 27
4 3 16 26
6 3 16 28
4 2 4 27
5 2 4 26
8 2 3 26
6 3 9 26
6 2 4 25
8 2 5 28
3 3 6 26
8 3 8 26
1 3 7 27
2 3 8 25
7 3 8 28
4 3 29 24
5 2 5 27
5 3 7 26
6 3 8 26
8 2 5 26
4 4 5 25
3 3 7 24
4 2 5 29
8 3 10 29
1 3 10 30
4 3 10 30
3 3 10 30
8 2 5 32
6 4 11 30
2 5 16 30
6 3 15 31
1 3 17 31
6 3 16 31
8 3 45 32
2 2 5 36
1 3 14 37
5 2 4 36
5 4 27 35
3 3 19 34
3 3 29 32
6 3 28 33
5 2 5 36
7 2 5 38
8 3 5 38
4 3 5 37
6 4 5 36
8 3 14 34
4 4 15 34
7 3 14 35
6 4 16 34
1 3 15 35
3 3 20 37
7 4 19 37
1 3 18 37
1 2 5 39
3 4 5 39
7 3 11 41
8 3 15 41
6 3 23 42
4 2 5 43
1 2 5 42
7 3 6 43
5 2 5 58
6 3 25 57
7 2 5 60
4 3 5 59
8 3 12 59
6 2 4 59
1 3 10 60
3 2 4 60
5 4 7 60
8 2 5 86
3 3 22 87
7 2 5 93
8 3 10 94
5 4 9 93
2 3 10 95
8 2 5 98
7 2 5 100
5 2 5 99
7 3 10 98
1 2 6 3
1 3 14 3
7 2 6 4
5 2 5 4
3 3 11 4
3 2 6 12
7 2 5 13
1 2 6 12
1 3 19 13
8 3 19 12
2 3 16 13
5 2 6 21
1 3 26 22
5 3 33 19
6 2 6 21
1 4 16 21
3 3 16 21
4 3 17 20
7 3 18 18
7 3 22 22
3 3 34 19
7 3 33 19
8 2 6 22
7 3 11 21
8 3 22 22
7 2 6 35
3 3 6 34
7 4 25 32
7 3 19 33
5 2 6 36
2 3 25 37
4 3 27 39
8 2 6 38
8 2 6 41
1 3 13 39
3 4 11 39
8 3 14 39
6 2 5 41
1 4 20 41
2 3 19 42
3 3 18 42
5 2 6 41
4 4 20 41
3 3 20 42
8 2 6 44
6 4 19 42
5 3 20 40
1 2 6 53
8 3 14 51
4 3 13 52
7 3 23 51
8 2 5 53
2 2 6 57
2 2 6 67
5 3 8 65
7 2 6 80
3 2 5 80
3 3 18 79
4 3 39 79
5 2 6 83
2 2 6 83
8 2 6 85
4 3 30 86
3 2 6 92
1 3 8 91
6 2 6 91
6 2 6 95
4 3 14 96
7 4 14 94
3 2 7 13
4 2 6 14
1 2 7 14
7 3 26 14
2 2 7 15
7 3 7 14
4 4 22 13
4 3 5 15
7 3 12 15
1 3 14 16
2 2 4 15
5 2 5 14
4 2 4 15
6 2 5 13
3 3 7 13
5 3 13 11
8 2 7 15
4 2 7 17
4 2 7 27
2 2 7 28
5 2 6 29
7 3 10 29
7 3 22 30
7 2 6 29
7 3 14 29
6 2 6 30
5 2 6 29
3 2 5 29
4 2 7 35
1 3 13 33
8 2 7 34
4 2 6 34
3 3 10 33
1 2 6 34
1 2 7 34
2 2 7 40
3 3 23 38
5 2 7 56
6 2 7 57
1 2 6 57
6 2 6 56
3 2 7 57
8 3 20 57
3 2 7 60
7 2 7 60
4 3 10 59
2 2 6 61
8 2 7 59
7 2 7 70
2 2 6 71
1 3 9 71
4 3 8 72
8 3 9 72
8 3 10 73
7 3 15 71
8 3 17 75
5 5 40 75
4 3 36 75
7 3 35 75
6 3 36 74
8 2 7 81
7 3 32 80
5 2 7 80
5 4 17 79
6 4 25 78
1 3 7 79
1 3 12 80
4 3 27 78
8 2 6 80
3 3 22 79
5 2 7 78
7 3 7 78
2 3 21 80
7 3 20 79
5 2 6 80
4 3 19 80
4 2 7 82
8 2 7 86
6 3 11 86
2 3 13 87
5 3 19 87
4 3 18 88
8 3 18 89
2 3 22 89
4 3 21 89
1 2 7 87
4 2 6 88
7 3 9 87
3 3 19 85
1 3 21 88
8 2 7 95
4 2 7 94
1 2 6 95
6 3 9 93
6 4 10 94
4 2 7 99
3 3 9 98
4 3 9 99
5 3 15 98
6 2 6 99
8 2 8 3
3 4 8 2
7 2 7 4
1 2 7 4
4 2 6 5
8 2 7 5
5 3 7 5
4 2 7 5
7 2 7 5
4 2 8 1
6 3 8 1
2 3 9 2
6 2 8 17
4 3 12 16
1 2 8 16
3 2 8 26
5 2 8 25
6 2 7 26
6 2 8 42
2 2 8 47
1 3 12 47
8 3 17 48
7 3 17 49
4 2 7 48
7 2 6 48
2 3 6 47
3 3 10 46
7 3 14 46
5 2 5 47
3 2 8 49
1 2 7 49
5 3 7 48
3 3 5 49
6 2 8 47
2 2 7 47
5 2 7 46
3 2 6 46
4 2 8 46
2 2 8 49
6 4 23 50
4 3 21 50
6 2 8 54
1 2 8 53
4 2 7 53
3 2 8 52
8 3 9 51
3 2 8 63
8 2 8 70
5 3 14 70
1 5 15 69
6 2 8 70
4 3 11 70
7 2 8 73
6 3 22 73
7 2 8 75
1 2 8 76
4 2 8 96
3 3 7 96
5 2 8 97
8 4 8 96
1 3 7 97
8 3 19 94
3 2 9 16
8 2 9 32
2 3 9 31
8 4 11 32
4 4 10 32
6 2 8 32
8 3 18 33
7 2 8 32
5 2 9 33
7 3 9 33
2 4 9 32
2 3 11 31
2 3 12 35
4 2 8 34
7 2 7 34
5 3 7 33
1 2 7 33
3 3 7 32
6 2 7 35
8 3 10 35
5 2 8 31
1 2 9 32
6 2 8 32
5 2 9 34
2 2 9 40
2 3 22 41
8 2 8 40
1 2 9 42
7 2 9 44
6 2 9 54
1 2 9 75
3 4 29 74
2 2 9 76
1 3 13 76
4 2 9 83
8 2 8 83
6 3 13 82
2 2 9 85
4 3 10 83
3 3 11 81
1 4 13 81
7 2 9 99
6 3 9 99
2 2 8 99
1 3 20 97
3 3 21 99
4 2 9 98
3 2 8 98
7 2 10 1
6 2 10 16
5 2 9 16
8 2 9 16
7 2 10 18
5 3 9 18
6 3 9 19
6 4 11 19
2 3 13 22
3 2 10 21
4 3 19 21
3 3 19 23
1 2 10 27
5 2 10 30
8 2 10 29
6 2 10 35
4 2 10 40
1 3 21 39
5 2 10 41
1 2 10 40
7 2 9 41
1 2 10 49
2 2 10 52
5 2 10 55
3 2 9 55
4 2 10 55
3 3 16 56
8 2 10 61
5 2 9 62
6 2 9 62
2 3 9 62
7 2 9 63
3 2 10 69
5 2 10 79
2 3 10 78
2 3 11 78
1 2 10 92
2 2 10 93
4 2 11 1
8 2 10 2
2 2 11 2
7 2 11 1
8 2 11 6
7 2 11 19
6 3 16 19
1 2 11 18
8 3 14 17
1 2 11 31
7 2 10 32
8 2 10 32
3 3 10 31
2 2 10 30
6 2 9 30
4 2 10 30
1 3 11 30
2 3 11 30
8 2 11 30
4 2 11 34
7 2 10 34
6 2 11 38
7 2 10 39
7 3 17 39
8 3 16 40
3 2 11 51
7 3 10 51
4 2 10 50
6 2 10 52
1 2 11 49
3 3 18 50
1 2 11 56
4 2 11 60
3 2 11 70
2 2 11 69
6 2 11 70
5 2 11 83
7 3 16 84
6 3 21 81
3 3 21 80
5 3 19 81
6 3 18 81
2 3 19 82
5 3 19 83
8 2 10 83
7 2 11 95
8 3 10 96
6 2 10 96
5 2 10 96
2 3 11 94
2 2 10 97
3 3 10 97
7 2 12 7
1 2 11 7
5 2 11 7
2 3 10 8
8 2 9 8
6 2 11 7
1 2 12 9
3 2 12 24
5 2 12 37
1 2 11 37
6 3 12 37
8 2 11 37
3 2 11 38
8 2 12 37
6 3 15 37
6 2 12 61
7 2 11 61
3 2 12 66
5 2 12 75
7 3 15 74
4 3 22 74
5 2 12 89
1 3 24 88
5 3 25 89
1 2 12 88
8 2 12 89
8 4 16 87
5 3 16 87
6 3 16 86
3 2 13 10
2 2 13 13
1 2 13 12
3 2 13 12
7 2 12 13
6 2 12 12
5 2 13 23
7 2 13 22
1 3 16 23
5 3 15 25
6 3 17 23
5 2 13 23
5 2 13 57
2 2 13 62
4 2 13 83
6 2 13 84
5 2 13 84
4 2 13 89
6 3 18 89
2 2 14 62
1 3 14 62
3 4 16 62
2 3 24 63
4 3 23 64
4 2 14 66
1 2 14 72
8 3 13 73
3 2 14 84
4 2 14 89
5 3 20 88
7 2 14 90
4 3 16 90
8 3 16 90
7 3 16 89
3 3 18 89
3 2 13 90
4 2 14 98
6 2 13 99
8 4 16 98
5 3 29 99
2 3 29 99
6 2 15 11
7 3 15 11
4 2 15 24
7 2 15 64
7 2 15 72
1 2 15 72
8 2 15 72
2 2 15 74
2 2 15 87
6 2 15 100
2 2 15 99
5 4 15 98
5 2 16 19
4 2 16 19
1 2 16 56
2 2 16 57
4 2 16 57
4 2 16 74
5 3 16 73
3 3 15 73
5 3 19 72
1 3 21 74
8 2 16 75
4 2 16 86
5 2 16 86
8 2 16 85
7 2 17 37
1 2 17 44
6 3 19 43
8 2 17 43
2 2 16 43
5 2 17 50
6 2 16 50
6 2 17 62
5 2 16 63
2 2 17 74
7 2 17 73
4 2 17 73
2 2 17 99
3 2 17 99
3 2 18 14
4 2 18 24
2 2 18 43
5 2 18 45
2 2 18 60
5 2 18 74
7 2 18 76
6 3 25 77
3 3 25 78
1 2 18 79
2 3 22 78
3 2 18 85
3 2 19 32
6 2 19 52
4 2 18 52
8 3 19 52
1 2 20 20
4 2 20 22
7 2 20 76
8 2 20 78
4 2 20 78
8 3 23 77
6 2 21 18
5 2 21 44
5 2 21 65
2 2 20 65
8 2 20 64
1 2 20 65
2 2 21 94
1 2 21 99
5 2 20 99
7 4 19 99
4 2 18 99
2 3 18 98
6 2 19 100
1 2 22 77
7 3 25 76
5 2 22 76
7 3 22 76
8 2 21 77
8 3 22 76
1 3 20 77
5 2 20 76
2 2 22 82
5 2 22 82
4 2 21 82
7 2 21 82
8 2 23 76
2 3 23 76
4 2 22 76
8 2 24 25
4 2 26 1
5 2 26 20
7 2 25 20
7 2 27 52
1 2 27 79
3 2 28 44
6 3 28 44
8 2 28 85
3 2 31 100
6 2 59 1
2 2 58 1
