52447
1910
7 74 26 4
8 72 36 43
6 24 11 21
5 32 14 21
8 45 20 20
8 44 54 21
8 23 40 5
1 22 11 6
7 30 14 6
6 31 25 5
5 30 27 6
8 22 67 6
8 12 6 91
6 23 7 91
7 10 36 1
8 9 3 2
3 15 3 1
7 9 18 2
5 9 47 84
8 9 78 98
1 8 13 2
3 10 82 87
2 7 3 96
4 7 18 87
5 7 65 97
7 6 3 94
1 7 77 94
4 6 14 87
4 12 27 85
7 12 29 85
8 6 22 17
8 8 57 17
6 6 24 81
8 7 63 86
7 7 74 86
3 9 75 80
4 9 83 86
1 6 24 87
1 6 41 49
5 6 44 68
4 8 89 48
3 6 50 63
5 6 57 64
2 6 61 49
4 6 63 98
4 8 69 61
5 6 65 86
5 6 69 65
2 6 70 98
7 6 71 36
4 6 75 12
2 6 75 98
7 6 76 98
3 6 82 54
7 5 11 93
5 5 14 73
1 5 17 86
3 6 28 85
6 8 34 85
4 7 44 85
3 6 48 86
3 7 75 84
2 5 29 60
2 7 76 61
8 5 31 91
5 5 31 87
1 7 30 87
8 5 42 82
4 6 68 81
7 5 43 86
8 7 43 87
5 5 44 85
7 5 50 49
7 5 50 79
7 5 55 68
3 5 56 64
8 6 84 68
6 5 56 74
7 5 59 49
5 5 65 33
5 5 67 53
5 5 74 47
4 5 77 13
6 5 79 10
4 5 79 30
7 5 87 73
4 6 86 73
2 5 89 43
4 4 1 97
1 4 3 97
8 5 77 96
8 4 5 1
3 5 5 1
8 8 36 2
3 6 8 1
2 7 10 1
8 8 11 1
4 9 11 1
5 9 11 2
8 8 66 2
6 7 10 2
8 6 8 2
4 8 8 1
2 7 7 2
4 5 5 2
5 6 5 2
6 5 13 1
5 7 17 1
7 5 14 1
6 6 25 1
8 5 69 5
5 6 70 9
2 5 79 10
6 4 7 84
4 7 29 84
8 6 35 87
6 6 34 87
3 6 67 82
6 5 11 86
8 6 11 87
1 6 49 87
8 4 7 95
7 6 30 93
4 6 59 96
5 5 70 95
2 5 73 96
3 5 74 97
5 6 74 96
1 7 75 97
2 6 76 91
7 6 80 90
4 4 7 97
1 4 10 1
4 4 10 86
4 6 19 87
2 8 20 86
5 5 19 87
3 6 19 85
2 6 18 87
5 6 18 86
3 5 30 85
1 5 30 86
8 5 41 87
6 7 40 86
5 5 44 86
8 5 74 91
3 4 10 86
6 5 15 85
5 5 15 87
2 5 26 85
3 6 44 87
2 4 12 91
1 4 11 91
7 4 12 95
6 4 13 79
4 5 72 78
7 4 13 87
1 4 15 77
1 4 17 8
2 8 16 6
4 8 29 6
3 8 33 7
1 10 48 6
4 12 48 6
4 14 50 5
4 16 52 5
6 13 52 9
5 14 52 9
4 16 52 9
2 14 52 7
7 15 52 7
4 15 52 7
8 17 52 5
1 30 51 5
1 12 49 7
6 10 48 9
8 12 48 7
7 10 48 9
2 17 47 9
3 9 35 7
5 9 35 9
6 10 35 9
3 14 35 9
1 9 35 7
2 11 35 7
6 13 38 5
8 12 35 6
5 19 38 6
5 12 35 6
4 20 35 5
2 7 33 9
1 8 37 12
2 8 36 15
7 7 33 9
8 9 32 9
4 10 32 7
1 10 30 9
1 6 17 9
6 5 28 9
5 6 32 7
8 5 36 18
2 4 16 12
4 4 17 86
8 5 19 87
7 10 19 86
3 5 35 86
8 4 18 74
8 4 23 87
1 6 22 87
3 4 27 9
8 4 26 9
5 4 25 9
6 7 24 9
8 4 24 11
2 4 27 79
8 4 28 86
6 5 32 87
3 4 29 66
5 5 48 69
2 5 58 69
3 5 79 63
1 4 30 86
7 6 29 85
8 4 31 71
5 5 75 69
2 4 34 5
8 4 34 72
1 4 35 18
4 6 41 16
1 5 42 19
4 6 42 19
1 5 43 21
4 5 43 22
8 6 43 22
1 8 43 22
4 6 42 26
6 7 42 22
4 6 42 22
4 4 35 18
6 6 35 18
2 5 41 19
2 4 35 71
3 5 72 72
6 4 35 97
6 4 36 7
5 4 36 15
1 5 36 17
7 4 35 16
7 4 36 52
4 5 60 53
3 4 39 73
7 5 56 75
1 6 62 71
7 5 62 70
2 5 63 76
2 5 68 75
5 5 74 74
1 5 76 74
6 4 40 55
2 4 42 64
7 5 45 62
7 5 50 63
6 5 49 61
6 4 43 28
5 6 43 28
4 9 43 27
5 5 50 27
5 5 50 32
2 4 43 27
7 6 43 26
4 7 43 25
8 7 43 26
1 6 42 28
8 5 54 24
2 4 43 32
7 7 43 31
4 8 43 32
2 5 43 28
5 5 47 36
2 6 47 35
7 4 42 28
8 5 43 28
8 4 43 36
1 6 43 35
7 8 43 35
3 5 67 41
6 6 78 43
2 4 43 40
5 5 43 40
8 5 43 38
5 5 59 40
1 7 62 41
4 6 62 41
6 5 88 42
8 4 43 91
1 4 44 32
4 5 79 34
3 4 48 33
2 4 45 32
8 4 47 30
4 4 48 40
5 5 55 41
1 4 51 28
1 4 53 83
4 4 54 41
1 4 55 22
2 5 62 19
3 4 55 25
8 4 55 73
2 5 77 75
7 4 55 97
1 6 54 98
2 4 56 47
8 4 58 54
8 4 59 37
1 4 61 37
5 4 62 37
7 4 63 26
7 4 64 55
7 4 70 41
3 5 73 40
1 4 71 91
6 4 75 61
3 5 76 56
4 4 77 56
5 4 78 60
3 4 82 77
6 4 89 51
7 4 91 57
6 3 1 4
1 4 1 4
8 5 1 4
3 6 1 4
4 4 1 7
5 4 1 8
2 6 1 7
3 7 1 7
8 7 1 8
4 7 1 9
2 10 1 8
6 10 1 9
8 11 1 9
4 12 1 10
5 12 1 11
7 17 1 7
2 18 1 7
4 22 3 4
6 20 1 6
7 22 1 5
5 20 1 6
1 13 1 13
2 12 1 14
1 12 1 14
2 11 1 15
7 14 1 12
8 8 1 12
6 9 1 12
2 12 1 9
7 12 1 9
1 9 1 12
6 8 1 12
8 13 2 14
5 8 1 12
3 8 1 12
3 7 5 14
4 6 1 14
6 12 1 14
1 7 3 21
6 8 8 21
3 10 14 21
6 11 15 21
4 11 20 23
3 9 20 26
5 10 20 26
6 17 20 21
3 14 20 26
1 9 20 26
2 18 19 26
1 8 15 26
4 15 14 26
8 11 13 26
3 7 13 26
5 11 14 21
8 7 13 26
4 10 13 21
4 6 7 20
6 6 13 26
7 6 13 26
5 11 12 26
1 9 13 22
6 7 15 1
1 5 1 15
8 6 2 15
4 6 1 15
3 6 10 20
2 9 12 22
4 6 12 26
6 9 11 26
1 9 10 26
2 5 1 21
7 5 1 21
2 11 8 20
5 7 2 21
8 8 6 20
6 5 1 21
3 6 2 20
8 5 1 21
4 10 2 16
7 9 5 22
5 9 5 22
1 5 1 21
3 5 1 21
8 5 32 5
2 4 1 16
2 4 2 24
1 5 2 24
2 6 2 26
1 8 2 26
2 6 1 29
7 4 3 5
6 8 7 2
2 5 10 1
4 4 5 28
7 5 33 30
7 4 4 28
2 4 8 14
7 4 12 22
5 4 12 24
5 5 17 29
1 4 20 36
2 5 20 36
8 7 20 35
5 14 20 32
4 7 20 38
6 11 20 36
7 8 20 39
5 11 20 38
2 7 20 38
1 6 20 38
1 4 20 41
5 5 39 44
4 4 20 41
1 9 21 40
4 10 21 40
4 13 23 38
4 14 25 38
1 9 22 42
4 9 26 42
6 6 21 45
8 9 21 42
1 8 21 45
6 11 21 41
5 5 21 45
2 12 21 42
8 7 22 42
1 7 22 42
7 10 21 42
7 5 20 45
4 4 25 25
6 4 25 36
4 6 26 34
1 8 27 31
4 6 27 32
1 4 25 34
8 4 26 32
2 4 27 26
5 4 28 21
7 4 31 20
4 4 40 47
6 4 48 33
3 5 54 33
3 4 56 49
6 4 69 49
1 4 78 51
1 4 79 52
7 4 84 52
1 3 1 6
2 3 1 5
3 6 19 2
8 4 18 2
8 4 31 1
8 3 1 9
6 3 1 9
7 5 5 7
5 5 7 5
6 4 41 4
2 3 1 9
7 4 1 8
1 3 1 9
8 3 1 23
3 4 15 22
1 4 17 22
6 3 1 23
5 4 1 22
6 4 22 20
8 4 25 19
7 3 1 29
8 3 1 29
4 4 12 31
6 4 12 32
1 4 12 34
4 5 11 35
1 6 50 33
8 4 12 31
3 7 11 32
8 5 10 32
8 4 12 36
3 5 12 36
2 7 12 35
4 10 12 35
3 6 12 40
5 4 12 42
6 6 12 41
3 8 12 41
4 4 13 34
4 5 15 45
8 4 14 41
5 5 20 36
2 4 13 42
6 4 16 46
8 4 18 36
1 6 17 38
4 4 19 34
6 4 19 32
2 4 27 46
1 4 29 33
6 4 32 45
4 6 66 46
2 4 36 36
3 4 51 38
6 3 1 29
7 4 2 31
6 6 3 30
2 6 3 32
7 7 3 32
1 8 3 32
6 11 3 32
8 4 2 32
5 6 2 32
8 5 2 35
1 6 8 36
5 4 3 38
8 6 3 38
3 7 3 38
4 8 3 38
6 12 3 36
1 6 3 42
4 8 3 42
8 6 3 41
3 4 2 44
3 4 3 36
1 4 8 31
6 4 7 31
4 4 7 32
2 4 8 34
2 4 42 44
5 3 1 87
4 5 4 87
1 4 26 86
1 3 1 87
8 4 3 86
7 4 3 87
5 6 3 85
1 7 2 86
2 11 3 84
1 5 2 86
7 5 4 86
3 7 3 87
6 5 4 87
1 5 3 87
2 7 2 87
3 4 2 91
3 5 7 92
1 4 7 86
5 6 6 87
2 4 6 86
6 4 13 92
8 4 26 82
7 4 41 83
8 4 47 83
8 4 65 82
2 4 81 93
7 3 1 87
1 4 8 86
8 6 7 85
5 5 8 84
8 3 1 87
2 4 5 87
3 4 5 87
1 3 1 87
7 4 2 86
4 4 2 87
6 3 1 87
8 3 1 93
7 4 45 92
3 4 49 94
6 4 62 94
7 4 64 94
1 3 1 95
3 5 19 94
8 3 1 95
4 4 2 94
2 4 2 94
2 4 16 94
5 3 1 95
1 4 2 94
3 4 5 94
5 5 9 93
3 6 8 95
4 6 7 95
6 5 8 94
8 7 18 92
7 5 8 94
1 6 7 95
7 4 6 94
5 4 3 94
4 5 6 93
7 5 6 94
7 3 1 95
8 4 3 94
6 4 26 94
5 4 26 94
7 6 25 95
5 5 35 93
3 4 36 94
4 3 1 95
5 4 4 94
3 4 21 94
4 6 20 95
8 4 20 94
5 5 20 93
1 3 1 95
3 5 7 93
4 5 7 93
6 4 2 94
6 5 5 93
7 4 2 94
4 4 17 92
2 4 17 94
7 4 22 94
2 4 42 92
2 3 1 95
1 4 2 94
5 4 4 94
8 4 13 94
1 4 18 93
4 3 1 95
2 5 2 94
3 4 3 92
4 4 53 91
6 4 56 89
2 4 63 91
5 4 66 90
5 4 76 90
8 3 1 95
6 3 1 95
6 6 13 93
5 3 1 95
2 3 1 95
8 4 8 94
1 4 6 94
4 4 8 94
7 5 8 93
6 3 1 95
2 3 1 95
4 4 4 94
6 6 3 95
5 3 1 95
2 3 1 95
7 3 2 25
2 4 2 26
3 3 2 27
8 3 3 47
3 4 3 47
2 6 3 46
4 10 3 44
3 5 3 50
4 4 22 51
6 4 22 52
5 5 22 52
4 7 22 52
2 4 22 51
7 5 22 51
5 7 26 50
4 5 22 51
8 7 22 49
1 9 22 50
2 4 24 53
2 4 45 54
3 5 60 49
3 3 3 46
5 5 3 46
6 6 2 47
3 5 3 48
1 5 2 47
5 4 6 48
5 5 9 50
4 4 9 52
6 5 9 52
4 7 13 51
6 7 13 52
1 14 12 52
4 10 12 52
7 6 9 52
5 8 9 52
2 5 9 50
8 7 8 52
7 6 8 49
2 7 7 52
2 5 9 55
2 6 72 58
1 4 6 52
3 5 5 52
6 4 7 49
7 4 14 53
5 4 26 45
6 4 41 43
8 5 39 44
3 4 37 44
5 4 50 46
8 4 52 51
4 4 79 60
8 5 81 58
1 3 3 44
2 4 2 44
8 6 1 45
5 5 2 42
2 4 24 46
7 4 27 43
5 3 3 47
4 4 6 48
5 3 3 52
6 4 3 52
4 4 31 51
7 3 3 89
7 3 3 93
8 3 4 52
7 4 23 53
2 3 4 50
2 3 7 29
4 4 19 31
5 3 7 81
5 4 16 80
4 5 47 79
6 5 48 81
8 4 20 79
2 4 37 78
6 5 41 78
4 4 41 79
7 4 41 79
7 5 66 77
8 3 7 91
5 3 7 90
5 3 8 20
5 8 16 19
1 3 8 31
8 5 11 32
2 4 21 30
6 3 8 32
8 4 14 32
8 3 9 16
6 3 9 17
4 4 11 15
7 3 8 18
2 3 9 18
1 3 9 58
8 4 33 60
6 4 41 62
5 4 43 60
4 4 47 64
6 4 55 64
5 4 71 61
2 4 80 65
7 4 80 65
3 4 80 66
4 4 79 65
8 3 9 56
6 4 11 55
1 4 44 57
3 4 50 59
1 4 77 58
1 3 9 56
4 8 9 55
6 4 9 59
1 5 9 60
4 5 8 61
5 4 22 63
2 5 21 63
7 4 20 63
1 4 19 63
2 5 26 65
4 4 27 59
2 4 28 54
5 5 29 56
4 4 29 58
7 4 32 64
3 4 35 65
5 4 47 54
6 4 53 66
5 4 53 65
3 4 64 66
1 4 67 65
8 3 9 63
1 7 9 61
4 5 8 64
6 4 8 63
8 5 25 63
4 4 16 63
3 4 24 61
6 4 24 63
2 4 27 61
8 7 28 62
1 5 25 63
6 4 34 67
7 5 37 68
5 4 36 62
8 4 43 69
4 4 79 68
4 3 7 63
4 3 9 61
4 5 11 59
4 5 13 58
1 4 40 62
8 4 60 56
6 3 9 66
5 4 9 66
4 7 9 65
5 4 16 69
7 4 50 64
2 3 9 65
7 5 9 64
4 5 9 64
8 6 9 64
1 4 8 66
8 5 45 65
1 4 48 66
2 4 63 67
2 3 9 69
7 5 9 68
4 6 9 69
2 4 9 66
5 4 8 65
2 5 32 63
5 4 16 67
2 5 35 71
7 4 35 72
6 4 47 70
8 5 70 73
7 4 73 74
6 4 76 72
8 3 9 72
1 5 9 71
7 7 9 71
2 5 9 71
2 4 9 74
5 5 9 76
8 6 39 73
8 4 10 73
3 4 42 71
5 4 43 74
4 3 7 72
4 4 19 70
5 5 19 71
3 4 19 70
4 4 27 73
6 5 41 68
2 5 40 70
4 4 44 70
3 4 55 74
6 7 56 73
5 4 67 76
5 3 7 71
7 3 6 72
5 3 9 71
5 4 37 71
5 5 39 70
7 4 39 74
3 6 44 73
1 3 10 6
2 4 19 5
4 3 9 6
1 3 10 69
7 4 42 68
3 3 10 80
6 4 49 80
4 4 51 78
5 5 72 80
2 3 11 21
8 3 11 41
1 4 14 41
3 4 29 38
2 3 11 69
8 3 12 21
1 3 12 63
2 3 12 63
3 5 9 64
1 4 14 61
7 4 14 59
7 3 12 61
2 4 13 59
8 5 19 58
7 4 21 59
5 5 22 60
8 5 26 59
5 4 50 59
6 4 59 56
1 3 12 83
4 4 19 83
2 3 13 1
1 4 36 1
4 4 36 1
4 3 13 24
2 3 13 50
6 3 13 82
3 3 12 82
6 3 14 25
5 4 21 24
1 5 18 25
6 3 14 33
4 3 14 77
8 3 14 90
2 5 62 90
3 3 14 92
4 4 52 90
7 3 15 1
5 3 15 38
2 3 13 38
1 4 37 36
8 4 40 35
2 3 15 41
8 4 28 40
1 4 35 43
1 3 15 59
7 4 15 57
2 4 15 57
5 5 15 56
6 3 15 60
4 4 20 59
2 4 19 59
1 3 15 88
4 3 15 92
4 3 16 33
7 5 15 32
2 4 24 32
6 4 25 32
8 3 16 62
2 3 16 68
2 4 27 67
5 3 15 68
7 3 13 68
4 3 17 2
1 3 17 1
1 3 17 20
3 3 17 19
2 4 16 19
5 3 17 30
4 3 17 68
5 3 18 38
6 5 23 35
3 3 18 43
6 3 18 51
5 3 18 58
4 5 56 58
5 4 62 57
3 3 17 58
1 4 17 58
3 3 19 2
3 3 19 30
1 3 19 34
3 3 20 23
7 3 20 50
2 3 20 55
1 4 28 54
6 4 41 53
1 3 20 73
8 4 43 74
3 3 21 2
7 4 46 1
5 3 21 54
8 3 20 54
7 4 35 55
4 3 21 53
6 3 22 1
4 3 22 48
2 4 25 49
6 4 28 50
7 4 32 51
6 3 22 49
1 4 29 49
5 4 41 50
5 3 22 47
1 3 22 45
6 4 22 46
5 3 23 81
8 3 24 64
3 3 24 65
8 5 28 64
4 4 44 66
1 3 24 70
4 4 33 71
6 3 24 87
4 3 25 39
4 3 28 64
6 3 28 70
3 5 33 69
5 3 29 42
1 3 30 39
4 3 31 42
3 3 32 37
4 4 34 37
2 3 32 54
8 3 32 57
1 3 33 89
6 4 47 90
3 3 35 69
2 3 35 67
8 3 35 70
1 3 34 70
3 3 35 80
7 4 55 80
6 3 37 1
4 3 37 56
5 3 37 88
2 3 38 48
8 3 38 49
2 3 39 1
7 4 39 2
4 5 38 2
6 3 39 74
2 3 40 82
5 3 42 71
6 3 46 75
5 3 47 66
7 3 48 74
5 3 49 77
8 3 49 90
6 3 50 59
1 3 51 73
1 3 51 85
7 3 52 91
4 3 51 92
6 3 52 91
2 3 53 58
3 3 54 75
2 3 56 57
7 3 56 88
6 3 71 84
6 2 1 1
5 3 41 1
5 2 1 1
7 3 1 1
6 4 1 1
5 4 23 3
1 3 1 1
4 4 29 2
2 4 35 2
1 3 28 2
1 2 1 6
1 4 4 5
2 3 4 4
5 5 25 2
2 4 25 2
4 4 28 1
7 3 3 5
1 4 3 4
7 4 21 5
5 3 2 4
7 3 22 5
7 3 24 5
1 2 1 16
5 4 2 16
1 3 8 15
6 3 8 17
5 3 10 16
4 3 13 18
3 2 1 18
5 3 14 18
4 2 1 26
6 3 10 25
4 3 9 25
2 4 15 23
5 2 1 28
4 3 10 27
2 2 1 30
1 3 1 31
5 3 9 29
5 3 22 31
4 2 1 29
4 2 1 32
6 2 1 32
2 6 2 30
1 3 2 31
8 3 2 32
2 4 11 32
4 4 29 34
7 3 1 32
1 4 9 33
4 3 13 35
5 5 13 34
4 3 16 31
1 3 17 36
1 3 23 34
3 2 1 36
5 4 3 36
6 5 5 34
4 3 4 36
4 3 18 34
8 4 20 34
2 3 34 39
4 2 1 36
7 3 1 35
6 3 8 33
3 4 7 32
4 3 6 33
6 3 12 31
7 3 13 30
8 3 15 29
2 2 1 36
3 2 1 35
6 3 23 36
8 2 1 35
1 3 1 35
8 4 11 37
1 3 17 37
6 2 1 42
1 3 3 42
5 4 33 43
5 3 3 41
4 3 3 40
5 3 9 43
8 3 9 42
2 3 9 42
8 5 9 43
6 4 24 41
7 3 8 42
5 3 19 45
4 3 18 44
3 4 18 43
3 3 18 45
8 3 17 46
1 3 18 46
3 4 19 46
5 3 22 47
3 3 30 46
1 3 36 49
6 3 38 49
3 2 1 42
2 4 1 42
2 3 15 45
6 3 15 46
4 5 17 46
7 3 19 44
5 3 19 44
2 3 23 46
3 2 1 45
4 2 1 78
2 3 1 78
7 4 1 78
4 5 1 78
8 6 1 78
1 7 1 78
7 8 1 78
2 6 1 78
8 4 14 77
5 4 25 85
7 3 6 84
8 4 7 83
4 3 26 79
5 3 27 83
5 3 29 80
5 4 34 77
7 3 31 83
2 3 33 78
8 3 42 77
2 3 55 80
4 3 55 81
4 3 62 77
1 5 62 76
5 2 1 83
4 3 4 84
3 4 5 84
6 3 5 83
4 3 5 86
7 4 5 86
8 4 31 87
3 3 8 88
5 4 13 87
4 3 7 89
3 3 17 88
6 3 17 90
7 3 25 82
7 3 28 87
3 3 28 87
3 3 29 84
1 3 28 84
1 3 36 91
4 3 37 89
6 3 39 84
8 3 50 82
6 3 50 88
1 2 1 83
7 4 46 83
2 3 4 83
1 3 4 84
4 3 20 83
6 4 57 82
6 3 19 84
6 3 24 85
7 2 1 88
8 3 2 86
2 3 6 88
5 3 5 88
4 3 5 89
2 4 39 88
1 3 29 89
7 3 42 89
1 3 49 90
8 2 2 6
1 2 2 11
5 2 2 18
4 2 2 25
2 3 2 26
1 4 9 25
8 4 9 23
7 3 8 26
6 2 2 29
5 3 2 28
1 3 6 29
2 3 13 30
1 3 16 28
4 2 2 33
1 3 5 32
5 3 4 34
7 4 4 33
6 2 2 33
2 3 2 32
2 4 4 32
3 2 2 36
6 2 2 37
2 2 2 47
4 3 2 46
7 3 2 47
4 3 24 46
4 2 2 47
6 3 21 47
3 3 26 48
5 3 29 50
4 3 28 51
5 3 35 51
8 3 34 52
7 3 33 51
4 3 33 50
8 2 2 49
3 3 19 48
2 3 28 50
3 3 27 51
4 2 2 77
6 3 10 75
1 3 9 75
1 4 40 75
7 3 12 78
7 3 15 79
6 3 20 74
4 4 39 74
4 3 20 79
1 3 19 78
5 3 19 80
7 3 30 80
6 3 29 80
3 3 33 81
2 3 43 75
6 3 43 74
2 3 49 82
2 2 2 77
7 3 38 77
8 3 53 76
5 3 53 76
5 2 2 86
2 4 13 84
4 3 14 82
8 3 17 84
5 3 22 83
8 3 23 83
4 3 41 83
5 2 2 92
1 3 14 90
2 3 14 90
3 3 33 91
5 3 32 92
8 3 42 90
3 3 42 90
2 2 3 14
6 2 3 16
2 2 3 21
7 3 11 19
1 2 3 20
6 2 3 27
4 2 2 28
7 2 3 27
4 3 4 26
2 3 3 27
3 2 3 28
7 3 3 28
6 2 2 29
8 2 2 29
3 4 4 29
1 2 2 28
4 2 2 31
8 4 10 30
7 3 4 29
3 2 3 47
6 3 14 46
6 3 16 47
1 2 2 47
1 3 15 47
4 3 14 48
5 3 18 47
4 2 3 54
7 3 12 53
6 3 11 53
7 4 17 52
3 4 17 51
1 3 17 52
4 3 23 55
1 3 21 55
7 3 24 49
3 3 24 48
7 3 25 56
2 3 27 57
5 3 28 54
3 3 29 55
6 3 38 58
4 4 44 57
7 3 41 59
7 3 46 56
7 2 3 53
6 3 31 54
3 2 3 55
1 3 3 55
2 5 3 54
8 5 3 55
5 5 3 56
4 5 3 57
6 6 3 57
7 6 3 58
5 9 3 57
2 4 3 62
1 5 3 62
4 4 3 64
6 4 3 65
1 6 3 65
4 5 2 67
7 5 14 68
6 4 21 58
2 4 30 60
3 4 29 61
8 3 3 69
1 6 3 68
4 5 2 70
6 4 2 69
6 4 3 71
8 3 2 70
7 4 6 72
6 4 7 69
5 4 15 75
3 4 40 73
4 3 1 72
5 3 3 73
4 5 2 74
7 3 4 55
2 4 21 52
6 3 5 65
8 3 4 65
1 6 22 64
7 4 22 65
2 3 4 64
5 4 5 64
1 4 10 65
8 3 7 61
5 4 7 60
2 4 6 61
1 3 6 61
5 3 5 61
1 3 9 68
1 3 11 56
6 3 10 58
8 3 10 56
3 3 11 63
6 3 11 72
3 4 11 71
5 3 12 67
6 4 34 68
2 3 11 66
4 3 12 71
3 3 13 77
8 4 13 79
5 5 13 78
3 5 15 78
5 3 16 55
5 3 19 53
1 3 21 71
5 3 21 80
4 3 23 52
1 3 24 58
1 3 27 54
8 3 29 56
6 3 29 81
7 3 33 73
1 3 33 80
4 3 41 69
8 3 43 76
4 2 1 69
8 3 2 67
8 3 3 69
1 3 6 68
3 3 8 69
6 3 7 70
4 3 19 71
8 3 18 71
2 3 25 72
5 4 25 71
3 3 30 67
5 3 30 74
3 2 2 54
8 3 13 52
2 4 12 53
3 4 13 52
5 2 2 54
2 3 8 54
8 3 31 56
1 3 31 56
6 2 2 63
7 2 2 69
7 4 21 69
3 3 3 67
5 4 16 69
4 3 3 66
4 3 5 69
4 3 14 68
3 3 29 69
3 2 2 71
5 3 5 71
7 3 17 70
2 3 19 71
1 3 25 68
2 2 3 56
4 3 3 56
4 3 23 57
8 2 3 56
7 3 4 56
1 3 3 56
5 3 14 58
4 2 3 56
8 3 4 56
4 3 7 58
6 2 2 56
3 2 2 56
1 3 4 57
4 3 11 59
3 3 13 61
4 3 12 61
5 3 25 60
7 2 2 57
1 4 21 57
6 2 1 57
2 4 4 56
1 3 17 55
1 2 2 57
3 4 13 55
4 3 2 56
3 3 9 57
2 3 16 55
8 2 3 61
7 3 4 62
6 2 3 61
3 3 20 60
8 3 20 62
2 2 3 75
3 3 7 75
1 3 25 73
4 2 3 74
3 2 3 73
1 2 2 73
2 5 8 72
7 4 15 72
8 4 27 74
3 3 15 72
2 4 25 73
3 3 17 75
8 3 21 72
1 4 23 72
5 3 22 73
7 3 26 75
3 3 30 77
8 2 3 77
2 3 16 76
4 3 24 77
3 2 3 93
5 3 4 92
4 3 3 93
7 3 12 92
5 3 23 92
6 2 4 4
5 3 6 3
5 3 12 2
1 3 13 4
4 3 15 2
7 2 4 3
3 3 6 4
6 3 9 5
4 2 4 2
1 3 4 3
4 3 11 5
6 3 10 5
5 3 13 1
2 2 3 3
8 3 3 3
7 3 3 2
4 3 3 4
1 2 3 4
2 4 6 3
4 3 4 3
1 3 14 2
5 3 16 6
2 2 2 4
5 2 4 28
6 2 4 43
7 3 9 42
2 2 4 45
4 2 4 46
8 2 4 47
3 3 3 47
1 4 6 46
8 3 7 46
2 3 7 47
5 3 17 49
1 3 25 49
8 2 3 46
4 2 3 48
5 3 7 48
1 3 8 48
7 3 8 47
5 3 17 49
8 4 24 49
4 2 4 48
8 2 4 47
1 3 6 46
7 3 5 46
4 3 7 45
2 3 15 44
5 2 4 47
3 2 4 56
3 2 4 61
8 4 15 59
3 3 16 62
7 2 4 62
5 3 7 61
4 3 6 62
6 3 22 62
2 3 24 62
5 2 4 65
3 2 4 65
6 2 3 65
5 3 3 64
7 3 3 65
4 3 4 66
5 4 11 66
8 3 3 67
6 3 5 64
4 3 6 65
1 3 7 67
8 3 6 66
3 3 5 67
7 3 5 68
8 3 18 66
7 2 4 64
3 3 4 64
4 3 11 66
5 2 3 66
5 2 4 75
8 3 4 74
8 3 12 74
6 3 17 73
6 2 2 75
2 4 17 73
2 2 4 74
4 2 4 75
7 3 9 74
1 2 4 89
3 3 21 88
8 2 4 90
3 3 17 91
2 3 22 90
2 2 4 90
6 4 14 89
7 2 5 18
5 2 5 19
4 2 5 29
8 2 5 34
8 2 5 48
8 2 5 53
2 3 4 54
4 4 7 53
6 3 8 54
1 3 6 54
1 2 3 54
8 2 4 54
4 2 4 53
4 2 5 54
2 2 4 54
8 2 5 70
4 3 8 71
4 2 5 72
6 3 6 70
3 2 5 72
7 4 5 71
4 4 11 70
1 2 5 76
4 3 7 77
8 3 22 77
3 3 33 76
2 3 32 78
6 3 31 78
7 2 5 80
7 3 13 81
1 3 21 79
5 3 30 78
3 3 34 77
4 2 5 84
2 4 33 83
7 3 23 84
1 2 5 92
3 3 5 91
1 4 16 91
7 4 14 90
8 3 11 92
5 2 6 12
8 2 5 13
6 3 5 12
3 2 4 12
7 2 4 12
7 2 5 14
5 2 4 15
4 2 6 21
1 2 6 30
5 3 6 30
4 2 5 31
8 2 6 37
5 3 18 36
7 3 19 38
1 3 17 38
3 2 6 36
8 2 6 66
1 2 6 65
8 3 7 66
6 3 15 66
8 2 6 72
7 2 6 82
2 3 16 80
2 3 19 81
3 3 18 80
5 3 25 81
5 2 6 82
4 3 23 83
6 3 22 84
2 3 22 84
3 3 31 80
8 3 36 80
3 2 6 88
8 3 5 88
7 3 22 87
2 2 7 36
3 2 7 36
8 2 7 37
1 2 7 38
6 2 7 41
2 2 7 41
4 3 18 42
8 3 29 39
5 2 6 42
8 3 11 41
6 2 7 76
2 3 6 76
6 3 22 76
4 3 21 77
6 2 6 75
7 2 5 76
1 3 7 76
4 4 35 77
2 2 5 76
3 3 16 77
5 3 23 77
2 3 24 77
6 4 24 77
6 2 6 77
4 2 7 74
5 3 11 75
1 4 13 76
1 3 17 78
8 2 6 74
2 2 6 73
1 2 6 72
1 3 7 72
6 2 7 89
5 3 8 87
2 2 8 24
7 3 7 24
5 3 8 23
2 3 16 23
6 2 7 24
6 2 8 24
4 3 11 24
7 2 8 36
3 2 8 35
7 3 9 34
5 3 8 35
6 2 8 40
3 2 8 48
8 2 8 55
2 2 8 68
3 2 8 79
7 2 8 79
1 2 8 78
2 3 13 76
6 3 14 79
8 3 13 78
8 3 20 79
1 3 19 80
3 3 33 80
3 2 8 93
2 3 8 92
5 3 7 92
7 3 28 91
1 2 6 92
1 3 27 90
3 2 8 91
7 2 9 6
1 4 9 5
6 2 9 16
7 2 9 23
4 2 9 37
1 2 9 41
6 3 10 41
2 2 9 56
6 2 9 59
1 2 9 80
7 3 11 78
6 3 15 76
4 3 27 80
5 3 33 81
2 3 32 81
6 2 9 91
7 2 9 92
4 3 10 90
3 2 9 91
2 2 10 1
2 2 10 6
6 2 9 6
7 2 10 18
1 2 10 24
7 2 10 23
3 2 10 24
2 2 10 35
2 2 10 39
8 3 19 40
7 3 18 40
5 3 18 39
4 2 10 58
3 3 13 59
1 2 9 58
2 2 8 58
7 4 14 56
6 2 10 62
1 3 10 61
7 2 10 69
2 2 10 76
4 3 9 77
6 3 18 76
8 2 11 1
5 3 14 2
2 2 11 1
7 2 10 1
1 2 9 1
6 2 9 1
5 2 8 1
4 2 9 2
3 2 9 1
6 2 11 2
8 3 11 3
1 2 11 24
5 2 11 27
2 2 11 52
4 3 15 51
6 3 21 50
5 2 11 51
8 2 10 52
2 2 9 52
5 2 11 57
6 3 11 56
3 3 11 55
2 2 11 79
7 3 18 77
7 4 20 79
2 3 21 81
3 3 21 80
6 3 21 80
8 2 11 93
2 3 10 93
8 2 12 44
1 2 12 45
3 2 12 46
6 2 12 51
4 2 12 61
1 3 12 60
2 4 13 61
6 6 11 61
8 4 12 61
7 2 11 62
7 2 12 77
1 2 12 76
2 2 12 76
4 2 12 80
8 3 18 79
1 3 18 81
2 2 13 38
2 2 13 41
8 2 13 59
4 2 13 59
4 2 13 63
1 3 13 62
4 2 13 62
6 2 13 92
5 3 12 93
8 2 13 91
4 2 14 3
3 2 14 38
2 4 18 39
1 2 14 40
4 2 14 43
8 2 13 43
4 2 14 49
3 2 14 69
8 2 14 78
5 2 15 1
3 2 14 1
1 2 14 1
8 3 14 1
8 2 15 59
6 2 15 83
7 2 14 83
8 3 22 82
8 2 14 83
4 2 14 83
3 3 16 82
6 3 17 81
5 2 14 82
1 3 14 81
7 2 13 81
2 2 14 82
8 3 26 83
3 3 26 81
8 2 15 89
7 3 22 88
6 3 26 88
5 2 15 92
2 2 16 49
7 2 15 49
3 2 16 80
2 3 16 80
3 2 16 80
5 3 15 81
4 3 16 82
7 2 16 84
1 3 16 85
6 2 16 90
1 3 20 88
6 3 20 87
2 2 17 22
8 3 16 22
7 3 15 22
6 2 17 39
1 2 17 79
5 2 17 88
2 2 17 91
8 3 16 92
1 2 18 20
3 2 18 39
5 2 17 40
5 2 18 51
6 2 18 80
8 2 19 50
3 2 19 59
3 2 19 78
1 2 19 82
4 2 19 84
8 2 20 88
1 2 20 87
2 2 22 40
2 2 22 69
8 3 21 69
1 2 21 69
8 2 22 88
7 2 22 87
1 2 23 51
1 2 23 73
4 2 23 88
2 2 22 89
7 2 26 8
4 2 27 39
8 2 28 1
