97133
1563
1 68 25 36
1 59 93 18
6 55 54 6
7 50 113 39
6 49 74 34
5 64 127 13
5 52 136 6
2 44 101 26
5 40 40 23
4 36 74 2
4 43 124 28
8 34 39 9
8 34 101 29
2 33 33 12
6 33 60 25
6 33 118 34
4 37 152 31
2 32 6 2
4 32 150 22
4 28 26 41
4 60 165 41
3 29 44 41
6 28 42 29
7 30 114 18
3 27 7 12
4 27 42 30
4 27 61 25
2 28 127 36
7 25 93 14
5 24 10 18
8 24 14 30
4 29 53 15
8 35 124 12
2 24 68 46
2 28 82 42
7 24 83 1
3 23 102 41
1 23 132 43
1 22 78 20
2 24 148 34
8 19 6 21
8 19 47 25
1 19 79 7
7 22 84 6
7 19 88 37
3 24 119 35
5 19 119 5
4 19 131 41
7 21 151 48
6 18 85 37
5 17 48 7
3 17 55 34
4 17 61 45
3 17 65 37
3 28 67 37
5 17 68 15
8 17 78 5
2 17 107 3
5 20 122 5
1 20 127 5
1 17 133 27
4 23 137 1
8 17 140 16
4 17 145 46
6 20 150 47
2 17 154 7
2 16 74 40
7 16 82 26
1 22 122 28
6 16 87 6
2 16 93 17
4 16 96 12
2 16 102 17
1 16 111 18
7 15 7 23
4 21 70 22
7 15 7 34
4 15 52 30
1 19 83 31
8 15 59 5
4 16 84 4
4 15 72 40
6 27 70 41
7 15 73 5
5 14 42 9
4 15 93 8
5 14 44 42
3 16 111 22
8 15 122 23
6 15 125 23
5 14 131 19
2 14 132 37
8 13 13 40
5 13 29 7
6 15 42 10
8 20 79 10
5 14 47 15
1 17 126 13
4 13 49 32
8 14 120 31
2 16 124 31
3 13 55 3
1 17 93 1
4 13 69 32
1 13 102 44
6 13 130 9
6 15 134 26
1 12 9 5
1 20 39 4
6 15 64 4
1 14 83 2
1 15 123 1
3 12 16 21
4 12 26 46
3 14 100 45
3 12 48 10
2 12 84 12
2 12 126 45
5 11 5 31
3 15 79 31
6 11 6 19
3 13 106 20
3 11 6 24
2 20 88 24
3 12 103 25
7 11 16 36
1 11 21 4
1 11 44 24
7 11 63 27
2 11 80 15
6 11 86 31
7 11 88 6
8 12 125 6
1 11 120 46
5 12 110 48
4 14 130 7
2 12 130 47
3 10 3 32
8 11 50 31
6 10 22 27
1 12 38 27
1 12 80 28
6 18 95 25
2 10 25 49
6 11 125 25
4 10 31 38
2 13 62 36
1 10 34 34
5 13 69 34
1 10 36 35
3 10 48 42
4 10 60 31
5 10 79 22
6 10 98 22
5 11 108 21
1 10 136 21
2 9 3 25
2 9 10 27
8 10 110 27
6 9 11 4
8 10 57 1
2 10 83 3
6 10 81 2
3 9 13 2
6 10 20 3
2 15 20 2
1 10 20 6
5 9 26 19
6 10 28 20
8 11 79 21
2 9 26 37
3 9 27 27
2 9 28 19
4 9 31 16
2 9 32 12
3 11 131 12
4 9 41 22
5 10 99 25
8 9 42 20
6 11 44 21
7 12 51 22
3 9 44 46
4 9 44 44
4 9 50 9
3 9 50 19
3 9 60 6
1 9 63 39
3 10 104 40
4 12 123 39
7 10 117 38
8 10 110 40
3 9 76 40
7 9 78 49
3 16 142 48
4 9 89 11
6 9 97 43
1 9 98 13
7 8 3 14
7 10 96 15
3 9 78 13
3 10 109 11
1 9 86 15
3 9 104 16
1 8 4 46
6 8 30 27
2 8 36 19
5 8 57 12
5 9 88 11
4 9 98 19
4 8 64 42
2 8 69 34
7 8 72 3
6 8 74 32
4 9 90 33
8 8 77 1
6 8 78 38
2 9 106 38
8 8 100 30
4 9 117 9
3 9 116 9
8 7 5 49
5 7 6 20
2 11 45 18
1 7 9 28
2 11 29 30
5 8 39 32
3 9 39 32
7 8 117 18
3 7 15 13
7 7 16 3
3 9 20 4
8 8 39 3
7 7 18 34
3 8 22 33
4 9 25 33
7 8 38 32
2 10 83 34
5 7 19 27
2 8 25 24
7 9 52 26
6 7 19 29
6 7 24 46
4 7 24 45
1 10 85 42
1 8 108 28
6 7 24 42
3 7 27 32
5 7 29 22
3 7 31 9
5 8 74 10
5 8 89 8
2 7 32 39
2 7 37 4
2 7 48 15
4 7 46 12
1 7 52 10
8 7 57 32
7 7 51 32
2 8 49 31
1 8 80 34
5 7 65 38
5 7 98 10
1 7 100 28
7 7 103 28
8 7 111 36
7 7 112 29
6 7 114 40
7 7 130 48
1 6 4 21
4 7 23 19
4 6 7 1
4 6 9 4
3 6 9 33
4 15 13 31
8 7 30 28
4 7 34 22
8 7 36 30
5 7 51 22
4 7 86 26
7 6 9 48
3 8 49 47
6 7 92 34
6 7 109 36
1 6 13 45
5 6 13 43
2 6 16 15
1 9 16 15
6 8 73 17
6 7 66 14
7 6 16 33
6 7 16 33
5 10 20 32
7 6 24 39
5 8 44 39
6 8 64 38
2 8 74 40
5 6 26 3
1 6 26 29
7 8 67 28
5 8 79 39
2 8 91 41
3 7 28 31
7 6 27 23
4 9 44 22
7 9 61 23
3 7 54 25
5 6 30 15
2 7 91 14
7 6 43 50
3 7 92 28
4 6 51 35
8 7 78 37
4 8 94 36
2 6 54 45
6 8 103 45
8 6 60 9
1 8 82 8
8 9 100 8
7 6 64 19
7 6 71 45
3 8 81 46
2 6 73 49
3 6 78 18
7 6 81 11
8 8 86 13
7 7 88 9
1 6 93 21
1 8 104 43
7 7 102 42
3 6 110 48
8 6 113 30
5 5 3 3
3 6 28 4
7 6 36 2
5 7 36 1
2 6 43 1
5 5 3 26
4 6 13 25
3 6 29 23
1 6 86 24
7 6 89 24
5 5 3 33
3 6 51 34
8 8 59 34
4 5 4 7
5 6 4 8
4 5 4 8
7 6 26 6
5 6 62 7
4 5 4 23
8 6 87 24
5 5 5 11
8 6 78 8
8 7 89 12
6 5 5 14
3 6 61 12
6 6 58 12
5 7 58 13
7 6 64 10
2 6 101 10
7 6 101 10
8 5 6 44
6 6 9 44
4 6 64 44
5 6 88 43
5 5 11 22
4 6 8 23
6 6 12 20
8 6 17 23
2 6 27 24
5 6 29 18
3 6 92 25
2 5 10 24
1 8 9 24
5 10 61 24
7 6 66 24
2 5 11 25
5 5 12 39
5 6 97 38
8 5 16 34
6 6 33 36
6 6 47 37
5 6 50 35
3 5 17 37
4 6 31 36
2 5 17 37
7 6 33 38
2 6 66 36
5 5 17 38
1 5 18 17
2 7 53 14
6 7 86 13
2 5 21 33
3 5 23 27
4 5 23 27
2 5 23 50
4 5 28 4
2 5 29 3
8 6 29 2
3 5 30 48
7 5 30 46
2 6 40 46
8 7 58 46
2 6 74 45
3 6 85 43
2 5 31 43
8 8 34 42
3 6 39 44
4 6 51 38
6 6 80 43
5 5 33 32
1 5 35 45
2 6 37 43
5 7 39 44
3 5 36 49
8 5 42 40
2 5 42 40
7 5 43 46
3 5 44 12
4 6 49 11
7 6 48 11
6 5 44 41
8 5 45 29
3 6 54 27
4 5 54 28
7 5 56 37
1 5 57 23
8 5 63 46
1 5 65 45
2 5 68 14
7 6 82 14
1 5 69 15
4 5 71 13
2 8 81 13
6 6 84 15
5 6 82 16
1 5 73 28
7 5 76 15
4 5 78 28
2 6 98 29
4 5 84 29
7 6 92 29
6 5 89 13
8 6 143 1
1 4 1 2
4 6 113 1
5 4 2 13
7 6 17 12
3 5 28 11
7 6 92 9
8 4 4 33
8 4 4 41
1 7 42 40
5 9 41 40
8 8 80 39
7 5 38 41
7 5 74 42
8 4 5 18
2 5 8 19
6 5 19 20
3 5 22 18
6 5 24 18
5 5 39 21
6 5 73 17
3 4 5 28
7 7 67 27
2 5 83 29
5 4 5 35
4 4 6 20
7 5 28 19
4 5 65 17
1 4 7 16
1 7 18 17
5 5 6 15
8 5 15 15
8 6 57 14
4 5 21 13
5 4 8 39
7 7 49 38
4 5 12 40
8 5 46 38
1 8 66 39
8 7 66 40
3 5 73 43
3 4 10 2
4 5 11 2
5 5 9 2
6 6 13 4
4 8 16 3
6 6 31 1
7 6 93 1
4 5 50 6
5 5 90 8
6 5 96 2
2 6 102 2
1 4 10 32
4 6 9 33
2 6 15 31
6 4 11 12
3 5 19 13
4 5 27 12
7 5 31 11
7 6 77 13
3 4 11 17
6 4 11 48
4 4 12 3
7 4 13 23
8 5 56 23
3 4 13 22
6 4 13 24
4 4 12 23
6 5 19 23
8 5 42 21
1 6 58 25
8 6 61 27
8 4 15 19
2 7 62 17
8 5 17 16
5 5 40 17
5 4 15 44
3 5 15 44
6 5 34 44
4 5 58 44
2 4 16 7
3 4 17 48
1 6 20 48
8 6 17 48
4 5 21 49
8 5 37 49
3 8 43 48
2 6 63 46
7 5 77 10
6 5 75 10
4 8 86 9
8 6 88 47
5 4 18 13
7 6 22 14
4 4 19 18
2 4 22 24
3 4 20 24
7 4 22 22
3 4 22 42
7 4 24 26
4 4 24 43
3 4 26 20
7 4 27 50
7 4 29 8
8 5 56 9
6 4 29 19
6 4 30 30
2 4 30 35
4 4 31 12
2 6 30 10
2 7 47 9
1 5 49 12
4 5 50 10
5 5 66 30
1 4 31 27
1 5 48 25
2 4 32 26
6 4 32 39
4 4 33 6
8 4 33 21
8 4 33 37
8 5 45 35
7 5 43 36
3 4 34 10
2 5 33 10
3 4 37 1
5 5 45 8
1 5 94 1
3 4 38 14
6 4 39 46
5 5 58 45
7 4 41 26
5 4 43 28
7 5 66 28
1 5 78 29
3 7 76 29
6 4 41 28
5 5 70 28
4 4 41 28
6 4 46 1
3 5 96 1
3 4 47 14
4 4 51 36
2 5 60 36
5 4 52 6
7 4 56 40
3 5 57 40
7 5 69 38
6 5 68 39
1 4 59 14
4 5 59 14
1 4 60 12
7 5 59 13
8 6 59 12
7 4 62 20
8 4 64 34
5 4 64 35
1 4 65 30
4 4 65 34
5 4 66 1
7 4 66 2
8 4 65 2
4 4 66 6
1 5 65 6
2 4 67 10
6 4 69 14
8 4 74 8
1 4 74 7
6 4 74 30
7 4 77 19
3 4 77 36
8 4 78 31
1 4 104 48
8 4 105 18
4 4 115 1
8 4 128 1
7 3 1 31
5 4 16 29
7 5 22 31
3 4 60 30
6 3 2 11
1 4 32 11
6 4 32 10
6 5 35 9
1 4 61 10
6 3 2 16
1 4 18 18
4 4 21 14
6 4 29 17
7 4 28 18
3 4 46 13
8 4 51 17
7 5 61 15
2 4 61 13
6 4 81 17
7 3 2 19
3 4 41 18
3 4 55 18
1 3 2 44
2 4 10 45
2 5 15 42
6 4 10 46
1 5 13 42
8 5 24 39
2 6 41 40
4 4 28 47
2 4 44 48
4 4 49 38
3 4 51 38
2 4 51 40
7 4 52 42
6 4 51 41
5 4 80 48
3 3 3 7
4 4 74 6
2 3 3 7
1 4 9 9
5 4 20 10
8 4 42 12
2 4 44 7
8 4 90 6
3 3 3 10
2 4 4 9
7 6 29 7
6 4 28 5
4 5 30 10
2 5 31 9
4 4 31 8
5 5 47 11
3 4 32 6
2 4 41 12
4 4 48 8
7 4 66 8
1 4 71 6
4 3 3 10
6 4 11 8
7 5 9 8
8 4 11 9
5 4 13 10
6 4 24 12
7 4 36 11
1 4 35 11
3 4 37 7
8 4 43 7
7 6 43 6
8 4 50 6
8 4 66 7
5 4 70 7
3 3 3 29
7 4 8 28
6 5 7 30
1 4 18 31
7 4 39 26
2 4 48 26
1 3 3 49
6 4 24 49
6 4 47 49
3 4 75 47
8 4 83 48
1 3 4 5
3 4 5 5
1 4 8 4
4 4 21 6
6 3 4 9
8 4 5 7
2 4 43 10
1 3 4 43
3 4 49 43
2 5 57 44
8 4 59 45
2 5 62 42
7 3 5 17
3 4 4 16
1 4 37 13
1 4 40 15
6 4 43 15
1 3 6 10
3 3 6 19
6 4 34 19
1 3 6 22
6 3 6 26
6 6 33 25
1 4 17 26
4 4 23 26
5 4 30 27
4 4 55 23
2 3 6 33
2 4 7 32
6 5 13 32
4 5 12 30
2 5 40 28
1 5 41 28
7 4 41 29
8 3 6 35
1 4 28 34
4 3 8 21
2 5 30 20
2 4 52 18
1 4 52 19
2 4 53 23
3 4 52 23
3 3 8 24
7 4 17 25
6 7 21 23
5 5 20 26
3 4 34 28
5 3 9 4
7 3 9 12
6 4 35 11
7 4 40 13
1 3 9 32
6 3 10 8
4 4 10 7
1 4 8 7
8 4 10 6
3 4 19 10
5 4 38 9
3 4 63 6
8 3 7 6
2 3 9 5
1 3 10 27
4 6 14 26
4 4 58 25
5 3 10 35
5 3 11 1
5 5 110 1
7 3 11 11
8 3 11 27
8 4 21 25
7 3 11 29
6 4 41 30
6 4 47 30
1 3 11 45
6 4 15 43
5 7 39 44
8 3 11 44
4 4 25 45
1 4 28 46
6 5 35 43
4 4 52 46
5 3 12 5
6 3 11 4
1 4 12 5
5 3 12 18
3 4 45 16
1 3 12 35
1 5 41 35
1 3 12 48
7 4 42 48
5 3 14 21
8 3 14 33
1 3 14 40
4 5 15 39
1 5 20 38
4 5 29 39
8 4 37 42
4 5 37 40
1 4 34 42
3 4 38 37
1 6 41 39
6 4 44 39
1 4 51 37
3 3 14 38
6 4 14 38
5 6 39 38
3 4 14 38
5 3 14 50
4 3 14 49
5 6 24 48
1 4 24 47
8 4 41 49
7 3 15 7
1 3 14 8
4 4 24 6
2 3 16 7
3 4 35 6
6 4 53 6
4 5 58 6
5 3 16 12
6 4 21 12
5 3 16 16
8 4 33 15
7 4 36 16
5 3 16 40
8 4 43 40
8 3 17 30
4 4 41 29
8 3 18 24
4 3 18 24
2 3 18 36
4 3 18 38
5 5 23 37
5 4 30 39
7 5 29 40
1 3 19 29
5 4 60 29
3 4 69 29
1 3 19 42
2 3 18 41
1 3 20 15
2 3 20 15
8 3 21 13
1 3 20 12
3 3 19 12
6 3 22 2
4 3 21 3
5 4 30 2
2 4 37 2
1 4 66 2
8 3 22 18
2 4 42 19
1 6 41 19
5 4 41 18
1 3 23 6
6 5 21 8
2 3 20 7
7 4 47 6
6 4 46 6
7 4 44 7
6 4 51 7
4 3 23 30
2 3 24 28
8 3 22 29
4 4 47 28
2 3 24 49
7 3 26 3
5 3 26 21
5 4 33 23
8 3 26 36
7 4 52 37
5 3 27 13
1 3 26 13
7 3 27 34
3 3 27 40
1 4 38 39
7 3 27 41
2 3 27 47
7 5 53 47
5 3 27 48
6 3 26 49
4 3 27 47
1 4 33 45
8 3 28 8
4 3 28 15
7 4 29 15
5 3 28 38
4 3 26 39
1 3 29 39
4 5 30 38
2 3 30 25
7 3 29 26
2 3 30 44
7 5 29 44
8 4 28 43
6 3 31 16
5 4 55 17
4 3 30 17
7 4 53 17
2 3 33 28
3 4 35 28
3 3 34 34
2 4 38 34
4 3 35 15
8 3 36 29
2 3 36 28
7 4 36 30
8 3 34 28
7 3 36 45
5 3 37 13
8 3 37 30
5 3 36 31
1 3 37 29
4 3 36 29
5 3 37 29
1 3 37 34
6 3 38 17
7 3 37 17
6 3 39 10
6 3 39 37
6 3 41 34
5 3 41 41
3 3 41 47
4 3 42 42
7 3 43 35
5 3 44 25
8 3 43 24
7 3 43 26
2 3 45 7
4 3 47 1
1 3 47 17
8 3 47 47
4 3 48 10
4 3 49 18
5 3 47 18
7 3 49 30
4 5 48 29
8 4 50 30
2 5 49 30
6 3 49 47
4 3 51 6
5 3 51 25
7 3 52 14
1 3 52 25
2 3 52 46
2 3 53 21
5 3 57 1
2 3 59 2
3 3 61 1
7 3 65 2
3 3 66 21
7 3 64 21
6 3 67 18
6 3 67 48
8 3 71 1
1 3 80 1
3 3 82 1
6 3 82 50
8 3 91 50
6 3 96 50
4 3 100 50
8 3 108 1
3 2 1 4
8 4 1 3
3 4 9 2
7 3 7 4
8 3 9 2
2 4 24 2
8 3 21 6
6 3 22 2
2 4 87 1
7 3 22 3
5 3 46 7
6 3 59 1
3 3 61 1
7 2 1 3
6 3 6 2
8 3 5 1
5 4 32 1
3 3 5 4
1 3 19 2
2 4 54 1
3 3 31 1
1 3 38 1
5 4 52 1
8 3 55 2
4 3 66 1
8 2 1 4
4 2 1 6
2 3 11 7
6 2 1 6
5 3 10 6
8 3 9 6
8 3 35 6
4 2 1 9
4 3 3 8
1 3 31 9
2 3 31 8
1 3 36 10
3 3 39 9
8 2 1 16
7 4 21 16
8 5 25 15
6 3 6 16
5 4 29 16
8 3 4 16
6 3 4 16
7 3 5 16
1 3 13 15
6 3 17 14
7 4 21 13
2 3 24 17
1 4 25 18
4 3 25 19
3 3 25 17
1 3 29 13
1 2 1 16
3 3 13 14
3 3 16 16
6 5 15 17
8 4 25 18
3 3 15 17
3 3 19 15
5 3 22 18
4 5 22 18
5 3 23 18
2 4 34 17
6 4 36 18
7 3 28 20
4 3 29 18
3 4 31 17
1 4 34 18
4 2 1 15
1 3 37 14
8 3 36 15
1 2 1 15
2 3 22 14
7 3 28 13
2 3 31 14
1 3 30 13
8 3 28 14
6 2 1 14
7 2 1 13
4 3 5 14
8 3 8 14
1 3 9 16
8 3 11 16
2 3 8 17
5 3 9 16
8 3 23 17
6 3 28 13
5 3 31 13
1 2 1 13
4 2 1 14
5 2 1 17
3 3 8 18
2 4 31 18
7 3 7 18
1 3 15 17
4 3 23 18
1 3 26 19
7 3 36 20
8 2 1 24
1 3 4 23
5 5 29 23
2 3 4 22
6 3 3 22
5 4 3 22
3 3 23 21
4 4 26 23
7 4 23 24
4 3 36 25
1 2 1 28
5 3 8 27
6 3 8 26
5 3 7 25
3 3 8 23
3 3 23 25
6 3 24 26
7 3 24 24
6 3 34 28
2 3 34 28
4 2 1 30
2 2 1 31
8 3 8 30
1 3 26 29
8 3 27 28
6 3 28 29
1 2 1 31
1 3 4 32
6 3 4 34
6 3 15 30
7 3 15 35
6 5 21 34
3 4 22 35
5 3 20 34
5 3 23 35
2 3 23 36
1 3 22 37
7 3 23 36
6 3 26 34
3 3 35 34
6 3 34 35
8 3 35 37
3 3 43 36
8 2 1 31
4 2 1 32
4 3 2 33
5 3 17 34
6 2 1 32
7 2 1 42
6 3 3 42
5 4 3 41
1 4 2 41
7 3 11 40
6 3 21 42
1 4 43 43
8 2 1 45
6 3 13 46
2 3 11 46
5 4 35 46
1 4 41 46
3 3 37 45
6 3 36 45
5 4 38 46
7 4 44 46
6 3 37 48
5 4 39 47
4 3 70 49
7 2 1 45
6 3 1 44
8 3 3 44
5 3 7 45
3 3 8 44
1 3 10 44
4 3 12 45
1 3 12 45
7 3 12 45
8 3 12 46
7 3 14 47
6 3 37 47
3 3 36 47
1 3 59 49
3 2 1 50
2 3 2 49
8 3 18 48
6 3 32 48
4 3 35 48
7 3 34 49
3 3 34 49
1 2 2 2
6 4 37 1
7 3 35 1
6 2 2 1
2 3 8 1
3 3 22 1
7 3 21 2
4 3 24 2
8 3 35 1
8 2 2 13
4 2 2 14
8 3 18 12
1 3 17 12
2 3 18 11
5 3 18 11
7 3 19 12
4 2 2 19
1 4 6 18
8 3 8 19
6 2 2 20
2 3 9 20
8 2 2 23
2 3 12 22
1 3 20 21
5 3 21 22
7 4 28 23
1 3 27 23
8 3 40 25
4 2 2 24
3 2 2 25
8 3 5 26
6 3 8 27
2 3 20 23
6 2 2 27
3 4 12 25
8 3 6 27
4 2 2 28
1 2 2 29
3 3 7 29
6 3 31 29
5 2 2 45
7 3 3 43
7 3 6 46
2 3 6 47
5 5 4 47
8 3 30 46
5 3 29 48
1 6 30 46
8 3 41 42
5 2 2 48
1 3 15 49
2 3 34 47
6 3 35 49
8 2 1 48
8 4 34 48
7 5 34 47
7 2 1 47
2 2 1 46
1 3 1 47
1 3 4 45
4 3 13 44
6 3 33 49
7 2 2 49
2 2 3 1
7 2 3 1
3 3 11 1
4 2 3 6
2 3 47 6
3 2 3 6
5 3 5 5
7 3 40 6
3 2 3 11
1 3 6 11
5 2 2 11
1 3 33 9
2 2 2 10
3 3 13 11
8 2 1 11
7 3 6 11
8 3 21 10
7 3 20 10
4 3 19 10
5 3 21 10
8 3 24 9
2 2 3 15
5 3 18 14
3 3 17 13
2 2 3 17
5 3 22 17
5 2 3 18
3 2 3 18
2 3 5 18
6 3 5 17
8 3 7 17
4 2 3 31
1 3 17 29
5 3 15 30
6 2 3 33
3 2 3 42
4 4 20 40
8 3 7 41
2 4 33 41
5 3 7 41
7 3 31 42
2 2 4 23
5 2 4 40
2 3 14 41
5 3 36 43
7 2 4 40
2 3 5 40
5 3 5 39
2 3 11 40
3 2 4 42
1 4 14 41
6 3 30 42
1 2 4 42
8 4 14 41
1 4 19 41
4 3 12 41
2 4 13 40
7 3 18 44
4 2 4 41
4 3 19 42
6 3 19 43
2 2 4 48
2 2 5 11
2 3 13 9
8 2 5 11
5 3 12 9
3 3 19 8
4 2 5 10
5 3 8 9
6 3 8 10
3 3 40 7
4 2 5 13
5 2 4 13
1 2 5 13
7 2 5 18
6 4 15 17
7 4 20 17
2 3 8 17
1 2 5 21
5 3 6 19
6 3 17 19
7 2 5 25
3 2 5 34
3 4 7 33
1 4 5 34
1 3 6 36
5 4 21 35
3 4 20 37
4 3 16 35
7 3 15 35
3 4 30 34
7 3 18 36
2 3 19 37
7 3 27 38
1 3 29 34
6 3 35 37
4 3 34 37
5 2 4 34
4 3 12 34
6 2 5 35
6 3 12 35
1 3 11 35
4 2 5 36
2 2 5 35
7 3 4 35
6 3 6 36
5 2 3 35
4 3 5 35
6 3 7 34
4 3 6 33
1 3 17 36
4 4 19 36
8 3 24 36
3 2 4 36
8 3 4 35
2 3 6 34
4 2 5 40
7 2 5 42
1 2 5 41
6 3 4 41
5 3 13 42
8 2 5 41
4 2 6 5
6 2 6 7
1 2 6 19
3 2 6 39
6 3 16 37
8 2 6 39
8 3 12 40
2 2 5 40
6 2 6 44
4 2 6 49
3 3 9 49
3 3 25 48
6 2 7 2
3 3 35 2
5 3 33 2
5 2 7 3
1 2 7 8
3 2 7 9
4 2 7 12
8 2 6 12
3 3 5 12
3 2 7 34
7 2 8 2
6 2 8 8
8 2 8 8
5 4 12 6
3 3 8 7
8 5 11 7
1 2 7 9
2 3 7 8
6 3 13 10
7 2 7 10
1 4 11 8
6 2 8 29
3 2 8 42
3 3 9 42
6 3 9 41
7 3 9 41
3 3 16 43
8 2 8 42
1 2 7 42
3 2 8 43
5 2 8 42
2 3 9 43
5 2 8 48
2 3 8 47
6 3 6 48
3 3 8 49
4 3 9 45
3 3 13 43
4 3 13 44
6 3 13 49
3 3 11 49
3 3 22 46
3 2 8 46
5 3 11 46
1 3 20 48
4 3 21 47
2 2 9 3
5 2 9 28
7 2 9 31
3 2 8 31
1 2 9 30
2 3 12 30
6 2 9 46
8 2 9 46
3 2 10 8
4 3 21 6
3 2 10 21
8 2 10 21
8 2 10 25
2 2 10 30
3 2 9 31
4 3 14 30
3 2 10 31
5 2 10 34
8 2 9 35
7 2 10 36
7 2 10 42
4 2 10 45
4 3 11 46
6 2 9 46
5 2 8 46
7 3 11 46
4 2 8 46
8 3 10 46
2 2 8 46
3 2 9 47
2 3 10 47
1 3 10 48
2 2 11 1
1 2 11 2
3 3 21 1
4 3 21 1
7 2 11 9
3 2 11 8
8 2 10 8
3 3 12 8
7 2 11 20
4 2 11 21
5 2 10 22
4 2 9 22
5 2 11 22
8 2 10 22
5 2 11 27
8 2 11 28
1 2 11 28
4 2 11 36
2 3 12 37
5 2 11 37
1 3 14 38
8 3 13 38
1 2 11 36
8 2 12 2
8 3 31 1
5 3 31 1
4 2 12 10
2 2 12 10
4 2 12 15
5 2 12 30
7 2 12 30
5 2 12 37
8 2 11 37
6 2 11 38
5 3 24 38
8 2 12 37
5 2 11 37
2 2 11 37
7 2 12 47
4 2 12 50
1 2 13 2
5 2 13 9
6 2 13 24
5 2 13 26
3 2 13 29
5 3 14 29
4 3 13 30
5 2 14 9
4 2 13 9
3 3 20 9
6 2 14 9
6 2 14 23
1 2 13 23
3 2 15 3
3 2 15 9
8 2 15 13
8 2 15 17
3 2 14 18
3 2 15 29
1 2 15 30
7 2 14 30
7 2 16 2
5 2 16 37
1 2 15 37
5 2 16 39
7 2 16 49
6 2 16 48
5 2 16 48
6 2 17 1
2 3 19 1
6 3 22 1
1 2 17 3
7 3 24 1
5 3 23 1
8 2 17 31
6 2 17 38
1 2 18 23
6 2 17 23
4 3 17 23
5 2 18 31
6 2 18 38
1 2 19 1
3 2 20 25
4 3 27 25
4 2 21 1
5 2 21 24
2 2 21 25
5 2 20 26
6 2 20 25
6 2 21 28
2 2 22 1
8 2 22 2
7 2 21 2
8 2 22 29
1 2 22 49
8 2 23 36
3 2 23 36
7 2 23 44
4 2 24 20
6 2 24 21
4 2 24 21
2 2 24 28
3 2 25 1
4 2 25 1
6 2 24 1
1 2 25 3
3 2 25 2
8 2 26 44
1 2 27 1
7 2 27 7
2 2 27 50
8 2 29 21
8 2 29 36
5 2 30 26
5 2 31 26
3 3 30 26
2 2 31 36
1 2 32 21
1 2 32 26
1 2 33 21
5 2 37 36
4 2 38 36
5 2 40 50
3 2 41 50
2 3 40 50
8 2 43 50
7 2 47 1
2 2 47 50
1 2 51 21
2 2 50 21
8 2 51 21
5 2 56 50
5 2 63 1
1 2 63 50
1 2 68 1
3 2 68 1
