9277
2029
5 7 38 56
7 5 4 25
3 5 5 47
2 5 9 81
8 6 8 82
6 5 18 59
2 5 45 37
1 5 65 2
1 5 69 12
2 5 75 76
2 4 1 1
3 4 1 68
6 4 2 14
2 4 3 45
5 5 2 47
3 4 7 84
2 4 7 87
6 4 8 37
6 5 72 34
4 5 71 37
3 4 15 53
5 4 15 53
5 4 18 19
3 4 17 19
5 4 19 45
6 4 19 60
3 4 20 87
2 4 21 30
7 4 34 60
3 4 34 61
5 4 36 64
4 4 43 77
5 4 47 77
1 4 48 64
7 4 50 6
4 4 53 10
5 4 55 30
7 4 56 45
3 4 55 47
8 4 54 47
5 4 58 74
7 4 60 37
8 4 61 14
2 5 60 14
5 4 61 25
8 4 69 45
7 4 72 25
8 4 76 63
5 4 83 8
4 3 1 13
4 4 12 14
1 3 1 15
4 3 1 78
7 4 69 76
6 3 2 9
5 4 78 9
2 3 1 8
1 4 2 8
1 4 80 7
7 3 2 22
5 4 27 24
8 3 2 47
7 3 2 56
8 4 72 58
3 4 82 60
1 3 3 25
2 3 3 36
7 3 3 45
1 3 3 50
3 3 3 72
8 5 3 71
1 4 60 74
7 4 82 74
4 3 3 81
7 3 4 84
8 3 5 27
7 4 12 28
3 4 69 24
1 3 5 65
4 4 24 67
3 4 33 67
8 3 4 67
5 3 6 30
4 4 11 28
5 4 10 27
3 4 72 27
8 5 71 28
3 3 6 30
8 4 19 31
6 4 46 31
3 4 45 31
2 3 7 27
2 3 7 41
4 3 7 60
4 3 8 28
2 4 9 26
7 5 17 28
8 3 9 2
4 4 8 2
4 3 10 41
4 3 10 78
7 4 10 77
6 3 11 60
8 4 28 60
4 3 10 60
2 4 11 61
3 4 37 58
4 3 14 60
2 4 31 61
8 4 46 64
1 3 14 60
5 3 14 59
1 6 25 59
2 4 63 63
6 3 16 6
2 3 17 20
5 4 51 20
1 4 69 20
8 4 79 21
7 3 17 23
2 3 17 27
8 4 63 26
4 3 17 63
5 3 17 63
1 5 60 61
6 3 18 16
8 3 20 49
4 5 22 48
6 5 38 49
3 4 40 50
7 3 21 50
8 3 21 64
1 3 21 88
8 3 22 47
5 3 23 29
6 4 34 30
4 4 33 31
2 4 35 32
1 3 22 30
1 4 66 28
5 4 66 30
6 3 21 29
3 3 20 29
7 4 21 28
1 4 47 27
1 3 25 24
5 3 26 48
6 3 27 88
2 4 37 86
4 4 78 85
7 3 28 25
7 4 55 26
4 3 27 26
2 4 43 27
5 4 43 26
2 3 28 62
1 3 29 31
8 4 28 31
2 4 47 31
7 3 29 60
3 3 31 33
8 3 30 35
7 4 75 35
3 3 31 42
6 4 69 39
3 4 74 37
4 3 33 65
1 3 33 88
6 3 32 89
7 3 34 36
2 4 60 36
6 4 59 36
5 3 35 17
7 3 37 85
6 3 38 51
3 3 39 87
4 3 41 27
6 3 40 28
1 4 55 26
6 3 41 38
4 4 73 38
3 3 41 70
7 4 53 69
8 3 41 70
3 3 44 43
6 3 44 74
4 3 46 66
3 3 47 59
3 4 56 58
1 4 61 59
7 3 47 59
7 3 48 84
1 3 48 84
8 3 49 73
1 3 50 21
2 3 50 85
1 3 51 28
4 3 51 70
3 4 77 68
4 3 51 73
6 5 59 74
8 4 70 75
2 4 77 74
4 3 52 27
7 3 52 27
5 4 53 27
2 4 57 25
3 3 52 25
2 3 52 28
7 3 52 59
3 3 52 73
2 5 53 70
2 4 70 72
5 4 69 73
7 3 51 74
5 4 51 73
4 4 48 75
5 3 52 70
4 3 53 17
7 4 53 15
8 4 53 17
3 3 53 14
1 3 53 17
1 4 78 18
7 5 77 17
6 3 54 47
2 4 53 48
7 3 55 14
6 3 55 24
6 3 55 29
4 3 56 17
3 3 56 75
2 3 57 18
4 3 58 36
5 3 58 59
1 3 59 6
6 3 59 14
8 3 61 7
4 4 61 7
2 4 76 8
5 4 76 8
3 3 61 84
8 4 63 82
6 4 68 79
5 3 61 84
6 3 64 35
3 3 63 36
4 4 66 34
1 3 68 40
6 3 67 40
8 3 68 43
1 3 70 43
4 4 75 44
8 3 72 42
4 4 71 42
1 3 73 8
7 4 73 7
7 3 74 68
8 3 75 39
3 3 77 39
5 3 76 40
6 3 77 45
8 2 1 2
1 2 1 5
4 3 58 3
4 4 66 3
5 4 65 5
8 4 65 4
2 4 64 4
5 3 57 3
2 3 80 5
6 2 1 5
2 3 26 6
1 3 27 6
8 3 27 7
8 2 1 8
7 3 42 7
1 4 65 8
4 3 42 9
3 3 56 8
5 3 62 8
8 3 62 10
2 3 64 10
7 4 63 12
1 4 62 12
4 2 1 7
8 3 54 5
7 2 1 9
8 3 56 9
5 3 64 10
4 3 64 9
8 3 63 9
4 2 1 17
2 5 18 15
6 3 17 15
3 3 17 14
7 4 17 13
1 4 15 14
4 6 48 15
6 3 15 14
5 4 30 13
5 3 20 15
7 4 53 16
1 3 22 18
3 4 52 17
3 3 23 18
2 3 24 19
8 3 24 20
5 3 48 16
6 3 49 13
8 4 58 14
5 4 65 12
8 3 59 14
2 3 59 13
3 3 65 10
2 3 66 20
7 3 65 22
3 3 75 23
6 3 78 21
1 3 77 22
2 2 1 20
6 4 49 19
7 3 16 18
4 4 48 20
5 4 50 20
3 4 49 21
3 3 24 20
7 6 24 20
6 4 57 19
2 3 23 21
4 3 23 23
6 3 22 22
5 4 29 19
5 3 23 23
7 4 40 21
2 4 40 23
6 4 59 23
2 4 65 23
2 3 27 23
6 3 36 20
5 3 38 25
5 3 39 18
4 3 38 18
7 5 42 16
4 3 42 25
7 3 41 25
7 3 44 25
8 3 45 18
5 3 45 20
3 3 45 21
7 3 45 22
5 3 46 18
8 3 47 19
8 3 50 26
6 3 53 18
7 3 54 18
2 4 56 19
3 3 53 18
6 3 56 20
8 2 1 20
2 3 28 20
1 4 49 19
3 3 28 19
3 3 32 22
3 3 37 20
2 3 40 19
3 3 41 18
7 3 42 19
6 3 44 21
2 3 43 22
3 3 44 20
5 3 45 22
4 3 45 23
3 2 1 23
3 3 20 21
6 3 30 24
1 3 41 19
8 3 40 21
4 3 39 20
5 5 39 19
2 3 39 20
8 3 54 25
4 2 1 22
2 2 1 24
2 3 18 25
1 2 1 26
7 4 38 27
5 3 30 27
5 3 50 27
4 2 1 28
1 3 44 27
5 3 43 28
4 3 43 27
2 3 42 28
5 2 1 27
1 2 1 31
5 3 45 32
7 2 1 31
5 3 24 32
4 3 23 31
3 3 35 31
6 3 76 34
4 2 1 31
8 3 14 32
4 4 14 31
8 3 32 34
4 3 29 35
5 3 29 34
8 5 65 34
2 4 63 34
1 3 28 36
6 6 28 34
3 3 27 37
1 3 30 35
3 4 41 36
6 3 31 32
7 3 68 37
5 3 69 38
1 4 75 39
1 2 1 36
6 3 4 34
7 3 15 35
1 4 15 35
5 3 23 37
8 4 57 36
1 3 55 33
5 4 55 32
6 3 72 39
1 2 1 62
4 3 35 60
6 3 49 60
4 2 1 66
7 3 1 67
7 4 55 67
3 4 63 67
3 3 46 66
5 4 61 65
7 3 50 65
2 3 55 69
1 3 59 66
8 3 62 68
2 3 68 66
7 3 67 65
3 2 1 81
7 2 1 80
2 3 41 79
8 4 41 79
2 3 54 79
5 3 56 79
2 2 1 85
8 3 19 86
1 2 1 89
8 2 1 89
5 3 15 88
1 3 14 87
7 3 62 85
3 3 61 85
5 3 69 86
3 3 68 88
5 3 68 88
5 2 2 18
4 3 2 18
7 4 19 18
6 4 36 16
2 3 34 19
2 3 46 17
4 3 57 14
3 3 57 13
1 2 2 28
6 4 4 27
8 3 4 28
3 3 26 29
1 3 27 28
4 3 31 27
3 3 36 26
2 3 38 24
3 4 39 23
2 3 39 25
3 2 2 28
5 3 25 29
6 4 25 28
2 3 24 27
3 4 25 27
5 3 33 29
7 3 38 26
7 3 38 30
1 3 43 24
7 3 51 22
2 2 2 32
7 3 28 32
7 4 51 33
4 3 31 31
7 5 30 31
2 3 31 32
1 3 51 36
1 3 55 33
7 3 54 34
4 3 54 35
7 2 2 38
2 3 14 38
7 3 13 39
6 3 16 40
8 4 48 40
4 3 20 39
4 3 40 39
7 3 40 41
4 4 45 38
8 3 41 41
8 3 66 40
2 3 65 40
5 3 69 43
5 2 2 39
5 3 10 39
5 4 30 40
1 3 15 41
3 3 62 42
1 5 63 41
7 4 62 41
7 4 62 44
4 3 74 44
7 3 73 44
6 2 2 42
2 3 2 42
5 3 16 43
2 3 16 43
6 3 24 42
8 2 2 41
4 5 61 39
2 3 19 39
6 4 18 40
2 3 20 38
1 3 21 38
1 3 35 36
8 3 42 37
2 3 41 37
4 2 1 42
7 2 1 42
5 3 5 41
8 3 12 42
4 3 11 42
6 3 50 44
1 3 62 44
2 2 2 48
3 3 19 47
4 3 35 47
3 3 44 48
7 2 2 51
4 4 46 49
6 3 45 50
3 3 72 49
1 2 2 56
7 2 2 83
7 3 20 81
4 3 19 82
3 4 20 79
1 4 40 77
7 3 19 79
6 2 2 82
6 4 41 82
6 3 13 82
1 3 23 82
2 3 28 82
7 4 34 81
2 4 45 80
2 3 34 81
8 4 48 83
2 3 36 83
3 3 47 82
4 3 52 84
8 3 55 78
1 3 63 77
2 2 1 83
7 5 43 82
2 4 51 82
7 5 50 82
1 3 2 83
4 4 41 84
8 4 43 81
6 3 1 83
4 3 31 84
5 3 38 83
1 5 42 82
8 3 41 86
2 3 40 88
6 3 64 88
2 3 68 88
3 2 1 83
6 3 10 83
7 3 18 82
4 3 18 82
5 3 16 82
2 4 40 81
6 3 20 81
6 4 42 81
4 4 40 81
1 3 41 82
4 3 43 84
4 3 48 80
6 3 46 81
4 3 60 79
5 2 1 84
1 3 23 85
2 3 24 84
8 3 27 83
3 4 31 82
6 4 36 81
8 4 48 85
4 5 52 86
7 3 28 82
8 4 37 80
2 3 36 80
5 4 39 81
3 5 38 81
1 3 40 81
5 3 46 86
3 4 45 86
8 3 50 87
1 3 52 78
8 3 60 87
1 3 61 86
1 2 2 86
7 3 7 85
3 3 7 84
8 3 19 86
7 3 19 86
8 4 22 84
5 3 20 88
8 3 46 88
8 3 52 88
6 2 3 7
2 3 18 6
8 3 17 6
4 2 2 7
2 3 35 7
4 3 47 9
5 3 46 9
7 3 49 9
5 2 2 6
6 4 28 6
8 4 33 8
6 3 29 7
6 4 34 9
3 4 32 10
4 3 33 8
2 3 38 6
6 4 60 4
6 3 38 5
8 3 45 12
2 3 44 13
8 4 55 11
7 3 43 13
4 3 44 12
3 3 45 13
7 4 49 12
2 3 56 3
7 4 63 1
3 4 62 2
7 3 55 4
1 3 54 3
6 3 56 10
4 3 55 10
7 3 55 12
5 3 57 11
5 3 70 1
7 3 73 1
1 2 2 6
4 3 27 7
6 3 47 4
5 3 60 5
2 2 2 8
1 2 3 6
8 2 2 7
5 4 16 5
6 3 21 5
1 3 21 5
1 3 25 6
8 3 25 5
3 3 24 5
1 4 28 5
4 3 26 6
3 3 27 8
2 4 42 7
1 4 41 9
6 3 41 7
5 3 52 4
6 2 3 6
3 3 9 5
7 3 9 5
8 3 12 5
5 3 27 7
1 3 29 7
7 3 29 7
4 3 29 5
5 3 29 3
4 4 41 3
3 3 28 4
1 3 29 2
8 4 53 2
3 4 52 3
8 3 31 5
2 3 38 5
7 3 47 1
2 3 46 2
7 3 56 1
8 3 57 1
2 2 2 7
1 4 7 5
7 4 21 6
7 3 2 6
6 3 36 4
3 2 3 21
1 2 3 30
6 2 2 31
3 3 3 31
1 4 4 31
8 4 2 32
2 5 12 32
4 3 5 29
7 4 4 30
6 3 21 32
1 3 21 32
8 3 23 30
4 4 29 32
8 4 35 35
2 3 27 29
8 3 28 29
8 3 29 34
5 4 34 35
1 3 30 33
2 3 36 34
7 4 36 34
5 3 38 36
6 3 41 35
6 2 2 33
3 3 8 31
7 3 14 30
3 4 34 32
3 3 19 29
6 3 26 28
2 2 3 29
4 2 3 36
4 5 39 35
5 3 11 35
4 3 26 34
5 3 24 35
6 5 42 33
4 3 34 34
5 3 33 33
8 2 3 46
1 3 7 46
8 3 6 45
3 4 12 44
7 4 45 46
4 4 44 46
2 4 48 43
4 3 5 45
7 3 14 43
4 3 13 44
2 3 17 48
7 3 21 43
5 4 24 45
5 4 44 46
6 4 54 46
1 3 26 45
6 3 26 45
7 3 40 48
3 3 40 48
4 2 2 47
3 4 3 45
6 3 3 47
7 3 2 47
5 3 3 46
4 3 7 47
6 3 6 48
6 3 9 45
2 3 9 49
1 3 20 44
5 3 23 46
6 5 24 43
7 4 44 42
2 3 24 42
6 4 53 42
3 3 29 40
2 3 29 51
2 4 62 51
5 4 66 51
8 3 33 52
6 4 70 53
2 5 69 52
7 3 35 38
2 3 34 38
7 3 40 39
6 3 42 53
3 4 42 52
5 3 43 43
1 4 41 44
4 5 42 43
1 3 48 51
6 3 48 52
1 3 61 52
8 3 63 50
3 4 62 50
7 3 83 55
4 3 83 55
1 2 2 46
4 3 33 47
1 3 34 45
7 3 34 43
4 3 34 44
7 3 34 48
5 3 35 47
1 3 34 48
7 3 36 48
2 3 38 50
7 4 38 48
7 4 62 51
7 3 41 48
4 3 61 51
3 2 2 47
3 3 37 47
8 2 3 45
2 3 17 44
3 3 48 43
3 2 3 45
8 2 3 48
3 3 24 49
4 3 35 50
8 3 52 49
4 2 3 48
1 3 10 49
7 3 28 51
2 3 33 47
5 3 55 50
1 2 3 47
2 3 29 48
4 3 31 50
6 3 42 52
5 4 45 51
2 5 44 53
1 3 45 49
3 3 47 54
1 3 52 56
5 3 54 56
4 5 56 53
1 4 65 55
2 4 66 54
8 3 55 56
6 3 65 53
3 3 68 57
7 2 3 46
8 3 32 44
8 2 3 46
1 3 33 46
6 2 3 47
2 3 24 45
5 3 23 46
1 2 3 46
2 3 2 46
8 3 26 44
8 3 46 43
5 2 2 46
2 3 15 47
4 4 29 46
5 3 17 45
5 4 20 44
1 3 22 47
5 3 22 49
6 3 26 45
8 3 28 49
2 3 30 50
8 3 31 51
3 2 1 46
1 4 17 45
3 3 6 45
4 4 18 43
3 3 39 41
5 3 44 41
8 3 51 40
7 2 2 47
6 3 13 47
4 3 14 45
3 4 14 46
2 4 16 47
5 3 16 46
7 3 16 47
1 3 19 45
3 3 27 49
2 2 1 47
8 3 5 46
1 3 4 46
6 3 14 48
5 3 16 46
3 2 2 48
7 2 3 46
5 2 3 45
4 3 31 43
4 2 3 44
4 3 6 45
1 3 26 43
2 3 30 43
3 2 3 53
2 4 59 53
4 2 3 74
4 3 12 73
5 3 14 73
6 5 52 73
6 3 17 73
1 4 33 73
7 4 32 74
3 4 45 73
2 3 21 74
5 3 20 74
5 2 3 74
3 3 15 75
7 4 17 74
7 4 45 73
1 4 45 74
1 3 15 74
6 3 15 75
8 3 28 74
1 3 27 74
5 4 35 73
5 3 39 77
8 3 42 75
7 3 45 76
4 3 50 76
1 2 3 75
1 3 15 76
2 3 21 74
7 3 20 75
3 3 37 74
4 3 38 74
6 4 38 73
3 4 43 75
8 2 2 75
4 3 26 74
5 3 25 76
1 3 24 77
6 2 3 75
8 2 3 78
8 4 49 76
3 3 3 77
6 4 2 77
6 3 21 78
3 2 1 77
2 3 20 77
1 2 3 78
3 3 5 76
7 4 4 75
4 3 4 75
3 4 21 76
4 3 15 75
3 3 26 77
1 4 28 76
5 3 25 79
6 3 27 76
8 3 29 79
4 3 29 80
6 3 32 79
7 3 36 81
8 2 3 77
8 3 24 76
1 3 31 78
1 2 3 77
7 4 38 76
7 3 27 78
2 3 36 77
2 2 2 77
3 3 17 77
4 3 29 78
5 3 28 79
7 3 37 80
5 2 3 78
2 3 7 77
7 3 20 77
5 3 35 76
1 3 34 77
1 2 4 10
8 3 4 9
4 3 4 9
3 3 5 10
8 3 9 10
3 4 56 11
5 3 22 9
4 3 23 12
3 3 24 14
3 3 37 8
8 3 40 11
5 3 43 11
2 3 42 12
6 2 3 10
3 3 13 9
6 3 34 11
2 3 36 10
6 4 36 10
2 4 47 11
8 3 35 12
2 3 33 12
7 2 3 10
7 3 43 11
8 2 3 11
4 3 20 9
1 4 37 11
5 3 19 11
2 3 18 11
4 3 29 11
1 3 44 13
6 3 43 14
1 2 3 10
3 3 16 8
7 4 22 10
2 3 19 7
5 4 29 6
4 4 28 6
6 3 27 6
4 3 36 11
2 2 4 10
5 3 6 8
8 3 14 9
8 4 31 9
6 3 17 7
8 4 18 6
2 3 16 7
3 3 21 6
3 3 24 6
8 2 4 9
4 2 4 9
1 4 16 8
3 2 3 9
7 3 8 9
2 3 27 10
1 3 28 11
4 3 26 11
7 3 28 12
1 2 4 11
6 2 3 11
5 3 10 11
8 4 23 11
3 3 10 11
5 3 19 10
8 3 32 12
8 2 4 29
1 3 15 28
5 3 23 27
1 3 37 25
1 2 4 32
4 3 8 30
6 4 30 32
1 4 29 31
2 3 16 30
1 4 19 29
5 3 38 33
7 2 3 33
3 3 21 33
7 3 25 34
4 2 2 33
8 2 3 32
5 3 10 32
6 4 19 30
3 3 22 33
3 3 24 33
1 3 24 35
1 3 25 35
3 2 4 31
6 3 3 31
8 3 7 29
6 3 11 32
4 3 10 31
2 2 2 31
1 3 21 31
8 3 24 33
5 2 3 31
1 2 4 39
1 3 9 38
4 4 14 36
8 4 13 38
6 3 13 36
1 3 12 37
8 3 28 35
2 3 27 36
5 3 26 36
6 3 28 36
5 3 34 40
4 3 34 41
7 2 4 39
1 3 24 38
6 3 23 38
6 4 29 39
7 3 23 39
4 3 22 38
4 4 38 39
5 3 23 40
4 2 4 40
3 3 5 39
2 3 12 40
5 3 35 41
1 2 4 44
7 4 3 45
3 3 3 45
6 3 3 44
5 4 3 43
8 4 3 42
3 3 1 44
1 4 3 44
2 3 27 40
1 3 26 39
7 3 28 40
1 2 1 44
6 3 2 44
7 3 3 44
2 3 5 46
8 4 10 47
6 3 4 47
1 2 2 43
3 3 10 43
7 3 17 42
3 3 16 41
2 5 17 39
4 3 18 41
8 2 3 47
4 2 4 45
3 2 3 46
2 3 6 45
6 2 4 44
3 2 4 62
2 3 21 63
7 3 20 62
5 4 53 63
2 4 52 64
1 4 52 65
6 3 23 61
7 3 24 64
1 3 28 59
5 3 27 61
8 2 4 61
1 3 41 60
6 3 50 61
6 2 4 62
1 3 13 62
4 3 17 63
8 4 16 63
5 3 47 63
5 2 4 74
8 3 26 73
4 3 25 73
6 2 4 78
7 3 6 77
5 3 10 75
7 3 9 76
4 4 15 76
7 3 12 77
2 4 15 75
5 4 22 75
7 4 21 77
8 3 12 76
2 4 20 76
8 3 14 79
5 3 21 80
6 3 22 78
3 3 24 79
1 3 24 78
4 3 25 78
8 2 5 13
1 3 5 13
8 3 11 12
1 4 11 11
2 3 11 13
7 3 33 14
2 2 5 14
5 3 7 13
4 3 25 14
2 4 29 13
4 3 30 16
2 3 31 15
7 3 30 15
1 3 33 16
8 3 45 15
7 2 5 41
2 2 4 41
5 3 6 40
5 3 12 38
1 3 28 37
4 2 5 40
6 4 7 39
6 3 14 37
2 3 18 36
2 3 23 35
2 2 5 40
6 3 8 41
2 4 21 40
8 3 22 38
3 4 21 39
6 3 28 41
3 2 5 42
1 3 16 41
4 2 5 44
7 3 6 45
8 5 6 43
3 2 4 44
1 2 5 43
5 2 5 44
5 2 5 61
3 3 16 62
3 3 38 61
8 3 36 62
7 3 46 63
6 2 5 73
4 3 4 73
5 4 26 71
1 3 26 71
2 3 33 69
5 4 43 67
8 2 5 78
3 4 17 76
8 3 8 78
5 4 10 77
1 3 9 80
3 5 34 79
6 3 8 80
1 3 11 79
4 3 9 79
5 3 18 76
6 3 25 78
8 3 33 83
4 3 34 80
6 3 36 80
5 2 5 85
4 2 5 86
7 3 32 86
7 3 34 85
6 3 33 84
1 2 6 13
4 2 6 12
4 3 30 13
5 3 30 13
8 3 38 15
4 3 38 16
3 3 37 16
1 4 38 17
4 2 6 22
7 3 20 23
5 3 41 24
3 2 6 29
2 3 10 29
8 3 27 29
2 3 26 30
3 2 6 36
4 3 10 34
3 3 15 37
7 4 14 37
8 3 15 38
3 4 15 37
7 3 15 37
5 3 14 37
3 3 19 37
2 2 6 74
8 3 5 74
5 3 13 75
4 2 5 74
5 2 7 4
8 3 53 2
2 2 7 4
7 3 11 3
5 3 24 3
4 4 31 3
3 3 55 2
5 3 54 2
4 3 55 1
6 2 7 5
6 3 22 4
8 3 26 3
6 3 29 2
4 3 49 1
1 2 7 7
8 3 20 7
8 2 7 7
5 3 14 8
4 2 7 6
6 4 9 6
3 3 6 6
3 3 11 7
6 3 10 7
4 3 16 5
1 3 17 4
6 3 16 5
8 2 7 6
2 2 7 7
2 2 7 11
6 3 9 11
1 2 7 36
8 2 7 40
7 2 7 61
2 3 39 60
7 3 48 60
5 2 7 61
6 3 25 60
7 4 39 58
6 4 51 59
6 4 63 57
5 2 7 63
4 3 42 61
4 2 7 71
7 3 37 70
8 3 53 70
6 2 7 71
4 2 8 11
8 2 8 26
7 2 8 29
8 3 11 30
1 3 9 31
4 2 8 28
7 2 8 38
4 2 8 52
7 3 14 51
3 3 13 51
6 2 8 61
3 2 8 62
7 2 8 63
8 3 9 62
2 4 18 62
6 4 17 64
3 4 20 64
1 3 16 65
7 3 43 65
2 3 45 64
2 2 7 63
4 3 7 63
1 3 31 64
5 3 30 64
6 3 30 65
6 3 45 66
6 3 46 62
5 3 48 67
3 2 8 74
7 3 21 75
3 2 8 79
2 2 8 85
4 4 35 85
5 4 34 85
6 4 40 87
7 3 34 88
4 3 37 86
4 3 50 87
4 2 8 88
5 3 31 87
2 2 9 33
2 3 10 31
6 3 20 30
3 2 9 32
8 2 9 42
5 2 9 51
5 3 44 50
8 3 49 52
6 3 55 53
3 2 9 52
2 4 21 51
8 3 16 53
2 4 32 53
4 3 22 50
3 3 40 50
8 3 51 56
2 3 52 56
5 3 61 55
4 3 62 57
6 2 8 52
8 5 20 51
3 4 34 52
2 3 12 52
1 3 15 53
5 3 29 51
7 4 40 52
7 3 37 49
1 2 9 62
7 6 26 60
8 3 9 62
5 3 11 63
6 3 23 62
3 3 31 62
8 2 9 67
1 3 9 67
3 4 12 67
1 4 13 68
7 3 11 69
8 3 38 71
3 3 37 71
2 3 37 72
4 3 47 67
8 3 63 70
7 2 8 69
6 3 17 68
4 3 18 68
3 4 40 69
5 3 17 68
6 3 21 69
7 3 27 68
3 4 29 67
4 4 53 70
8 4 52 69
3 3 27 67
8 4 35 66
1 3 39 68
1 3 44 71
8 3 49 70
4 2 7 69
2 4 31 67
7 4 46 67
1 3 14 68
8 4 17 67
6 3 15 69
7 4 35 68
3 3 14 71
6 4 29 69
6 3 24 68
7 4 25 67
3 3 26 72
2 3 27 72
1 3 34 66
4 4 40 66
7 3 41 65
3 3 43 72
8 3 44 65
6 2 7 68
4 3 14 69
8 3 30 68
3 2 6 68
2 3 28 68
5 2 7 69
1 3 19 68
5 3 45 70
6 4 46 70
1 2 7 68
2 3 13 68
5 3 12 69
7 3 12 70
8 3 17 70
2 3 19 70
3 3 34 71
7 3 46 72
8 2 6 68
3 3 17 67
7 4 17 66
3 4 23 65
4 3 15 66
6 3 14 66
5 3 18 65
8 3 19 65
2 3 23 63
1 3 25 65
8 3 25 65
8 3 33 62
5 2 8 70
8 4 23 69
6 3 43 71
3 3 42 71
3 2 7 70
5 4 16 68
5 3 11 70
3 4 11 69
8 3 29 71
4 2 7 71
6 3 26 70
1 2 9 70
2 2 8 70
2 3 16 68
1 2 8 69
1 3 16 70
7 2 9 69
4 3 18 69
7 3 30 71
2 2 9 68
1 3 9 68
4 2 8 70
6 4 9 68
7 3 12 66
2 3 13 70
1 3 15 69
5 3 21 64
3 4 20 64
7 3 22 66
4 4 22 65
5 3 21 64
1 3 30 72
4 2 9 69
8 3 11 67
4 4 17 66
3 3 10 67
6 4 15 65
8 3 13 66
2 3 13 67
6 4 21 65
2 3 21 64
2 3 27 64
8 4 26 63
1 2 9 68
2 2 9 76
3 3 13 77
6 4 13 76
8 2 10 22
1 4 19 21
2 3 20 20
8 3 19 19
5 3 36 23
1 3 35 23
3 2 9 23
5 3 20 22
7 3 24 22
3 3 24 23
4 3 33 22
4 3 34 21
5 2 8 23
7 2 10 28
1 2 10 28
6 2 10 29
4 2 10 52
6 2 10 52
5 3 25 52
3 2 10 60
5 3 27 59
6 3 35 58
6 2 9 61
4 2 8 61
6 3 16 61
4 3 21 63
7 3 19 64
4 2 10 63
7 2 9 63
3 3 14 63
1 3 15 61
4 3 24 60
7 4 24 59
4 3 28 58
4 2 8 63
6 2 7 63
8 3 16 62
3 3 16 62
1 3 18 60
1 3 34 59
3 3 36 58
5 3 36 59
6 2 9 63
2 3 17 62
7 2 10 78
7 2 10 84
6 3 15 83
3 3 27 81
1 2 10 84
6 5 20 83
5 3 16 84
3 3 18 83
4 5 18 81
6 4 22 79
1 3 22 82
8 2 10 88
3 2 11 6
5 2 10 6
8 2 11 5
1 3 13 4
2 2 11 4
1 4 28 3
7 5 28 2
8 3 33 2
7 2 11 7
2 2 11 8
5 2 11 8
3 2 11 11
3 3 18 12
1 2 11 12
1 3 15 12
4 2 10 12
6 2 10 13
8 3 11 13
4 3 10 13
7 3 25 15
8 3 31 15
7 3 41 16
4 3 39 17
2 2 10 14
2 3 13 14
8 3 12 14
7 3 12 15
7 2 10 13
1 2 11 15
4 2 11 15
6 3 23 15
5 3 37 17
2 2 11 14
8 3 11 14
2 4 32 16
2 2 11 14
7 2 11 21
2 2 10 21
5 4 30 19
5 2 9 21
8 3 27 21
1 2 11 22
7 3 28 23
2 3 38 24
8 2 11 21
4 2 10 22
1 3 23 20
7 2 10 22
2 3 21 20
8 3 28 21
1 3 27 21
2 2 11 21
7 4 21 20
5 3 20 19
4 3 24 19
6 3 22 20
2 3 25 18
6 2 11 21
3 3 21 20
6 2 11 27
7 2 11 26
3 2 10 26
5 2 10 25
8 3 26 25
2 3 26 25
2 2 10 24
6 3 10 23
2 2 11 27
8 2 11 39
4 4 12 37
7 3 16 36
2 2 11 37
5 2 11 39
8 2 11 53
4 3 36 54
8 3 35 55
1 3 39 52
3 3 46 55
5 3 46 56
3 3 56 56
1 2 10 54
2 3 15 53
6 3 14 54
6 3 60 55
2 2 11 52
3 3 20 52
6 3 27 51
1 3 26 51
2 3 26 53
7 3 35 51
4 3 35 54
4 3 54 56
7 3 53 58
6 2 11 64
4 3 13 65
6 3 13 64
1 2 11 64
2 3 12 64
7 2 11 64
3 3 18 64
4 2 11 63
6 3 17 64
5 2 11 67
1 3 12 65
4 2 11 66
1 2 11 75
4 3 10 76
8 3 11 77
4 2 11 77
4 2 11 84
8 2 10 84
5 2 10 85
1 3 15 85
8 3 35 86
2 2 11 85
1 3 20 86
8 3 19 86
3 3 30 87
5 2 12 5
8 3 14 4
5 2 12 12
7 3 11 12
2 2 11 12
1 2 11 12
5 3 14 13
8 3 14 11
3 2 12 11
2 2 12 12
4 3 13 12
7 2 11 12
6 2 11 12
8 2 12 26
1 2 12 25
2 3 27 23
3 2 12 24
8 3 13 23
4 3 12 24
6 2 11 24
1 3 19 24
6 3 28 22
7 2 11 25
7 3 14 24
6 3 34 25
4 2 12 24
5 2 12 23
3 3 23 23
6 3 22 22
5 2 12 51
5 3 19 51
3 3 20 49
5 2 12 68
7 2 12 71
6 2 11 71
3 3 23 71
5 3 25 72
1 2 12 82
6 2 11 83
8 4 20 82
7 3 25 82
4 2 12 81
7 3 11 82
1 3 25 81
8 2 12 81
3 2 12 80
2 2 12 80
5 3 14 78
6 2 12 87
3 3 22 85
3 2 11 87
2 3 18 86
2 4 31 87
4 3 25 88
2 3 38 89
8 2 11 87
3 2 12 89
6 2 11 89
1 3 14 89
1 3 15 87
4 3 15 88
4 2 13 2
7 4 19 1
4 3 16 2
1 3 17 2
5 2 12 3
7 3 13 1
2 4 19 2
1 2 13 4
4 3 17 2
6 3 16 2
3 3 25 3
4 3 29 3
2 2 13 15
1 2 13 22
7 2 12 22
8 2 13 21
4 4 13 20
8 3 12 20
1 3 12 19
7 3 10 20
1 3 15 21
3 2 10 19
6 3 10 18
6 3 13 18
5 3 29 16
4 2 10 18
1 3 36 16
7 2 13 21
7 2 13 27
2 2 12 28
1 3 16 28
3 2 13 28
5 2 12 28
4 2 12 27
4 2 13 30
2 2 12 30
5 2 12 31
7 2 12 31
3 3 16 30
4 2 11 31
3 2 11 32
6 3 10 32
1 3 10 33
2 3 16 34
1 3 25 34
5 2 10 34
2 3 22 34
3 2 9 34
3 3 19 33
8 2 9 33
4 2 13 36
5 2 13 41
6 2 12 42
3 2 13 40
5 2 13 50
1 2 13 50
5 2 13 53
8 3 30 53
6 3 41 54
7 4 47 55
3 2 12 53
6 2 11 53
4 2 12 52
1 3 16 51
8 3 15 53
6 4 25 53
4 3 21 50
2 4 35 49
7 3 20 51
6 3 34 49
1 2 13 54
4 3 24 53
8 2 13 53
6 2 13 53
4 2 13 54
7 3 31 54
7 3 48 55
1 2 13 63
2 3 20 64
3 2 13 65
6 2 13 74
7 2 13 88
1 2 14 5
6 2 14 6
8 2 14 23
4 2 14 33
6 2 13 34
4 3 16 33
3 2 14 43
7 2 14 43
3 2 14 60
8 2 13 60
3 3 19 60
1 2 12 60
8 2 12 59
5 2 12 60
8 2 14 59
5 3 17 60
4 2 13 60
1 2 12 60
6 3 26 59
7 2 12 60
3 3 12 59
2 2 12 58
6 3 12 57
7 3 33 57
1 2 11 58
2 4 14 56
5 4 14 55
3 3 13 55
1 3 19 58
5 2 12 55
1 2 12 57
2 3 15 56
3 4 18 54
8 2 12 56
4 3 24 57
6 3 40 57
4 2 12 57
5 4 22 55
3 4 31 56
6 3 12 56
3 4 36 57
8 3 29 56
8 3 37 55
8 4 40 56
1 3 40 58
1 3 43 57
5 2 12 56
7 2 13 55
1 3 19 54
7 3 18 54
4 2 12 55
5 3 18 53
4 3 18 52
1 3 25 50
7 2 13 58
2 3 20 59
1 2 14 66
5 2 13 66
5 2 14 89
6 2 15 22
8 2 15 22
3 2 15 23
5 3 15 23
2 3 14 25
6 3 16 25
8 4 18 24
4 3 21 24
1 4 22 25
8 3 20 25
7 3 19 26
6 2 13 25
8 2 15 41
4 2 14 41
3 3 15 41
5 2 15 51
5 3 20 50
6 3 20 49
7 2 15 51
1 3 15 50
8 2 13 51
2 2 15 49
6 2 15 49
4 2 15 51
5 2 15 65
3 3 15 65
7 2 15 87
3 2 16 14
7 2 15 15
2 3 19 15
5 3 33 16
1 2 16 17
2 3 22 16
7 3 21 18
8 2 16 35
5 2 16 38
4 2 16 41
7 2 15 41
1 2 15 40
4 2 16 59
8 4 16 58
5 2 16 71
8 3 27 71
3 3 33 72
5 3 33 72
7 2 17 3
5 4 27 1
3 3 26 1
1 2 17 9
1 2 17 24
5 2 17 25
3 2 17 26
6 3 20 26
6 2 17 50
3 2 17 55
6 2 17 61
7 2 17 72
1 2 17 71
3 2 17 75
5 2 17 80
2 2 17 89
6 2 17 89
1 2 16 90
7 2 17 89
7 2 18 24
3 2 17 24
4 2 18 27
3 3 19 26
8 2 18 56
4 3 18 55
4 3 32 56
5 2 18 83
3 2 17 83
3 2 18 85
1 2 18 86
4 3 25 87
1 3 23 88
6 2 17 86
1 2 17 85
6 3 22 85
7 2 18 86
3 3 21 86
7 3 31 88
2 2 18 89
2 2 19 2
6 2 18 3
2 2 19 42
4 2 19 61
2 2 19 84
8 2 19 88
2 2 20 49
1 2 19 49
8 2 20 72
4 3 22 73
1 2 20 71
2 3 19 71
7 2 19 71
4 2 20 82
8 2 20 89
3 2 20 89
7 2 21 3
5 2 21 16
8 2 21 34
2 2 20 34
7 2 20 34
6 2 21 79
2 2 21 85
1 2 21 84
8 2 20 85
1 2 20 85
7 4 20 84
1 2 22 35
1 2 22 74
1 2 23 2
1 2 23 54
7 3 31 55
2 3 29 55
8 2 23 54
8 2 23 56
3 2 22 56
1 4 25 55
2 3 23 56
5 4 22 56
7 3 28 57
6 2 21 57
2 3 28 57
6 3 27 57
4 2 21 56
1 5 21 55
4 2 21 58
6 2 22 57
1 2 23 58
4 4 25 57
6 2 23 73
7 2 23 86
6 2 23 87
3 2 24 16
6 2 23 17
1 2 24 15
6 2 23 15
3 2 22 15
8 2 24 58
4 2 27 89
6 2 30 1
1 2 29 2
8 2 31 58
4 2 30 59
4 2 32 1
4 2 32 89
1 2 33 1
7 2 32 1
6 2 32 2
8 2 33 89
1 2 34 89
4 2 35 89
7 3 34 89
