4483
1616
3 7 498 7
3 8 539 7
5 6 14 9
3 6 559 9
4 6 631 9
3 6 662 1
5 6 696 3
5 7 861 5
4 5 73 9
4 5 97 7
3 5 102 5
5 5 126 3
3 5 130 7
5 5 150 7
4 5 178 3
4 5 191 9
4 5 241 9
4 5 296 9
5 5 319 9
5 5 337 1
5 5 343 5
3 5 356 9
3 5 424 3
4 5 435 7
4 5 474 5
5 5 496 3
5 5 517 7
4 5 632 1
5 5 691 7
5 5 776 7
3 5 782 1
5 5 853 5
5 5 865 1
5 4 8 9
4 4 17 3
4 4 22 7
3 4 24 5
4 4 32 7
3 4 42 5
3 4 43 5
4 4 42 5
5 4 41 5
5 4 51 5
5 4 92 1
5 4 95 3
4 4 97 5
5 4 94 5
5 4 108 1
4 4 112 9
5 5 109 9
3 4 118 9
4 4 119 1
3 4 119 3
3 4 133 7
5 4 133 9
3 4 140 5
5 4 141 1
4 4 151 5
4 4 177 5
4 4 202 5
5 4 207 5
3 4 238 9
5 4 241 5
3 4 271 9
5 4 269 9
5 4 272 9
5 4 282 5
4 4 279 5
5 4 285 5
3 4 292 9
3 4 310 5
4 4 322 5
4 4 327 3
4 4 330 3
5 4 341 7
4 4 344 1
3 4 350 1
4 4 355 7
4 4 369 1
3 4 373 5
5 4 381 9
4 4 378 9
5 4 383 9
4 4 380 9
3 4 386 9
4 4 385 9
5 4 384 9
3 4 392 5
3 4 401 5
4 4 403 9
4 4 413 9
3 4 424 3
5 4 430 5
5 4 475 3
4 4 478 9
4 4 480 3
5 4 485 1
3 4 506 9
3 4 510 3
5 4 563 3
3 4 573 5
3 4 578 7
4 4 595 3
3 4 634 1
4 4 635 7
3 4 635 7
4 4 662 3
5 4 668 1
4 4 686 9
3 4 696 9
4 4 714 3
4 4 730 5
5 4 758 7
4 4 760 1
5 4 764 1
4 4 771 3
4 4 798 5
4 4 805 9
4 4 816 7
4 4 822 7
4 4 838 9
3 4 842 1
3 4 864 3
5 4 869 3
4 5 888 7
5 4 893 1
5 4 894 7
5 4 896 3
3 3 2 7
4 3 2 7
5 3 4 9
5 3 5 3
5 3 9 3
3 3 9 7
5 3 12 5
4 3 17 3
5 3 20 3
4 3 23 3
5 3 24 9
4 3 36 9
5 3 34 9
3 3 37 1
5 3 37 9
4 4 35 9
4 3 54 3
5 3 56 3
4 3 57 1
5 3 57 1
4 3 58 3
3 3 58 3
3 3 62 7
4 3 66 7
4 3 68 1
5 3 76 3
4 3 78 1
5 3 78 1
3 4 77 1
4 4 76 1
3 3 80 1
4 3 80 7
4 3 86 9
3 3 93 7
5 3 94 9
5 3 99 9
5 3 101 9
3 3 101 9
5 3 103 7
4 3 104 1
5 3 104 3
5 3 109 7
4 3 108 7
3 3 106 7
3 3 113 3
5 4 111 3
5 3 113 5
4 3 116 7
5 3 117 7
3 3 121 1
4 3 121 9
3 3 123 5
4 3 133 7
5 3 140 7
5 3 143 7
4 3 142 7
5 3 144 3
4 3 145 5
3 3 147 3
4 3 147 3
3 3 147 3
4 3 149 3
5 3 150 3
4 3 156 7
4 3 158 3
5 3 165 7
4 3 170 3
5 3 171 5
3 3 172 5
4 3 173 1
4 3 178 7
3 3 179 1
5 3 181 5
4 3 190 3
3 3 191 5
3 3 192 1
4 3 192 3
5 3 208 7
3 3 210 9
5 3 210 9
4 3 211 7
5 4 209 7
5 3 212 5
4 3 218 5
3 3 216 5
5 4 215 5
5 3 223 5
4 3 221 5
3 3 220 5
4 3 224 9
5 3 227 5
5 3 231 1
5 3 232 7
4 3 230 7
5 3 233 3
3 3 232 3
4 3 236 7
3 4 235 7
3 3 239 5
5 3 243 5
4 3 244 1
5 3 246 9
4 3 247 3
5 3 247 3
3 4 245 3
5 3 247 5
3 4 246 5
5 3 244 5
4 3 244 5
4 3 246 5
5 3 249 1
5 3 257 1
5 3 265 5
5 3 266 3
3 3 265 3
5 3 271 7
3 3 269 7
3 3 271 9
3 3 273 1
5 3 277 5
4 3 278 3
3 4 277 3
4 3 278 7
4 3 280 9
3 4 278 9
4 3 278 9
5 3 276 9
5 3 284 1
4 3 285 7
3 3 285 7
4 3 286 7
4 3 289 3
4 3 291 1
5 3 291 3
3 3 289 3
3 3 295 9
5 3 295 9
4 3 294 9
4 3 298 1
5 3 300 1
3 3 303 9
5 3 301 9
4 3 305 7
3 3 303 7
4 3 304 7
3 3 307 3
5 3 310 7
4 3 312 1
5 3 311 1
4 4 309 1
4 3 315 9
5 3 313 9
4 3 313 9
5 3 314 9
3 3 312 9
3 3 328 1
3 3 329 7
4 3 332 7
4 3 333 1
4 3 334 3
5 4 333 3
4 3 339 7
5 3 340 5
5 3 343 7
4 3 346 1
3 3 350 3
4 3 352 3
5 3 354 7
5 3 356 9
3 3 357 5
3 3 360 3
4 3 365 1
3 3 364 1
4 3 383 3
3 3 383 9
5 3 382 9
4 3 388 1
4 3 392 3
5 3 394 5
3 3 393 5
5 3 392 5
5 3 397 3
4 3 395 3
4 3 399 1
3 3 403 5
4 3 402 5
3 3 407 3
3 3 407 5
4 3 406 5
4 3 408 1
3 4 407 1
4 3 413 3
5 3 414 3
3 4 413 3
3 3 419 9
4 3 422 1
5 3 423 1
3 3 422 1
3 3 428 9
4 4 426 9
5 3 425 9
3 4 424 9
3 3 434 7
5 3 436 1
5 3 437 5
3 3 439 7
5 3 438 7
4 3 440 1
3 4 438 1
4 3 441 1
5 3 446 7
4 3 451 7
5 3 449 7
3 3 455 5
5 3 460 9
3 3 465 7
5 3 463 7
5 3 466 1
4 3 466 5
5 3 468 3
3 3 466 3
4 3 481 9
4 3 494 1
5 3 498 9
5 3 503 3
3 3 510 1
4 3 509 1
3 3 512 5
3 3 513 5
5 3 515 3
3 4 513 3
3 3 518 1
4 3 521 1
4 3 527 7
3 3 525 7
4 3 531 5
3 3 532 5
3 3 535 7
4 3 546 7
3 4 544 7
4 4 542 7
5 3 551 1
4 3 554 1
3 3 555 9
3 3 556 3
5 3 556 3
5 3 557 1
5 3 560 9
5 3 561 7
3 3 562 3
3 3 567 5
4 3 570 7
3 3 571 1
3 3 578 3
4 3 579 1
3 3 582 1
5 3 583 7
4 3 585 3
4 3 589 3
3 3 591 1
4 3 592 1
4 3 592 3
5 3 590 3
3 3 592 3
5 3 595 3
3 3 593 3
4 3 595 3
5 3 595 9
4 3 596 1
5 3 599 7
3 3 600 1
5 3 602 9
5 3 606 5
3 3 604 5
4 3 607 1
5 3 605 1
5 3 606 1
3 3 609 9
4 3 608 9
3 3 610 1
5 3 609 1
4 3 609 1
3 4 608 1
5 3 607 1
4 3 615 3
5 3 615 5
4 3 615 9
3 3 620 9
4 3 622 3
4 3 627 7
5 3 630 1
5 3 635 7
5 3 658 1
4 3 658 9
4 3 660 9
3 4 658 9
5 3 663 1
5 3 673 3
3 3 671 3
4 3 676 5
5 3 690 7
3 3 695 7
5 3 694 7
3 3 693 7
5 2 1 5
5 2 2 1
3 2 1 1
4 2 3 1
5 2 2 1
3 2 2 1
4 2 1 1
5 2 3 5
3 2 2 5
5 2 3 7
3 2 2 7
5 2 1 7
4 2 1 7
4 2 2 7
4 2 4 3
4 2 4 5
3 2 3 5
5 2 2 5
3 2 2 5
4 3 1 5
5 2 4 5
4 2 3 5
3 2 4 7
3 2 5 7
3 2 5 9
4 2 4 9
3 2 3 9
4 2 2 9
4 2 4 9
3 2 4 9
3 2 6 5
4 2 7 1
3 2 6 1
4 2 7 1
5 2 8 3
3 2 9 3
4 2 8 3
3 2 9 7
3 2 11 3
5 2 11 3
5 2 11 5
4 2 11 5
3 2 10 5
5 2 9 5
3 2 10 5
3 2 11 5
4 2 11 9
3 2 11 9
4 2 11 9
4 2 12 1
3 2 12 1
5 2 11 1
4 2 10 1
5 2 10 1
3 2 9 1
4 3 8 1
3 2 7 1
5 2 6 1
4 2 9 1
5 3 8 1
3 2 10 1
5 2 10 1
3 2 10 1
4 2 9 1
4 2 10 1
5 2 9 1
3 2 8 1
5 2 11 1
3 2 12 5
4 3 11 5
5 2 10 5
3 2 12 7
4 2 11 7
5 2 10 7
4 2 13 5
3 3 12 5
3 2 13 9
5 2 15 3
5 2 15 7
5 2 16 7
3 2 17 3
5 2 16 3
3 3 15 3
4 2 14 3
5 2 17 7
4 3 16 7
3 2 15 7
4 2 14 7
4 2 15 7
5 2 17 9
4 2 17 9
3 2 16 9
4 2 16 9
5 2 15 9
3 2 14 9
5 2 14 9
4 2 13 9
5 3 12 9
4 2 12 9
5 2 14 9
3 2 13 9
4 2 13 9
5 3 12 9
3 3 11 9
4 2 11 9
5 2 10 9
3 2 10 9
4 2 13 9
3 2 13 9
5 3 12 9
5 2 13 9
3 2 13 9
4 2 17 9
3 2 16 9
5 3 15 9
3 2 16 9
4 2 15 9
3 2 14 9
4 2 16 9
5 2 16 9
3 2 15 9
4 3 14 9
4 2 17 9
3 2 16 9
5 3 15 9
3 2 14 9
3 2 17 9
5 2 17 9
4 2 16 9
3 2 15 9
4 2 14 9
4 2 18 5
3 2 17 5
4 3 16 5
3 2 15 5
4 2 14 5
3 2 14 5
5 2 18 7
3 2 19 7
4 2 18 7
4 2 19 7
3 2 19 7
5 2 18 7
4 2 20 3
5 2 19 3
3 2 18 3
5 2 19 3
4 2 18 3
5 3 17 3
4 2 19 3
5 2 18 3
3 2 19 3
4 2 18 3
3 2 17 3
5 2 20 5
5 2 20 7
3 3 19 7
5 2 19 7
4 2 18 7
3 2 17 7
4 2 16 7
4 2 19 7
3 2 18 7
4 2 18 7
3 2 18 7
5 3 17 7
4 2 21 7
5 2 21 9
5 2 22 1
5 2 22 9
3 2 23 7
4 3 22 7
3 2 21 7
4 2 24 5
5 2 25 9
3 3 24 9
5 3 23 9
3 2 25 9
3 2 26 7
5 2 27 1
3 2 26 1
5 2 28 5
4 2 27 5
5 2 27 5
3 2 26 5
5 2 28 9
4 2 27 9
4 2 29 3
3 2 29 3
3 2 29 9
5 3 28 9
4 2 28 9
3 2 31 1
4 2 30 1
4 2 31 3
5 3 30 3
4 2 29 3
3 2 29 3
4 2 31 3
5 2 30 3
3 2 31 5
3 2 32 1
4 2 31 1
4 2 32 9
4 2 34 5
4 2 35 7
5 2 37 9
4 2 38 1
5 2 38 5
3 2 39 7
5 2 39 9
4 2 40 3
5 3 39 3
4 2 38 3
5 2 37 3
3 2 40 7
4 2 39 7
5 2 40 9
4 2 39 9
3 3 38 9
5 2 38 9
4 2 37 9
3 2 36 9
4 2 37 9
5 3 36 9
3 2 41 5
4 2 41 5
5 3 40 5
4 2 41 9
5 2 40 9
4 2 41 9
3 3 40 9
4 3 39 9
5 2 38 9
3 2 40 9
5 2 42 1
3 3 41 1
4 2 40 1
3 2 43 3
5 2 42 3
3 3 41 3
5 2 40 3
5 2 44 1
3 2 44 9
4 2 43 9
3 3 42 9
3 2 43 9
4 2 44 9
5 3 43 9
4 2 42 9
3 2 46 7
4 2 45 7
3 2 48 3
4 3 47 3
3 3 46 3
3 2 47 3
5 2 48 7
4 2 47 7
5 2 47 7
4 2 49 5
5 2 49 5
3 2 48 5
5 3 47 5
5 2 50 7
3 2 50 7
5 2 50 7
4 2 49 7
5 3 48 7
3 2 53 3
4 2 53 7
4 2 53 9
4 2 54 5
3 2 55 3
4 2 54 3
3 2 54 3
4 2 54 3
5 2 53 3
3 2 55 9
4 2 57 5
5 2 58 1
3 2 58 5
5 3 57 5
3 2 56 5
4 2 55 5
3 2 54 5
5 3 53 5
3 2 53 5
4 2 57 5
3 2 56 5
5 2 55 5
3 2 54 5
3 2 58 7
4 2 57 7
3 2 56 7
4 2 60 5
3 2 59 5
4 2 58 5
3 2 58 5
5 2 57 5
4 2 56 5
4 2 60 7
5 2 60 7
4 2 60 7
3 2 59 7
4 3 58 7
5 2 58 7
4 2 58 7
4 2 59 7
5 2 58 7
3 3 57 7
5 2 60 7
4 2 61 3
4 2 62 1
3 2 62 7
4 2 61 7
3 2 60 7
5 2 64 1
3 2 63 1
4 2 63 1
5 2 64 3
5 2 64 9
4 2 63 9
3 2 65 5
5 2 64 5
4 2 63 5
5 2 65 7
4 2 65 9
5 2 65 9
3 2 67 3
4 2 66 3
3 2 68 1
5 2 68 1
3 2 68 1
4 2 67 1
3 2 66 1
4 2 65 1
5 2 67 1
5 2 68 1
4 2 68 1
5 2 68 3
3 2 68 3
5 2 68 3
4 2 67 3
4 2 68 7
3 2 67 7
4 2 68 7
5 2 67 7
3 2 69 1
4 2 69 1
5 2 68 1
3 3 67 1
4 2 66 1
5 2 69 5
4 2 68 5
3 2 67 5
4 2 69 5
4 2 69 9
3 2 68 9
4 2 67 9
5 2 66 9
4 2 65 9
3 2 64 9
4 2 64 9
5 2 70 7
4 2 70 7
5 2 71 3
3 3 70 3
4 2 69 3
3 3 68 3
5 2 71 5
3 2 71 5
3 2 71 7
4 2 71 7
5 2 70 7
3 2 69 7
5 2 68 7
3 3 67 7
4 2 66 7
5 2 66 7
3 3 65 7
5 2 65 7
3 2 67 7
4 2 66 7
3 3 65 7
4 2 64 7
5 2 72 7
3 2 71 7
4 3 70 7
5 2 69 7
4 2 68 7
3 3 67 7
3 2 73 3
4 2 73 3
5 2 72 3
4 3 71 3
5 2 70 3
3 2 69 3
3 2 74 5
5 2 74 7
3 2 75 5
4 3 74 5
5 2 75 7
3 3 74 7
4 2 76 7
3 3 75 7
5 2 74 7
4 2 73 7
5 2 72 7
3 2 71 7
5 2 72 7
3 2 72 7
5 2 72 7
3 2 76 9
5 2 75 9
3 2 74 9
4 2 73 9
3 2 74 9
5 2 77 9
4 2 76 9
3 2 75 9
3 2 78 3
3 2 79 3
4 2 78 3
4 2 79 5
5 2 79 5
3 3 78 5
5 2 78 5
3 2 80 3
4 2 82 1
5 2 81 1
3 2 81 1
4 2 80 1
3 2 79 1
4 3 78 1
3 2 78 1
5 2 79 1
4 2 78 1
5 2 77 1
4 2 76 1
4 2 77 1
3 3 76 1
4 2 82 3
3 2 82 5
3 2 82 7
4 2 82 7
5 3 81 7
3 2 81 7
4 3 80 7
5 2 79 7
3 2 82 9
5 3 81 9
4 2 81 9
3 2 80 9
5 2 79 9
5 2 83 3
3 2 82 3
5 2 81 3
4 2 80 3
3 2 83 5
4 2 82 5
4 2 83 9
5 2 82 9
5 2 83 9
3 2 82 9
4 3 81 9
5 2 80 9
3 2 79 9
4 2 78 9
5 2 77 9
3 3 76 9
5 2 78 9
3 2 77 9
4 2 76 9
4 2 82 9
5 3 81 9
3 2 80 9
5 2 79 9
4 2 78 9
3 2 81 9
5 2 80 9
5 2 84 3
3 2 83 3
5 3 82 3
4 2 81 3
3 2 80 3
5 2 79 3
3 2 78 3
4 2 80 3
3 2 86 1
5 2 86 9
3 3 85 9
5 2 86 9
3 2 86 9
4 2 87 9
5 3 86 9
5 2 88 7
4 2 87 7
3 2 86 7
4 2 85 7
4 2 88 7
5 2 87 7
3 2 87 7
3 2 88 7
3 2 88 9
3 2 89 1
3 2 89 5
5 2 89 7
3 2 89 7
4 3 88 7
3 2 88 7
5 2 87 7
4 2 86 7
3 2 85 7
5 2 84 7
4 2 83 7
3 3 82 7
4 2 85 7
3 2 89 7
4 2 90 9
3 2 89 9
4 2 88 9
5 2 87 9
4 2 87 9
4 2 88 9
5 2 89 9
3 2 88 9
5 2 87 9
3 2 89 9
3 2 91 9
5 3 90 9
4 2 89 9
5 2 88 9
4 3 87 9
5 2 87 9
3 3 86 9
4 3 85 9
4 2 87 9
5 2 86 9
3 2 85 9
5 2 84 9
4 2 87 9
3 2 87 9
4 2 87 9
5 2 86 9
3 2 85 9
5 2 85 9
4 3 84 9
3 2 83 9
5 2 82 9
3 2 84 9
5 2 88 9
5 2 93 5
3 2 92 5
4 2 91 5
5 2 91 5
3 2 92 5
4 3 91 5
3 3 90 5
5 2 92 5
4 2 91 5
3 2 91 5
5 2 90 5
4 2 89 5
3 2 89 5
4 2 89 5
5 2 88 5
4 2 87 5
3 3 86 5
4 2 93 5
5 2 92 5
4 2 94 1
5 2 93 1
3 2 92 1
5 2 94 1
4 2 94 1
5 2 95 3
3 2 95 5
5 2 96 1
3 2 96 1
4 2 95 1
3 2 95 1
3 2 96 7
4 2 96 9
3 2 96 9
5 2 95 9
3 2 94 9
3 2 95 9
5 2 94 9
4 2 95 9
5 2 95 9
3 2 94 9
5 2 94 9
4 2 95 9
3 2 94 9
5 2 94 9
4 3 93 9
3 2 93 9
3 2 96 9
5 2 97 7
4 2 96 7
5 3 95 7
4 2 97 9
3 2 97 9
5 2 98 1
4 3 97 1
4 2 98 7
5 3 97 7
3 2 96 7
5 2 99 1
4 3 98 1
5 2 99 5
4 2 100 3
3 2 99 3
4 2 98 3
3 2 98 3
3 2 99 3
4 2 100 3
5 2 99 3
4 2 98 3
5 2 99 3
5 2 100 3
4 2 102 9
5 2 101 9
3 2 103 7
5 2 102 7
4 2 101 7
3 2 103 7
3 2 104 7
5 2 105 1
3 2 106 5
3 2 107 9
5 2 108 1
3 2 107 1
5 3 106 1
3 2 105 1
3 2 106 1
5 2 105 1
3 2 105 1
3 2 108 1
5 2 107 1
4 2 107 1
5 2 107 1
5 2 110 1
3 2 110 1
4 2 109 1
5 2 110 3
4 2 109 3
5 3 108 3
4 2 109 3
3 2 108 3
4 2 112 3
3 2 111 3
5 3 110 3
3 3 109 3
3 2 112 3
5 2 112 5
3 2 111 5
5 2 110 5
3 3 109 5
4 2 108 5
5 3 107 5
4 2 106 5
3 2 110 5
5 2 112 7
5 2 113 3
4 2 112 3
3 2 112 3
5 2 113 3
4 2 112 3
5 2 111 3
4 2 111 3
3 3 110 3
3 2 112 3
4 3 111 3
5 2 110 3
3 2 115 3
4 2 115 3
5 3 114 3
4 2 113 3
5 2 112 3
4 2 113 3
4 2 115 5
3 2 114 5
4 2 116 1
3 2 118 1
5 2 118 5
3 2 117 5
4 2 119 5
4 2 120 7
3 2 121 1
5 2 120 1
5 2 121 7
3 2 121 9
4 2 120 9
5 2 121 9
3 2 120 9
5 2 119 9
3 2 118 9
4 2 121 9
5 2 120 9
4 2 120 9
3 2 119 9
5 2 119 9
3 2 122 7
4 2 121 7
3 2 120 7
5 2 123 1
3 2 122 1
3 2 124 1
3 2 124 3
3 2 125 9
4 2 126 3
5 2 126 3
3 2 125 3
3 2 126 7
3 2 126 9
4 2 125 9
5 2 124 9
5 2 127 3
3 3 126 3
5 3 125 3
4 3 124 3
5 2 123 3
3 2 123 3
5 2 123 3
4 2 122 3
5 3 121 3
5 2 122 3
4 2 122 3
5 2 122 3
4 2 122 3
3 2 121 3
4 2 120 3
3 2 121 3
5 2 120 3
3 2 122 3
3 2 123 3
3 2 124 3
5 3 123 3
4 2 122 3
3 2 122 3
4 2 122 3
3 2 122 3
4 2 124 3
3 2 123 3
4 3 122 3
5 2 121 3
5 2 124 3
4 2 123 3
3 2 125 3
5 2 124 3
3 2 123 3
5 2 122 3
4 2 122 3
3 3 121 3
4 2 120 3
3 3 119 3
5 2 118 3
3 2 118 3
5 2 118 3
4 2 124 3
5 2 123 3
3 2 125 3
4 2 128 5
5 3 127 5
3 2 127 5
5 2 128 7
3 2 128 7
4 3 127 7
5 3 126 7
3 2 128 7
5 2 127 7
3 2 126 7
3 2 129 1
3 2 129 5
5 2 130 1
4 2 129 1
5 2 130 1
3 2 129 1
5 2 128 1
4 2 127 1
3 2 130 1
4 2 130 1
5 2 131 1
3 2 130 1
5 2 129 1
3 2 129 1
4 3 128 1
3 2 131 1
3 2 131 5
4 2 130 5
3 2 131 7
5 2 131 7
4 2 130 7
3 2 129 7
3 2 132 5
4 2 132 5
4 2 132 9
5 2 131 9
5 2 133 5
3 2 132 5
3 2 133 5
5 2 133 5
4 2 132 5
5 2 133 5
4 2 133 5
3 2 134 7
4 2 135 7
5 2 134 7
4 3 133 7
5 2 132 7
3 2 136 1
3 2 136 9
4 3 135 9
3 3 134 9
3 2 137 1
5 2 136 1
4 2 135 1
3 2 134 1
4 2 133 1
3 2 132 1
5 2 131 1
4 2 130 1
5 2 129 1
4 2 129 1
3 2 128 1
5 2 127 1
3 2 134 1
4 2 133 1
5 3 132 1
3 2 131 1
5 2 136 1
3 2 139 7
5 2 139 9
3 2 139 9
4 3 138 9
5 2 138 9
3 3 137 9
4 3 136 9
5 2 136 9
4 2 139 9
5 2 138 9
4 2 138 9
3 2 137 9
4 2 139 9
5 2 141 3
4 2 140 3
5 3 139 3
4 2 141 7
5 2 142 1
3 2 141 1
3 2 142 1
5 2 141 1
4 2 140 1
5 2 142 7
3 2 143 5
4 2 143 5
3 2 145 7
4 2 144 7
5 2 146 7
4 3 145 7
3 2 146 9
4 2 145 9
3 2 145 9
5 2 147 9
3 2 146 9
4 2 145 9
4 2 149 3
3 2 148 3
5 2 150 7
4 2 149 7
5 2 148 7
3 2 147 7
4 2 146 7
5 3 145 7
5 2 146 7
4 2 147 7
5 2 153 1
5 2 153 3
3 2 152 3
4 2 151 3
5 2 154 3
3 2 155 3
4 2 154 3
5 2 154 3
3 3 153 3
5 2 152 3
3 2 151 3
4 2 151 3
3 2 155 7
4 2 154 7
5 2 155 9
3 2 156 7
4 2 155 7
5 2 154 7
3 3 153 7
4 2 152 7
3 2 151 7
3 2 155 7
4 2 155 7
5 3 154 7
3 2 153 7
4 2 152 7
4 2 155 7
4 2 157 1
3 2 156 1
5 3 155 1
3 2 154 1
4 2 153 1
4 2 154 1
3 2 154 1
5 2 156 1
4 2 156 1
3 2 155 1
5 2 155 1
4 3 154 1
3 2 154 1
4 2 156 1
5 2 156 1
5 2 157 1
4 3 156 1
5 2 157 5
3 2 159 5
4 2 159 7
5 2 160 7
3 2 160 9
5 2 162 5
4 2 162 5
3 3 161 5
5 3 160 5
5 2 162 5
5 2 163 5
5 2 164 5
3 2 164 5
3 2 165 7
3 2 166 3
4 2 165 3
4 2 166 3
4 2 167 1
5 3 166 1
4 2 166 1
5 2 166 1
3 3 165 1
5 2 164 1
4 2 165 1
3 2 167 7
5 3 166 7
4 3 165 7
5 2 164 7
4 2 167 9
3 2 168 3
5 2 168 9
3 3 167 9
5 3 166 9
4 2 165 9
5 2 164 9
3 2 169 9
4 2 170 1
4 2 172 7
3 3 171 7
5 2 173 1
3 2 173 3
4 2 172 3
3 2 172 3
5 2 171 3
4 2 170 3
5 2 170 3
3 2 169 3
4 2 169 3
5 2 168 3
4 2 167 3
3 2 166 3
5 2 165 3
5 2 166 3
3 2 169 3
4 2 168 3
3 2 168 3
3 2 172 3
5 3 171 3
4 2 173 7
3 2 172 7
5 2 172 7
3 2 172 7
5 2 172 7
4 2 171 7
3 2 171 7
5 2 174 1
3 2 174 1
4 3 173 1
5 2 174 5
5 2 175 3
3 3 174 3
4 2 176 1
5 2 175 1
3 2 174 1
3 2 177 3
4 2 178 5
5 2 177 5
4 2 179 1
4 2 179 3
3 2 178 3
5 2 177 3
4 2 178 3
3 2 177 3
5 2 177 3
4 2 176 3
5 2 175 3
4 2 179 3
5 2 180 1
3 2 179 1
5 3 178 1
5 2 179 1
4 2 180 5
3 2 179 5
5 2 180 5
4 2 179 5
5 2 178 5
5 2 180 5
4 2 180 5
3 2 179 5
4 2 178 5
4 2 181 5
5 2 182 3
4 3 181 3
5 2 182 5
4 2 182 5
5 2 183 1
3 2 183 1
3 2 184 1
5 2 183 1
3 2 183 1
4 2 182 1
4 2 185 3
3 2 184 3
5 2 186 1
3 2 185 1
5 2 184 1
4 2 183 1
5 3 182 1
3 2 184 1
5 2 183 1
4 2 182 1
5 2 185 1
3 2 184 1
4 2 183 1
3 2 183 1
4 2 183 1
5 2 182 1
3 2 181 1
4 3 180 1
4 2 182 1
5 2 182 1
3 2 184 1
4 2 186 5
5 2 186 5
3 2 188 7
3 2 189 1
5 2 189 5
3 2 188 5
5 2 187 5
4 3 186 5
5 2 192 5
4 2 191 5
5 2 193 1
5 2 193 3
4 2 192 3
5 2 192 3
4 2 192 3
3 2 193 7
4 2 193 7
3 2 194 3
4 2 193 3
4 2 194 3
3 2 194 5
5 2 193 5
4 3 192 5
5 2 192 5
3 2 191 5
4 2 195 5
5 2 194 5
4 3 193 5
5 3 192 5
4 2 191 5
5 2 190 5
3 2 190 5
4 2 189 5
3 2 194 5
4 2 193 5
3 3 192 5
5 2 191 5
3 2 190 5
5 2 189 5
3 2 195 5
4 2 195 5
3 2 195 5
5 2 196 5
3 2 196 5
4 2 195 5
5 3 194 5
4 2 193 5
3 2 192 5
4 2 191 5
5 3 190 5
4 3 189 5
3 3 188 5
4 3 187 5
5 2 186 5
5 2 189 5
3 2 189 5
4 2 188 5
5 2 188 5
3 2 191 5
3 2 197 1
5 2 196 1
4 2 196 1
4 2 197 1
5 2 196 1
3 2 195 1
5 2 194 1
5 2 197 1
4 2 196 1
3 3 195 1
4 2 194 1
3 3 193 1
4 2 192 1
5 2 191 1
4 2 190 1
5 3 189 1
4 2 193 1
3 2 192 1
4 2 191 1
5 2 192 1
4 2 192 1
5 2 194 1
4 3 193 1
5 2 192 1
3 2 191 1
5 2 193 1
4 2 195 1
5 2 195 1
4 2 195 1
3 2 194 1
3 2 197 7
4 2 196 7
5 2 195 7
3 2 195 7
4 2 194 7
3 2 193 7
4 2 193 7
5 2 194 7
3 3 193 7
5 2 192 7
5 2 193 7
4 2 192 7
3 2 191 7
5 2 190 7
3 2 189 7
4 2 193 7
4 2 198 5
5 2 197 5
3 2 196 5
5 2 196 5
4 2 195 5
5 2 194 5
5 2 197 5
3 2 196 5
4 2 196 5
4 2 198 5
5 2 199 5
4 2 199 5
3 3 198 5
5 2 197 5
3 3 196 5
5 2 195 5
3 2 206 5
5 2 216 5
5 2 217 5
4 2 217 5
3 2 218 5
5 2 219 5
4 2 218 5
5 3 217 5
5 2 228 5
3 2 231 5
