39201
1935
4 25 43 29
5 26 50 14
4 23 45 90
6 22 1 27
3 25 45 28
6 20 70 2
6 19 15 76
5 19 29 89
7 19 41 44
7 18 29 31
6 18 47 60
7 17 26 6
5 17 32 44
6 18 65 45
4 17 48 38
6 17 55 24
3 30 77 21
4 17 65 6
5 17 74 77
5 16 10 63
6 16 32 68
2 16 40 16
2 16 48 6
6 16 72 59
4 15 13 1
8 16 25 1
3 15 22 76
4 15 35 47
7 15 39 37
3 15 45 47
6 15 46 14
2 14 13 94
5 14 26 70
5 21 71 71
4 14 29 90
4 14 46 44
4 14 64 73
3 15 87 38
3 14 91 82
7 13 3 47
3 14 27 46
2 13 35 8
5 13 68 56
3 13 71 28
4 13 76 18
3 12 13 58
4 12 16 42
3 12 31 89
2 12 51 52
3 12 58 18
7 12 63 38
7 12 63 50
3 11 11 25
8 11 24 10
4 11 25 55
6 11 25 82
6 14 67 83
7 11 30 3
2 11 40 62
6 12 53 64
4 11 46 55
4 17 56 56
3 11 51 70
7 11 71 23
5 11 71 44
5 18 77 42
8 11 73 6
2 12 75 93
7 16 83 3
7 10 4 5
7 11 68 5
5 10 4 45
6 11 10 45
3 12 59 49
6 10 7 38
5 11 34 39
2 10 7 54
3 14 5 55
6 11 60 52
3 11 77 22
2 10 7 86
6 11 77 85
7 10 10 17
5 13 63 17
2 10 16 80
4 10 20 30
4 10 37 63
5 10 37 86
4 10 39 72
6 11 61 71
6 13 71 68
7 10 55 1
2 10 56 68
6 11 74 66
4 10 59 78
4 10 75 81
6 9 2 83
4 10 64 80
2 9 2 94
4 9 5 94
5 9 6 40
5 10 12 35
5 9 10 46
3 9 13 43
5 9 20 52
2 14 78 52
6 9 23 69
7 9 26 51
2 9 27 75
6 9 39 1
2 9 40 26
3 9 40 92
6 9 49 92
2 10 52 52
5 9 59 88
2 11 78 91
5 8 1 23
6 8 1 65
3 9 25 64
3 9 48 61
6 10 60 59
5 12 58 58
4 8 2 41
4 8 3 74
5 10 19 70
5 8 3 95
3 8 8 1
4 8 8 89
7 8 9 68
5 8 15 9
7 8 15 49
4 8 26 61
1 8 32 60
3 8 33 15
4 8 38 51
3 8 40 30
6 8 49 24
5 10 45 25
4 8 53 31
5 8 72 72
3 10 76 65
4 8 79 21
8 7 1 47
6 7 3 4
5 8 2 4
7 7 3 18
4 8 68 15
4 7 5 70
3 9 25 71
4 8 38 72
7 7 7 44
4 7 9 38
5 9 37 40
4 9 46 37
4 7 13 9
6 7 17 38
8 7 20 51
4 7 31 17
4 7 32 98
3 7 31 97
1 7 34 60
4 7 39 28
5 7 41 46
3 7 42 54
4 7 43 97
4 7 44 13
5 7 46 54
7 7 47 95
2 7 49 94
7 7 52 22
5 7 56 38
4 7 57 58
3 8 59 55
2 7 58 1
4 7 62 15
5 7 64 89
5 7 65 87
4 8 67 86
4 7 68 97
6 7 79 88
5 6 3 62
3 6 4 28
4 8 7 28
2 7 61 28
5 6 6 37
2 7 25 35
4 10 46 33
6 8 58 34
6 7 29 33
6 6 8 3
3 9 62 4
5 6 10 96
6 9 39 97
3 8 51 96
5 6 12 41
4 7 20 41
3 7 18 42
5 8 40 39
7 6 14 27
4 6 15 11
3 7 72 9
4 6 15 59
7 6 21 14
6 6 22 48
5 6 23 69
6 7 26 66
3 7 32 68
8 7 59 70
4 6 23 72
6 6 23 90
3 7 64 93
6 7 66 88
5 6 26 93
2 7 40 90
5 11 48 90
5 6 29 16
2 6 30 23
6 7 63 23
6 7 71 25
5 6 30 75
3 9 43 75
5 9 59 76
4 6 32 54
4 7 40 54
3 6 40 98
6 6 42 80
7 7 43 79
5 10 43 78
7 11 77 77
3 8 45 79
3 6 45 54
3 6 50 11
7 6 50 42
6 6 53 10
6 6 55 51
4 6 55 94
6 6 58 61
7 8 53 61
4 6 59 57
2 7 60 44
6 6 63 85
6 6 65 31
6 6 66 36
6 7 66 34
3 6 67 91
6 6 73 26
4 5 1 24
3 5 1 77
7 6 43 77
2 9 49 77
5 5 4 1
6 6 26 3
2 9 25 2
2 5 4 70
2 6 15 70
6 6 29 70
5 6 56 68
7 5 4 75
4 7 45 77
5 6 45 74
6 5 5 19
4 9 4 18
3 5 5 73
1 8 7 72
5 6 24 71
2 6 25 74
4 6 31 70
6 6 39 72
7 6 49 75
3 5 5 85
4 9 55 86
7 6 25 85
4 6 69 84
3 5 5 91
2 7 17 91
1 9 12 93
2 6 53 93
7 5 6 61
2 7 48 59
4 5 7 13
8 7 14 16
3 11 55 14
7 6 7 13
6 6 55 16
4 8 75 12
8 5 10 17
2 5 10 57
3 7 31 56
4 8 62 57
3 7 61 58
5 5 11 37
4 5 11 88
3 5 11 87
4 9 18 88
4 7 24 86
2 5 11 92
3 8 9 92
3 10 23 93
3 7 13 91
2 6 22 96
5 6 36 93
6 6 49 97
5 8 55 87
6 5 12 68
6 5 13 27
6 5 14 68
2 5 15 6
5 6 17 5
1 5 19 77
6 8 40 78
3 6 62 80
3 5 20 63
6 6 25 63
6 6 59 62
7 7 58 63
5 7 60 63
2 5 20 63
6 5 19 61
3 6 45 64
2 9 43 65
4 5 22 37
5 5 23 7
5 5 24 65
5 5 25 38
4 5 26 13
6 5 30 42
4 6 34 67
3 7 33 67
4 7 45 66
4 7 62 41
4 5 32 56
5 5 32 73
3 5 30 75
5 5 32 86
6 5 31 86
6 6 40 75
5 7 67 85
4 5 35 16
4 8 42 14
3 5 35 25
5 5 38 97
4 6 40 96
4 9 42 96
3 5 39 44
5 6 40 96
3 5 41 12
7 7 44 12
5 7 50 11
6 7 66 12
5 7 66 13
6 5 41 52
5 6 42 51
7 6 51 51
7 5 41 63
2 5 42 49
6 6 45 50
2 5 43 63
5 5 44 80
6 5 46 39
5 7 56 38
2 6 60 39
2 5 50 7
7 5 51 87
3 5 52 47
7 5 53 24
5 5 53 50
5 5 56 16
5 5 56 30
5 6 62 66
5 5 57 70
3 5 58 14
5 5 59 8
2 5 60 13
5 5 61 56
4 5 61 66
7 6 63 30
4 4 1 2
3 7 12 1
1 5 8 5
8 5 15 2
6 5 23 1
8 5 35 4
5 5 40 5
4 4 1 4
5 4 1 32
6 4 1 44
3 7 44 44
3 4 1 73
3 5 31 3
1 5 43 73
6 7 51 75
7 4 1 84
4 6 2 85
5 6 14 82
6 5 15 84
4 6 31 83
4 6 39 82
2 6 41 85
5 5 42 83
3 5 42 86
6 5 44 89
3 4 1 91
5 6 28 93
8 4 1 98
5 8 18 96
4 5 6 96
6 4 2 8
6 6 6 8
5 9 5 10
7 5 47 10
6 7 56 8
5 5 53 8
6 4 2 12
6 6 22 10
5 5 24 10
4 4 2 49
3 7 25 50
6 5 1 48
3 5 3 50
6 5 5 47
4 7 18 46
6 6 52 49
4 4 1 50
5 6 30 49
6 6 47 48
4 5 49 49
3 4 2 62
3 5 18 63
3 5 31 60
3 5 41 57
4 6 40 60
3 5 42 59
6 5 50 61
7 5 50 61
4 5 50 63
4 5 54 66
3 5 52 66
6 4 2 68
3 4 2 96
6 7 3 96
5 5 38 95
5 4 3 2
7 5 14 1
3 4 3 14
6 5 4 14
6 6 20 15
7 6 21 12
3 8 38 15
7 5 8 14
3 6 56 11
2 4 3 51
1 4 3 88
3 5 1 89
4 4 4 36
6 5 26 87
5 4 4 38
8 4 5 1
5 5 8 39
6 7 5 40
3 5 8 39
7 4 5 8
5 8 6 6
7 7 50 8
6 5 23 1
5 4 5 58
6 4 5 57
8 4 5 67
4 5 23 55
2 5 27 54
6 4 5 90
5 5 8 91
4 5 42 90
2 5 43 89
3 5 51 90
5 4 6 23
6 6 4 24
7 5 52 68
6 4 6 35
7 5 53 35
6 4 6 78
5 5 9 77
5 5 11 77
2 10 12 74
6 6 14 75
5 5 20 76
6 5 25 80
6 6 38 79
7 5 43 78
6 5 46 77
7 4 6 84
4 5 10 83
3 6 18 81
3 5 54 23
6 6 61 84
6 4 6 87
5 4 5 87
5 4 7 2
2 4 7 38
3 5 11 39
2 5 11 87
4 5 15 35
8 5 26 39
3 5 30 88
3 5 44 40
2 4 8 63
4 5 30 64
2 4 10 9
5 5 11 10
6 4 10 9
5 6 42 7
4 4 10 49
5 7 19 48
3 4 10 62
4 6 31 62
3 4 10 85
1 5 15 85
5 4 13 70
4 5 12 70
1 5 12 71
6 5 12 70
2 5 17 83
3 6 24 85
3 5 47 70
4 5 45 71
5 6 55 81
6 4 14 19
5 5 13 19
4 4 13 19
4 5 28 18
3 5 26 18
5 4 15 6
7 4 15 16
5 4 16 2
6 4 16 38
5 4 16 67
4 4 15 66
8 4 15 64
4 5 17 63
5 4 18 39
5 4 18 96
2 4 18 98
5 4 20 30
4 5 20 31
8 6 21 31
7 5 42 28
7 5 45 17
5 5 45 33
5 5 50 19
2 5 54 32
4 6 55 29
3 4 21 81
5 4 22 30
2 5 41 31
4 5 41 31
1 6 44 32
5 5 50 33
4 9 53 32
2 6 55 30
5 4 22 32
4 4 24 79
3 4 25 97
8 4 26 20
7 4 26 84
7 4 26 98
8 4 27 31
3 4 27 54
7 4 27 72
6 4 27 76
4 4 25 77
2 5 30 76
5 4 28 69
8 4 28 85
4 4 29 74
5 4 29 73
8 5 29 72
3 4 29 75
8 4 30 75
3 4 31 26
8 4 31 42
7 4 29 42
4 4 31 89
3 4 30 90
6 4 30 90
1 4 32 51
3 4 32 70
2 4 35 16
4 4 36 75
5 5 39 75
7 4 37 4
6 6 35 3
4 5 47 5
2 4 35 5
3 4 35 5
6 5 40 2
5 4 37 14
7 4 39 15
3 4 39 66
6 4 38 66
3 5 44 65
3 4 39 85
4 4 41 34
3 5 50 32
3 4 44 30
7 4 45 4
5 4 44 3
7 4 45 38
4 4 45 69
4 4 47 36
5 4 47 67
6 4 47 69
4 4 51 94
5 4 52 33
6 4 54 27
5 4 54 99
4 5 59 99
2 4 66 23
5 4 70 36
6 4 69 36
2 4 79 21
7 3 1 39
3 4 22 38
8 4 37 38
4 4 36 40
1 4 44 37
5 3 1 43
5 5 16 44
6 6 23 42
4 4 23 42
5 4 23 43
2 4 28 46
3 4 55 46
2 3 1 60
6 5 4 61
6 3 1 77
5 3 1 82
7 5 9 81
2 5 45 81
3 4 7 80
2 4 21 80
3 4 20 79
3 4 31 77
5 4 38 78
4 5 38 76
4 4 50 82
5 4 48 82
5 3 1 87
7 3 1 97
4 5 13 95
1 4 13 96
6 6 11 96
7 4 39 97
6 4 41 99
1 3 2 12
3 4 15 13
3 4 18 12
6 4 40 14
3 5 39 15
2 6 37 14
6 4 53 10
4 3 2 61
7 4 23 60
3 4 27 57
4 6 44 55
2 3 2 82
2 4 23 80
1 6 32 81
3 3 1 82
6 4 13 80
5 5 40 82
4 3 1 82
5 3 2 89
2 3 2 91
4 4 11 92
6 4 11 91
2 5 13 89
2 3 3 5
7 4 21 3
4 6 30 3
8 4 32 3
7 6 37 4
2 3 3 9
6 4 32 10
1 4 35 9
5 3 3 28
7 4 6 28
4 5 11 25
4 6 29 26
2 6 32 28
6 4 6 29
3 4 10 26
8 4 11 26
6 4 44 26
3 5 48 24
7 3 3 60
3 3 4 18
7 5 20 17
4 6 33 16
6 4 33 15
5 4 33 18
1 3 4 85
5 4 17 86
4 5 16 86
6 3 4 84
6 4 10 85
1 4 11 85
5 5 13 82
5 4 19 86
5 3 4 84
2 3 4 83
3 4 10 84
3 3 4 85
1 4 21 85
4 3 4 95
3 4 3 96
6 4 14 96
5 4 17 96
4 4 42 98
5 4 63 99
3 3 5 9
6 4 51 7
8 3 5 19
3 4 50 20
4 5 54 22
5 5 53 22
2 4 63 22
6 3 5 17
7 4 4 19
2 6 9 18
2 4 18 19
3 4 21 17
3 4 31 16
5 4 41 21
1 4 42 22
8 4 44 21
2 4 50 20
5 5 60 23
5 3 5 16
4 3 5 23
4 5 12 24
3 4 12 22
6 6 12 24
3 4 16 25
5 6 50 24
6 4 25 23
4 4 47 26
5 3 5 60
2 6 24 59
6 4 7 59
5 7 31 59
5 4 25 58
8 4 32 59
6 4 36 57
2 4 38 62
3 4 38 62
6 3 5 74
2 4 6 74
3 4 5 75
3 4 8 72
1 4 8 76
3 4 6 76
6 4 19 77
5 4 28 78
8 3 6 9
8 4 37 8
6 3 6 17
7 5 17 17
8 3 6 16
3 4 8 15
6 4 14 13
6 4 21 11
2 4 25 17
5 4 30 10
6 3 6 37
5 4 16 35
5 4 24 37
7 6 22 38
6 5 31 36
2 6 38 38
5 3 6 58
7 4 41 56
5 4 38 57
4 4 54 55
3 5 52 55
1 3 6 59
4 3 6 69
8 4 20 68
5 4 36 68
3 4 44 68
5 3 6 69
3 4 16 70
6 5 20 71
6 4 21 70
7 4 26 71
8 3 6 85
2 3 7 5
8 4 37 4
4 3 7 15
2 3 6 15
5 4 20 16
8 4 32 17
7 4 31 17
3 6 35 17
4 3 7 38
5 4 6 38
1 4 21 40
7 4 29 42
5 4 37 43
4 4 42 44
4 5 44 41
4 3 7 39
5 4 25 37
7 4 41 36
2 3 7 46
5 3 7 47
6 5 18 48
3 4 22 45
5 3 7 54
3 4 14 54
4 6 35 54
3 4 17 55
2 4 25 55
5 4 28 56
1 5 38 52
2 3 7 71
4 4 11 68
2 5 13 71
5 3 7 75
4 4 8 76
4 5 18 77
3 4 17 75
1 3 7 85
4 4 24 86
6 3 7 98
5 3 7 100
6 4 25 98
2 3 8 14
5 4 24 14
6 4 27 12
1 3 8 14
7 4 9 14
5 4 19 12
4 4 22 13
2 3 8 26
3 4 22 24
2 4 32 22
4 3 8 42
6 4 23 43
7 4 37 42
6 4 37 42
5 3 8 75
2 5 24 73
5 3 9 29
4 5 14 27
6 6 26 29
2 4 23 27
4 4 35 28
3 3 9 44
3 4 39 42
6 3 9 77
4 4 28 77
7 3 9 77
5 3 10 72
1 3 10 71
4 3 10 82
6 4 34 81
1 5 33 81
5 3 10 84
7 3 10 84
6 3 10 83
3 5 34 82
4 3 10 83
5 3 8 84
2 4 18 85
6 4 23 82
3 3 12 8
5 4 38 8
4 3 11 8
3 4 28 8
2 4 28 9
4 5 28 10
7 3 12 20
6 3 12 21
6 5 46 21
1 4 53 21
5 3 11 21
2 3 12 23
1 5 22 22
6 4 41 23
2 3 12 31
7 4 14 31
6 5 13 31
4 4 12 31
5 5 20 32
6 4 18 34
7 4 38 32
5 3 11 33
4 3 12 92
3 4 25 91
4 3 13 4
1 4 24 3
6 3 13 7
8 4 15 8
6 3 13 20
4 6 12 19
3 5 11 20
4 4 44 21
3 3 12 18
5 3 13 41
4 3 13 53
2 3 13 55
8 4 27 55
3 5 45 53
5 3 13 94
7 4 35 94
2 3 12 94
7 3 13 95
2 4 18 94
8 3 13 98
4 3 10 99
3 4 53 99
3 3 12 99
2 3 14 1
7 4 16 1
7 4 21 4
6 4 32 3
7 3 14 4
6 3 14 6
7 4 30 6
6 4 30 5
5 3 14 12
4 4 19 11
6 6 26 11
3 4 36 11
4 4 35 10
4 3 14 17
6 4 14 17
8 4 27 17
4 3 15 40
2 4 42 41
7 3 16 13
8 6 15 13
2 3 14 14
4 4 12 16
6 3 16 41
7 4 16 39
6 4 29 38
7 4 29 38
7 3 16 50
6 3 16 76
4 3 15 75
7 3 17 1
7 3 18 86
3 3 18 94
7 4 25 92
7 3 18 95
2 3 19 4
3 3 19 6
4 4 25 7
7 3 19 5
7 3 19 25
6 3 19 76
1 3 20 27
6 3 19 26
2 4 35 26
1 4 36 26
8 3 18 25
1 3 18 26
3 3 17 27
7 3 16 26
4 4 15 25
2 4 21 23
4 3 20 23
1 5 21 21
6 3 20 29
3 3 20 38
2 4 21 37
6 3 20 40
2 3 20 68
8 3 19 69
6 4 23 70
5 4 22 70
4 3 20 94
1 3 19 94
6 3 21 4
5 7 21 3
8 3 21 8
5 3 20 8
3 3 21 10
7 3 21 14
1 3 21 50
5 3 21 87
3 3 21 97
5 3 20 96
2 3 22 47
8 3 22 47
3 3 21 48
4 4 34 48
4 3 19 49
5 4 21 46
8 4 20 49
2 3 22 97
7 4 22 97
5 3 23 17
4 3 23 48
3 3 24 21
4 3 24 52
6 3 24 93
5 3 25 9
5 4 33 11
1 4 34 11
2 3 25 29
8 3 25 35
4 3 26 23
3 3 26 29
6 3 26 70
4 3 26 93
5 3 25 93
3 3 25 94
4 3 27 7
5 3 27 30
7 3 27 28
6 3 26 29
7 3 27 32
6 4 26 32
5 4 25 32
7 3 27 77
4 3 28 34
3 3 27 33
6 4 45 34
3 4 48 35
7 3 28 42
2 3 28 60
3 3 28 60
3 3 28 82
8 3 27 82
4 3 29 23
5 3 29 54
6 3 29 61
6 3 29 90
3 3 31 21
3 3 31 24
4 3 31 82
6 3 31 81
3 3 31 92
8 3 32 24
5 3 32 41
2 3 32 50
4 4 40 50
8 5 39 51
5 6 38 51
1 3 32 68
4 3 32 88
3 6 32 87
4 3 32 91
7 3 33 2
6 4 34 1
8 3 34 26
4 3 33 27
7 3 34 27
7 3 34 59
4 3 34 59
3 4 35 57
5 3 32 60
3 3 35 21
4 3 34 21
7 3 34 22
4 4 35 20
5 3 35 20
2 3 35 34
8 3 36 63
5 4 39 63
6 3 36 64
6 4 38 63
7 3 36 65
3 3 36 98
5 3 37 20
6 3 40 43
5 3 41 95
4 3 43 52
4 3 44 1
7 3 44 99
6 3 45 34
2 3 46 52
2 3 46 59
4 3 46 99
2 3 56 1
3 3 56 53
8 2 1 8
4 3 7 9
7 3 6 9
7 4 30 7
3 3 6 10
8 3 8 11
4 4 9 9
3 3 9 9
4 2 1 10
4 3 3 11
2 3 1 12
2 3 26 12
4 4 25 13
5 3 30 12
8 2 1 10
6 2 1 14
4 3 14 13
4 2 1 16
3 3 13 16
5 3 12 17
6 3 16 17
7 4 22 18
3 3 22 19
8 2 1 20
6 4 23 20
7 3 27 21
2 2 1 34
1 3 25 34
7 3 27 35
4 3 28 35
2 3 32 33
5 3 34 35
3 4 33 35
5 3 41 36
1 2 1 35
2 3 14 35
3 3 18 34
7 3 19 32
2 3 21 31
6 3 23 31
8 2 1 38
7 3 2 37
8 3 5 38
2 3 8 38
4 3 16 37
6 3 14 37
6 3 29 36
2 3 40 36
6 2 1 37
4 3 9 37
4 3 17 38
5 3 26 40
5 3 29 36
1 2 1 42
7 4 16 41
4 3 11 42
4 3 14 43
5 3 18 43
6 3 22 41
5 3 22 44
6 3 26 44
7 2 1 41
3 3 2 42
5 4 7 41
1 3 13 41
1 3 14 44
8 4 17 44
4 4 24 44
2 3 13 44
4 4 41 45
1 3 17 47
4 4 27 48
8 3 22 41
1 3 21 40
8 3 24 41
7 3 25 48
4 3 42 45
6 2 1 43
2 3 4 43
8 3 3 43
1 3 3 44
5 3 32 45
7 2 1 44
7 3 6 43
4 3 25 45
7 2 1 46
3 3 3 46
6 4 15 46
5 4 14 47
7 3 6 47
2 3 14 48
6 3 21 46
8 2 1 45
6 2 1 44
8 3 22 45
6 2 1 54
3 3 5 53
6 3 12 52
4 3 13 54
8 3 11 54
4 5 32 51
4 3 15 50
8 3 15 50
8 3 19 52
3 5 23 51
6 6 22 52
3 5 20 53
2 4 19 54
6 3 23 53
7 3 23 52
1 3 23 55
3 3 24 49
1 3 29 51
7 3 30 50
4 3 44 56
8 3 42 56
6 2 1 62
5 3 4 63
3 3 14 64
6 4 21 63
4 3 16 60
3 3 15 61
5 3 15 60
4 3 18 58
8 3 27 61
5 3 28 57
5 3 29 64
7 3 36 59
2 3 41 65
3 2 1 62
6 2 1 84
3 3 20 83
1 5 22 82
7 3 20 82
2 2 1 84
2 2 1 89
3 3 6 90
5 3 6 89
6 4 9 87
1 3 5 88
8 3 13 86
2 3 19 85
1 3 21 87
7 3 24 90
1 2 1 91
5 2 1 91
2 3 14 91
1 3 15 91
8 3 17 91
5 4 18 90
8 4 24 92
2 3 22 93
4 2 1 92
3 3 13 92
4 3 16 91
1 3 15 92
7 5 15 92
5 2 1 93
2 3 7 93
2 4 11 91
6 3 6 93
4 4 10 93
8 3 6 92
1 3 19 94
6 2 1 93
4 2 1 95
8 3 10 96
6 3 19 94
7 2 1 100
6 3 12 98
1 3 12 96
8 3 12 95
6 3 19 99
3 2 2 24
5 3 2 23
2 4 2 23
5 5 8 22
6 3 7 24
5 4 11 25
3 3 9 23
6 4 16 25
8 3 8 22
6 3 24 21
8 3 24 28
6 3 25 22
7 2 1 23
5 3 10 21
8 3 19 23
2 3 18 22
6 2 2 23
3 3 1 23
2 4 20 21
1 4 21 21
1 3 18 22
5 3 18 24
8 3 19 20
8 2 2 22
3 3 9 23
7 3 13 20
7 2 2 21
6 2 1 22
1 2 2 25
2 2 2 24
3 2 2 23
7 3 2 22
2 3 8 21
6 3 7 21
7 3 7 22
3 3 11 22
1 2 1 23
4 3 10 22
6 2 2 23
5 3 7 22
7 2 1 23
8 2 2 35
3 3 12 33
4 3 16 34
1 3 19 36
7 3 23 32
2 2 2 38
3 3 2 37
3 3 8 37
5 3 12 35
2 3 17 34
2 2 1 38
6 3 8 39
8 3 7 39
5 3 16 40
8 3 16 39
4 2 2 41
2 3 2 41
5 3 5 40
7 3 7 39
5 2 2 55
1 3 8 56
4 3 23 57
4 3 31 54
5 3 30 54
1 3 30 54
4 3 30 53
4 2 2 55
2 3 6 56
3 4 5 57
3 5 19 56
4 4 5 57
6 3 4 56
2 5 23 56
2 3 17 58
6 3 21 56
8 3 27 55
2 2 2 54
5 3 2 54
3 3 28 52
4 2 2 67
1 5 19 66
3 3 5 67
2 3 3 68
4 5 33 66
1 3 7 66
7 3 5 66
4 4 7 65
7 4 20 65
2 6 20 64
5 4 19 64
3 4 18 65
4 4 19 62
7 4 18 64
7 4 23 64
7 3 10 68
2 3 24 70
5 3 32 67
2 3 32 68
7 2 2 66
4 3 11 67
3 3 12 67
4 4 17 67
3 5 15 68
2 3 11 69
7 3 11 69
2 4 26 70
6 3 11 68
8 3 22 64
6 3 22 69
3 3 22 68
3 3 28 72
3 2 2 68
8 3 10 69
2 3 11 67
6 2 2 70
2 2 2 78
5 3 7 79
6 3 23 77
2 2 2 90
1 3 6 91
6 3 5 90
5 3 4 90
4 3 4 88
7 4 17 86
4 4 24 86
6 3 7 90
2 4 17 88
7 3 7 89
8 4 10 90
6 3 15 88
5 3 16 85
3 3 17 86
3 2 2 90
3 3 10 89
1 2 2 89
8 2 2 91
6 2 3 10
7 4 20 9
1 3 6 9
5 5 7 8
2 3 5 9
7 3 6 11
1 3 8 11
5 3 11 7
1 3 11 6
6 3 20 6
3 2 3 26
4 4 8 25
8 2 3 27
6 3 11 28
3 3 33 28
3 2 3 30
3 4 15 29
5 4 26 31
5 3 28 27
6 3 27 28
5 3 26 28
4 4 26 28
3 3 24 29
2 2 3 29
6 4 13 29
6 3 24 31
8 3 24 32
7 2 3 29
2 3 11 27
6 4 24 25
5 3 10 29
8 2 3 29
7 3 11 29
2 3 19 30
1 3 22 31
6 2 3 39
1 4 5 39
3 4 8 40
3 3 3 41
6 3 3 42
4 3 4 41
7 3 10 39
2 2 3 38
3 3 10 37
6 2 3 45
1 2 2 45
7 3 18 45
6 2 2 44
7 3 3 45
5 3 16 47
2 3 19 46
5 4 19 47
8 3 23 45
3 2 2 43
5 2 1 43
1 2 2 44
7 2 3 49
5 2 3 56
2 3 10 57
8 3 11 56
7 3 16 57
6 3 20 55
7 2 3 61
1 2 3 60
4 5 3 59
6 3 11 59
1 3 23 59
6 2 2 60
7 3 20 58
7 2 2 59
8 3 13 59
7 5 12 60
1 3 12 59
6 3 18 60
5 2 1 59
7 4 7 57
2 2 1 58
3 2 1 60
8 2 1 59
4 3 15 60
2 3 17 59
3 2 2 60
8 3 9 58
8 2 3 65
5 3 2 66
2 5 7 64
1 3 2 65
2 3 10 63
8 3 8 63
4 4 21 62
7 3 11 65
4 3 12 62
8 3 12 62
1 3 12 63
2 4 12 63
3 3 17 62
6 2 2 67
8 3 7 67
8 2 2 66
3 3 4 65
4 3 4 66
4 3 8 64
1 2 3 66
2 2 3 71
7 5 19 70
5 3 25 72
1 2 3 72
5 3 9 72
7 3 8 73
6 3 8 74
8 3 11 73
5 3 22 74
6 2 3 72
2 3 3 73
1 3 15 73
5 3 14 75
4 3 18 72
3 3 18 71
5 2 3 74
1 2 3 75
3 3 18 73
5 2 3 79
3 5 11 78
1 3 11 81
5 3 12 79
5 3 13 81
6 3 16 79
5 3 15 78
4 2 3 79
8 3 5 79
4 3 5 78
3 4 13 80
3 3 4 78
3 3 23 77
4 4 22 77
6 2 3 83
6 3 11 81
2 3 16 83
2 2 3 86
5 3 4 85
6 4 13 84
2 3 8 85
5 3 11 86
3 2 3 94
4 3 11 94
3 2 3 99
7 2 4 1
3 3 36 2
1 2 4 4
6 3 5 5
6 4 16 3
7 3 5 4
2 3 9 4
8 3 16 2
6 2 4 12
5 3 9 12
2 3 11 13
6 3 10 14
6 3 11 13
2 3 12 15
8 2 4 12
3 4 17 12
1 2 3 13
4 3 21 13
4 2 4 14
6 2 4 20
1 2 3 20
3 2 4 19
4 4 8 19
7 2 3 20
4 3 10 19
7 2 4 22
8 3 4 22
1 4 3 22
7 3 8 24
8 2 4 28
1 3 4 27
3 3 6 28
4 3 4 29
5 3 14 30
4 3 16 30
4 3 17 31
7 3 23 26
5 2 4 32
2 3 5 32
4 2 4 31
7 2 4 32
8 3 6 31
4 3 10 32
5 3 13 33
6 2 4 40
6 2 4 69
4 2 4 71
7 2 3 71
4 2 4 76
8 3 5 76
3 2 4 80
5 3 21 80
6 3 21 79
2 2 4 81
5 2 4 89
8 3 15 87
3 2 4 98
7 4 8 98
3 3 11 97
3 4 16 97
1 3 10 96
2 3 22 98
3 3 20 98
3 2 5 6
2 3 10 5
8 4 12 4
4 3 10 6
3 3 9 7
2 3 21 8
8 2 5 9
7 3 17 10
1 2 5 28
6 3 5 27
4 3 16 25
2 2 5 36
7 3 11 35
7 2 5 45
8 2 5 51
2 3 17 50
1 2 5 53
5 3 25 51
3 2 5 53
2 3 7 52
5 3 13 52
1 3 16 52
6 2 5 63
8 2 4 64
3 5 4 63
3 2 5 86
4 3 5 85
1 3 5 84
6 3 5 84
5 2 5 91
2 2 5 91
4 2 4 91
1 2 3 91
6 2 5 93
6 2 6 3
7 3 11 4
6 2 6 6
8 3 5 6
1 5 8 5
6 2 6 16
5 4 8 15
1 3 6 16
8 3 6 15
3 3 9 13
6 3 16 12
8 3 16 10
4 2 5 15
3 2 6 19
1 2 6 19
2 2 6 20
5 2 5 20
7 2 6 32
4 2 6 48
5 3 6 49
1 3 15 46
2 2 6 49
5 2 6 49
4 3 5 50
6 3 8 48
3 2 6 53
6 2 6 57
3 3 14 56
1 3 15 56
5 2 6 58
5 2 6 73
7 2 6 73
7 3 14 73
3 2 5 74
7 2 5 74
1 2 5 73
6 2 4 73
6 3 9 73
8 2 4 73
6 2 5 74
4 2 6 82
3 3 12 80
6 2 5 82
8 3 10 81
4 2 6 88
6 2 6 87
3 3 11 88
1 3 9 88
3 2 6 94
1 3 11 95
4 3 13 97
5 3 17 98
2 2 6 95
5 4 5 95
3 3 7 94
6 5 6 94
3 3 14 94
5 2 5 95
6 3 13 94
3 2 6 94
2 3 9 95
1 2 6 95
3 2 6 95
2 2 6 99
1 2 5 99
8 4 11 97
2 4 11 98
5 3 7 99
4 2 6 98
8 4 13 97
8 2 7 6
2 2 7 7
7 3 10 7
8 2 7 13
1 3 13 12
8 4 16 12
5 2 7 37
8 3 10 36
2 3 9 36
5 3 15 35
3 3 14 35
1 3 17 35
2 4 17 34
1 2 7 38
5 2 7 41
6 3 8 42
8 2 7 43
6 3 9 44
4 3 14 46
1 2 7 48
7 3 10 46
4 2 7 47
2 2 8 10
8 2 8 10
6 2 7 10
2 2 6 10
6 2 8 36
7 3 25 35
6 3 24 35
3 2 8 35
4 2 7 35
5 3 10 34
6 4 13 33
5 2 8 37
8 2 7 37
4 2 8 38
5 2 8 45
2 3 9 45
6 2 7 46
6 4 12 46
3 5 12 45
3 2 7 45
4 3 10 46
6 3 10 44
4 3 9 44
8 2 7 45
2 2 7 45
8 2 8 46
6 2 8 53
4 3 7 53
5 3 16 54
5 2 8 52
1 3 13 52
7 2 8 57
3 2 8 72
1 3 9 71
6 3 8 73
5 3 9 70
8 5 13 68
5 2 8 76
1 3 10 77
7 2 8 82
4 2 8 83
3 2 8 85
2 2 8 86
5 2 7 86
2 2 8 89
5 2 8 99
8 2 9 1
2 2 9 12
6 2 9 26
7 2 9 34
2 2 9 55
7 2 9 69
5 2 9 77
2 2 9 76
4 2 8 77
7 2 8 76
7 2 9 99
6 2 9 98
7 3 14 99
6 3 14 99
8 2 8 98
4 3 7 98
6 2 9 98
4 2 9 99
6 2 10 30
4 2 10 36
8 2 9 37
7 2 8 37
6 3 8 36
2 3 7 36
4 2 8 35
1 2 7 35
3 2 8 36
5 2 7 37
3 2 6 37
7 2 10 47
5 2 10 50
4 2 10 55
3 2 10 59
5 2 10 62
6 2 10 62
5 2 10 67
2 2 10 75
5 2 10 81
2 3 13 81
4 3 12 82
1 2 10 81
5 2 11 2
6 2 10 3
5 3 14 2
4 3 30 1
4 2 11 11
8 2 11 11
2 3 11 12
5 3 11 13
3 2 11 12
2 2 11 63
6 2 11 70
6 2 11 81
5 2 11 82
4 2 11 84
1 2 11 83
7 3 10 84
8 2 10 84
1 2 11 97
3 2 12 4
5 2 12 15
5 2 12 47
1 2 12 59
5 2 12 61
3 3 12 60
8 2 12 60
7 2 12 80
4 2 11 80
8 2 12 80
3 2 13 8
3 2 13 18
4 2 13 17
2 4 13 17
7 2 13 27
8 3 19 25
5 2 12 27
1 2 13 30
8 2 13 31
6 2 13 52
2 3 12 52
8 2 13 62
4 2 13 65
5 2 12 65
5 2 13 70
3 2 13 69
1 2 12 70
6 2 13 90
3 2 13 89
2 2 14 3
3 3 22 2
4 2 14 13
5 2 14 13
6 2 14 30
8 2 14 33
3 2 13 33
6 2 13 34
5 2 13 33
7 2 14 53
8 2 14 68
1 2 14 78
7 2 14 81
6 2 15 19
2 2 15 26
2 2 15 50
7 2 15 50
1 2 15 51
3 2 15 54
4 2 15 65
8 2 15 78
1 2 16 1
6 2 16 2
3 2 16 8
8 3 15 8
1 2 15 7
4 2 15 9
4 2 16 33
1 2 16 43
6 2 16 59
4 2 16 80
4 2 16 90
5 2 15 90
5 2 16 97
1 2 16 99
6 2 17 7
4 2 17 17
5 2 17 52
7 2 17 78
2 2 17 99
3 2 18 43
3 2 18 50
2 3 17 50
6 2 18 51
2 2 18 83
7 2 17 83
8 2 19 3
5 2 19 3
5 3 21 2
7 3 21 1
1 2 19 2
5 2 19 56
3 2 19 87
2 2 18 87
4 3 17 87
6 2 21 1
3 2 21 21
6 2 21 79
7 2 23 1
8 2 24 1
2 2 24 1
4 2 24 36
6 2 24 36
6 2 25 7
5 2 26 100
6 2 30 100
2 2 30 100
6 2 37 1
4 2 38 100
