654409
913
2 252 54 19
5 232 36 83
8 317 72 1
8 229 51 3
3 232 72 29
5 185 17 1
7 148 22 43
4 134 20 1
8 189 80 62
4 115 61 90
4 104 32 25
7 84 64 56
5 110 74 59
6 78 7 22
2 68 15 90
6 74 4 89
5 81 39 12
1 113 68 88
8 68 42 65
2 68 57 66
1 64 4 22
4 63 25 52
1 88 38 55
1 93 76 43
7 62 9 45
8 58 25 62
8 57 30 44
5 55 7 34
7 53 28 36
5 52 3 56
7 52 15 26
7 52 38 1
4 52 45 73
8 51 64 71
6 50 19 73
4 49 21 69
8 48 1 62
2 50 1 62
4 48 4 28
4 48 62 41
7 47 24 73
8 46 2 80
3 45 10 33
8 45 45 89
3 44 1 1
7 42 2 93
4 45 35 86
2 43 7 92
4 47 7 85
8 40 28 60
5 38 33 37
6 38 34 32
7 38 34 40
4 36 68 55
2 35 2 47
2 34 2 23
2 39 31 23
5 33 1 70
7 33 18 87
4 33 36 67
8 32 1 17
4 32 16 62
1 32 25 68
6 32 27 26
5 32 35 9
8 32 44 81
3 44 71 80
1 30 4 41
7 30 8 16
8 30 12 82
4 31 38 78
5 29 20 87
1 28 5 47
8 27 1 52
7 27 25 35
1 26 15 73
8 26 22 80
2 25 20 87
3 25 33 34
7 24 3 32
8 31 31 36
2 24 31 41
3 24 32 47
5 32 29 44
8 25 32 47
1 24 39 3
5 23 5 36
6 22 23 47
5 22 38 81
6 22 44 54
7 21 11 8
3 21 8 9
8 21 17 40
4 20 16 40
3 19 12 47
3 19 21 62
5 20 23 2
7 19 25 14
2 19 34 11
1 19 49 82
1 19 54 6
7 18 41 82
2 27 38 81
2 17 18 99
2 16 4 9
8 16 12 93
8 16 51 51
2 15 21 68
3 15 48 53
2 14 9 84
8 14 10 88
2 14 16 26
8 13 3 33
2 13 4 57
7 13 6 6
4 18 17 4
2 13 7 21
6 13 17 89
1 13 19 50
3 13 33 51
8 15 33 51
2 12 23 16
3 12 24 19
1 12 25 8
1 13 41 72
5 12 46 79
7 12 50 58
5 11 6 28
2 11 18 80
1 11 35 74
7 10 1 40
6 10 5 11
1 13 8 9
3 11 13 8
7 10 8 92
5 10 15 64
2 10 15 93
6 10 21 95
7 10 27 79
7 12 46 78
8 10 52 78
3 9 9 13
2 9 12 51
7 9 13 67
3 9 20 6
6 9 22 51
3 9 25 29
5 9 57 54
8 12 58 54
4 8 12 11
2 8 14 55
5 8 16 16
5 8 17 34
3 8 18 45
2 8 19 38
1 8 19 60
1 9 30 57
7 11 31 60
5 8 20 67
4 8 24 59
3 8 24 64
1 8 26 66
4 8 26 100
6 8 27 20
2 8 27 53
6 7 1 58
3 11 13 56
6 10 13 57
7 9 7 59
2 12 14 56
5 8 27 76
3 7 1 93
1 7 6 27
6 7 16 63
8 7 17 71
1 11 17 70
6 12 20 71
6 7 19 8
2 7 20 52
7 8 37 54
5 7 21 79
8 8 43 53
4 7 23 39
7 7 26 18
4 7 27 23
8 11 27 21
1 8 26 22
4 7 28 35
3 7 28 87
7 7 29 53
5 7 31 1
2 7 33 84
5 7 47 79
2 11 47 78
8 6 1 11
5 6 1 28
6 9 15 29
5 7 6 26
2 7 10 29
1 8 8 28
6 6 3 18
1 6 3 36
4 6 3 54
4 6 6 94
4 6 8 46
7 8 9 46
2 6 7 48
4 6 7 47
1 6 8 87
2 7 12 89
4 6 15 41
1 6 16 83
7 6 19 17
4 8 26 19
7 7 24 20
7 6 19 72
5 6 20 33
3 8 19 33
6 8 29 32
5 7 26 32
4 6 21 66
6 6 22 33
1 6 24 9
7 6 26 79
8 6 27 85
1 7 30 80
6 5 1 25
2 5 1 35
1 6 15 37
5 5 2 33
4 5 2 74
8 5 3 20
7 5 1 22
6 5 4 9
2 8 10 9
3 5 4 29
1 5 5 22
1 5 8 12
2 5 8 85
4 5 9 13
5 6 15 13
7 6 14 13
3 5 9 31
2 5 8 30
8 5 12 50
6 5 11 52
4 5 12 69
5 5 12 78
4 5 13 15
7 5 14 14
1 5 12 13
6 5 14 39
2 5 14 83
2 5 14 97
1 5 15 4
5 5 15 32
2 9 17 32
1 5 15 32
2 5 17 59
7 5 17 84
4 8 14 84
7 6 15 85
6 6 13 85
3 8 20 86
5 5 19 25
2 5 19 55
4 5 20 62
5 7 24 61
1 5 20 68
1 5 20 73
4 6 21 74
6 6 27 72
8 5 21 50
6 5 21 54
2 5 24 18
5 6 24 20
6 5 25 78
2 5 28 25
5 5 37 53
1 6 44 81
7 4 1 6
3 4 2 21
7 4 2 53
4 4 2 58
3 5 3 6
6 4 3 4
3 4 3 24
2 5 18 25
7 7 19 25
3 4 3 32
8 4 3 70
2 5 15 70
5 5 16 72
3 4 3 83
3 5 11 84
3 5 21 55
6 4 3 83
4 4 4 7
1 4 4 26
1 6 10 23
2 7 11 24
8 6 8 25
8 7 16 23
1 4 4 31
7 4 4 39
4 4 4 47
8 4 4 70
4 5 14 72
2 7 14 72
1 4 5 10
1 4 5 56
8 4 7 85
7 4 8 70
3 4 8 97
8 4 10 57
1 4 10 58
2 5 24 82
7 5 22 83
4 4 12 12
2 4 12 13
6 4 12 74
6 4 12 95
8 4 12 98
6 4 13 35
8 7 12 35
6 4 11 35
6 4 13 44
2 5 16 43
1 4 13 82
4 4 14 88
7 4 16 82
8 4 17 41
3 4 17 46
3 4 18 77
1 4 19 66
8 6 18 66
2 4 20 19
8 4 20 21
2 4 23 100
5 4 28 98
4 4 32 53
8 5 33 56
7 4 34 1
4 4 36 54
1 4 39 2
8 4 43 80
1 3 1 15
6 3 1 15
7 3 1 91
4 4 2 91
2 3 1 96
4 3 2 9
8 3 2 62
7 6 19 61
6 4 16 61
3 4 19 61
8 4 20 61
5 3 2 63
7 3 2 62
6 3 2 79
7 5 27 77
3 5 30 78
5 7 29 78
7 4 10 80
8 5 29 80
2 3 2 88
7 5 3 85
3 5 5 87
7 6 18 86
2 4 8 85
1 5 15 86
1 3 2 89
5 3 1 89
1 6 4 87
8 3 3 5
4 5 10 3
8 3 3 11
5 5 7 12
7 5 6 12
4 3 3 17
2 3 3 19
8 4 3 17
1 3 2 18
8 3 3 33
8 3 3 37
3 3 3 36
4 3 3 40
5 3 2 39
8 3 3 55
1 5 20 53
4 4 13 56
6 6 12 56
3 4 22 55
5 3 3 63
1 4 5 61
3 3 3 65
6 3 3 89
2 4 13 87
3 3 3 97
8 4 14 97
5 3 4 3
6 4 12 2
4 3 4 9
6 3 4 21
5 4 4 21
7 4 11 22
3 3 4 20
4 4 10 22
8 3 4 46
6 5 4 47
6 3 4 61
4 4 6 60
8 4 5 62
7 5 4 61
6 3 4 87
6 3 5 23
4 3 5 42
3 3 5 44
2 4 5 44
1 3 5 52
2 3 5 51
1 3 5 67
7 5 5 65
2 4 6 67
8 4 6 66
6 3 5 67
5 3 5 93
3 7 5 92
5 8 5 91
8 3 5 90
8 3 5 97
4 4 12 97
1 3 4 97
3 6 12 95
4 3 6 9
3 3 6 11
7 3 6 32
7 3 6 49
8 3 7 14
8 3 7 33
2 3 7 60
8 3 7 75
6 4 7 76
5 4 6 75
2 4 7 77
8 4 18 78
1 3 6 74
3 4 16 73
4 4 17 72
2 3 7 92
4 3 7 92
3 3 7 100
1 3 8 1
3 3 8 26
1 3 8 61
6 3 9 17
6 3 9 29
7 3 9 33
3 3 8 33
2 3 9 57
1 4 14 58
4 4 19 56
2 5 23 56
8 3 9 97
2 3 10 15
7 3 10 15
7 3 10 18
1 3 10 49
1 3 10 54
1 3 10 79
4 4 23 80
5 3 10 82
1 4 16 81
8 4 16 81
4 3 10 81
2 3 11 6
7 7 10 6
3 3 9 5
1 4 9 6
4 4 14 8
5 3 11 15
1 3 11 29
1 3 12 32
8 3 12 34
8 3 12 53
2 3 12 64
5 3 12 79
3 5 23 78
7 4 23 79
1 4 24 80
2 3 13 18
6 3 13 36
4 4 15 37
1 3 13 68
7 3 12 68
8 3 13 69
5 3 14 51
4 3 13 52
5 3 14 55
2 3 14 57
8 3 14 56
6 3 14 55
3 4 14 56
8 3 14 75
4 3 14 74
4 3 15 40
3 3 15 44
7 3 15 58
8 3 16 7
7 3 16 38
3 3 14 39
5 3 16 55
7 3 14 55
2 3 16 58
6 3 17 44
7 3 17 80
6 3 16 80
2 4 19 78
1 3 18 7
1 3 19 79
3 3 19 77
8 3 20 6
8 3 20 77
3 3 21 2
4 3 23 81
6 3 23 100
5 3 26 99
4 3 28 55
2 3 30 1
6 3 28 2
1 3 38 100
8 3 40 1
8 2 1 9
3 3 2 9
2 3 2 8
6 3 6 8
5 2 1 9
2 3 4 10
7 4 3 10
6 3 1 9
3 3 3 9
5 4 2 9
8 3 2 10
2 3 2 11
3 2 1 11
6 3 1 12
4 2 1 16
2 2 1 15
3 3 9 14
5 2 1 22
4 3 2 23
3 4 1 22
4 3 3 24
7 2 1 24
1 2 1 23
1 3 10 21
3 3 9 22
7 2 1 22
1 2 1 39
6 4 2 37
5 3 12 39
5 3 13 36
2 2 1 39
4 2 1 38
3 2 1 38
7 3 1 38
8 2 1 40
2 2 1 48
3 2 1 52
8 3 14 52
5 2 1 54
1 3 3 55
2 3 2 55
8 4 6 55
3 2 1 59
5 3 3 58
2 3 4 57
6 3 11 56
6 2 1 61
1 2 1 74
7 3 8 74
1 3 8 73
5 2 1 78
5 4 5 78
3 3 5 77
2 2 1 79
3 3 1 79
1 3 1 80
2 3 10 81
4 2 1 98
6 3 6 98
5 3 8 96
2 3 12 94
1 3 12 97
4 3 28 98
6 2 2 14
7 3 1 14
8 3 12 14
3 2 1 14
6 3 7 13
4 3 7 14
7 3 5 14
6 3 14 15
1 2 2 16
3 2 1 17
4 3 11 17
3 3 10 17
7 2 2 29
5 3 3 30
8 3 13 30
8 2 2 38
1 3 2 37
1 3 8 35
2 3 8 36
3 2 1 38
8 2 2 43
6 3 3 43
2 3 11 42
6 3 13 41
7 3 12 41
7 2 2 43
5 3 3 43
4 4 1 44
7 3 1 46
3 2 2 45
4 2 2 51
3 2 2 51
2 2 2 65
3 3 4 64
5 4 4 64
4 3 4 63
6 3 3 63
1 2 2 68
6 3 2 68
2 3 2 69
5 4 6 67
7 2 1 70
8 3 5 68
4 3 9 70
1 2 2 68
3 2 2 69
8 2 2 75
3 3 9 73
5 2 2 74
1 2 2 76
4 2 2 76
7 3 1 76
6 3 4 76
6 2 2 77
1 2 2 80
7 3 6 79
3 3 8 80
2 2 2 82
6 4 8 81
1 2 1 83
7 2 1 83
5 4 2 82
4 3 7 85
6 2 1 82
8 2 1 84
8 3 3 84
1 2 1 83
2 2 1 85
3 2 2 85
4 3 3 85
3 3 6 86
8 2 2 89
3 2 2 90
1 2 3 5
4 2 3 19
5 2 2 20
3 3 7 20
5 3 8 19
2 2 3 20
2 2 3 23
2 3 5 22
6 2 3 23
4 2 3 22
8 2 3 26
1 2 3 25
2 3 3 26
4 2 3 25
5 2 3 28
8 3 5 27
1 2 3 34
7 2 3 41
8 3 4 40
3 2 3 58
3 3 7 58
7 2 3 58
4 3 11 59
6 2 2 58
8 3 3 57
6 2 3 60
6 2 3 68
6 2 3 73
8 2 3 79
1 2 4 1
5 2 4 6
6 2 4 7
7 2 4 8
1 2 4 24
3 2 4 24
7 2 4 28
3 2 4 30
1 2 4 31
7 5 11 30
5 3 11 32
4 2 4 33
7 3 5 33
6 2 4 38
1 2 3 39
5 2 2 39
2 2 3 39
4 2 3 38
5 2 4 55
8 3 10 54
7 2 3 55
2 2 3 55
6 2 4 56
1 2 4 56
3 2 4 58
5 2 4 61
2 3 5 60
6 2 4 61
3 2 4 63
8 2 4 65
5 2 4 74
6 2 4 73
8 2 3 73
7 3 3 72
5 3 7 70
1 2 3 72
3 2 4 81
4 2 4 80
5 3 10 79
7 2 4 81
4 2 3 82
5 2 4 81
5 2 4 83
1 2 3 83
5 2 2 83
7 2 2 82
2 2 4 95
2 2 5 4
1 2 5 16
1 2 5 19
8 2 5 21
6 2 5 31
8 3 7 29
8 2 5 30
4 3 7 30
6 3 6 30
2 2 5 42
5 2 5 43
8 2 4 44
1 2 5 44
6 2 5 48
4 2 5 49
7 2 5 50
6 2 5 59
7 3 5 58
7 2 5 64
5 2 5 64
3 3 5 63
8 3 7 63
1 2 5 63
2 4 8 64
2 2 5 63
4 3 5 64
6 2 5 63
2 2 5 72
3 2 5 75
7 2 5 76
4 2 5 75
3 2 4 76
4 2 4 76
2 2 4 75
5 2 4 74
2 2 3 74
8 2 5 77
5 3 4 77
1 2 4 77
6 3 9 77
8 2 5 97
8 3 18 98
4 3 19 98
7 2 5 97
3 3 7 98
6 3 7 97
3 3 17 98
2 2 6 1
7 2 6 2
3 2 6 2
8 3 24 1
5 2 5 3
1 2 5 3
7 3 4 4
7 3 18 1
5 2 5 3
3 2 6 4
5 3 7 4
2 3 6 4
7 3 6 3
7 3 16 5
6 2 6 3
1 2 6 4
8 2 5 4
8 2 6 7
6 2 6 20
1 2 6 19
2 2 5 19
7 3 4 19
1 2 3 19
4 3 5 18
5 2 4 19
6 2 6 45
5 2 6 51
1 3 5 52
3 3 8 52
6 2 5 51
8 2 4 51
7 2 3 51
4 2 4 51
3 2 6 55
2 2 6 80
8 2 6 83
1 2 5 83
8 2 5 83
8 2 6 87
6 2 5 87
7 2 6 92
2 2 6 92
7 2 6 97
3 2 5 98
5 2 7 1
4 2 7 6
2 3 9 4
8 2 7 17
7 2 7 17
1 3 7 17
2 2 7 21
3 2 6 21
1 2 7 31
3 2 7 35
1 2 7 39
3 2 7 42
8 3 6 42
5 3 10 41
3 3 12 41
7 4 10 41
2 2 6 42
4 2 5 42
2 2 7 96
1 2 6 96
8 2 7 96
4 2 8 3
6 2 7 3
5 2 7 3
1 2 8 5
7 2 8 8
2 2 8 7
5 2 8 6
6 3 7 6
3 2 8 7
1 2 8 21
6 2 8 40
3 2 8 77
3 2 8 87
6 2 7 88
7 2 8 98
8 3 8 98
5 2 7 98
4 2 9 19
6 2 9 42
6 2 9 49
3 2 9 50
8 2 9 50
4 3 13 49
5 2 9 53
4 2 8 53
5 2 9 67
2 2 10 7
4 2 10 7
3 3 10 6
2 2 8 7
6 2 9 7
2 2 10 52
6 3 14 53
5 2 10 57
1 2 10 72
5 2 10 95
4 2 11 78
1 2 11 94
8 2 10 94
7 2 12 49
6 2 12 94
2 2 13 53
8 2 12 53
3 3 13 53
5 2 12 52
7 2 12 52
2 2 11 52
1 2 11 53
2 2 15 1
8 2 14 1
2 2 14 1
6 2 15 1
4 3 14 2
1 2 17 1
6 2 18 99
8 2 22 1
2 2 21 1
