1326537
1459
6 395 2 63
2 385 1 13
1 381 1 1
4 396 3 37
8 379 4 87
5 368 7 49
3 358 5 25
7 383 29 75
1 60 1 34
8 75 2 31
7 90 2 28
6 93 5 25
5 90 3 22
4 98 1 19
3 54 1 14
2 88 1 16
1 50 1 16
8 92 2 7
7 90 2 4
6 92 2 1
5 77 2 1
4 62 2 1
3 46 2 1
3 45 2 25
2 43 1 1
2 50 3 35
8 35 1 77
3 30 1 40
1 30 2 58
8 45 1 55
7 60 2 52
6 83 2 49
4 77 8 45
5 50 1 51
3 62 8 45
2 47 7 46
1 33 7 46
5 30 2 70
4 45 2 67
2 61 8 63
3 60 2 64
1 60 2 64
8 49 2 64
7 40 1 63
5 24 1 42
6 31 22 85
2 19 1 59
1 18 1 1
8 18 1 45
6 18 2 63
6 17 2 75
2 18 17 75
4 17 18 77
3 18 18 77
5 32 11 79
4 16 19 81
7 16 18 84
5 15 1 76
4 15 1 76
3 15 1 76
7 15 1 79
6 15 1 79
1 15 1 82
7 15 1 82
1 18 10 83
6 15 1 82
2 17 2 84
8 18 1 84
2 16 9 87
1 17 7 87
5 15 1 85
6 15 1 97
5 30 2 94
4 45 2 91
3 60 2 88
2 45 2 91
1 53 1 91
8 48 2 88
7 15 1 91
5 12 1 61
1 11 1 26
6 9 8 99
7 6 6 99
2 7 18 99
5 5 3 100
4 5 3 100
4 4 1 89
6 4 1 91
4 4 2 93
6 4 2 95
4 4 2 97
5 4 1 97
8 5 1 97
3 5 1 100
4 4 1 97
4 4 3 89
6 4 3 91
4 4 3 97
6 4 3 99
4 4 4 93
6 4 4 95
4 4 5 89
6 4 5 91
4 4 5 97
4 4 6 93
6 4 6 95
4 4 7 89
6 4 7 91
4 4 7 97
4 4 8 93
6 4 8 95
6 4 8 99
4 4 9 89
6 4 9 91
4 4 9 97
4 4 10 93
6 4 10 95
6 4 10 99
4 4 11 89
6 4 11 91
4 4 11 97
4 4 12 93
6 4 12 95
4 4 13 89
6 4 13 91
4 4 13 97
4 4 14 93
6 4 14 95
6 4 14 99
4 4 15 89
6 4 15 91
4 4 15 97
4 4 16 93
6 4 16 95
6 4 16 99
4 4 17 89
6 4 17 91
4 4 17 97
4 4 18 93
6 4 18 95
6 4 18 99
4 4 19 89
6 4 19 91
4 4 20 93
6 4 20 95
6 4 20 99
2 3 2 99
7 4 1 99
7 3 9 99
2 3 9 99
7 3 9 99
3 2 1 1
5 2 1 1
8 2 1 1
4 2 1 1
3 2 1 1
5 2 1 1
8 2 1 1
4 2 1 1
3 2 1 1
5 2 1 1
8 2 1 1
4 2 1 1
3 2 1 1
5 2 1 1
8 2 1 1
4 2 1 1
3 2 1 1
5 2 1 1
8 2 1 1
4 2 1 1
3 2 1 1
5 2 1 1
8 2 1 1
4 2 1 1
3 2 1 1
5 2 1 1
8 2 1 1
4 2 1 1
3 2 1 1
5 2 1 1
8 2 1 1
4 2 1 1
3 2 1 1
5 2 1 1
8 2 1 1
4 2 1 1
3 2 1 1
5 2 1 1
8 2 1 1
4 2 1 1
7 2 1 1
2 2 1 1
6 2 1 1
4 2 1 3
3 2 1 3
5 2 1 3
8 2 1 3
4 2 1 3
3 2 1 3
5 2 1 3
8 2 1 3
4 2 1 3
3 2 1 3
5 2 1 3
8 2 1 3
4 2 1 3
3 2 1 3
5 2 1 3
8 2 1 3
4 2 1 3
3 2 1 3
5 2 1 3
8 2 1 3
4 2 1 3
3 2 1 3
5 2 1 3
8 2 1 3
4 2 1 3
3 2 1 3
5 2 1 3
8 2 1 3
4 2 1 3
3 2 1 3
5 2 1 3
8 2 1 3
4 2 1 3
3 2 1 3
5 2 1 3
8 2 1 3
4 2 1 3
3 2 1 3
5 2 1 3
8 2 1 3
6 2 1 3
6 3 3 2
1 3 3 2
7 5 3 2
2 5 3 1
6 3 2 2
1 5 2 2
7 5 2 1
6 4 2 1
1 5 1 1
2 3 1 2
7 4 1 1
2 4 1 1
6 4 1 1
1 4 1 1
7 4 1 1
2 4 1 1
6 4 1 1
1 4 1 1
7 4 1 1
2 4 1 1
6 4 1 1
1 4 1 1
7 4 1 1
2 4 1 1
6 4 1 1
1 4 1 1
7 4 1 1
2 4 1 1
6 4 1 1
1 4 1 1
7 4 1 1
2 4 1 1
6 4 1 1
1 3 1 1
7 3 1 1
2 3 1 1
8 2 1 2
4 2 1 2
6 2 1 4
1 2 1 4
7 2 1 4
2 2 1 4
6 2 1 4
1 2 1 4
7 2 1 4
2 2 1 4
6 2 1 4
1 2 1 4
7 2 1 4
2 2 1 4
6 2 1 4
1 2 1 4
7 2 1 4
2 2 1 4
6 2 1 4
1 2 1 4
7 2 1 4
2 2 1 4
6 2 1 4
1 2 1 4
7 2 1 4
2 2 1 4
6 2 1 4
1 2 1 4
7 2 1 4
2 2 1 4
6 2 1 4
1 2 1 4
7 2 1 4
2 2 1 4
6 2 1 4
1 2 1 4
7 2 1 4
2 2 1 4
6 2 1 4
1 2 1 4
7 2 1 4
8 2 1 4
3 2 1 4
5 3 1 3
8 3 1 3
4 3 1 3
3 4 1 2
5 4 1 2
8 4 1 2
4 4 1 2
3 4 1 2
5 4 1 2
8 4 1 2
4 4 1 2
3 4 1 2
5 4 1 2
8 4 1 2
4 4 1 2
3 4 1 2
5 4 1 2
8 4 1 2
4 4 1 2
3 4 1 2
5 4 1 2
8 4 1 2
4 4 1 2
3 4 1 2
5 4 1 2
8 4 1 2
4 4 1 2
3 4 1 2
5 4 1 2
8 4 1 2
4 4 1 2
3 4 1 2
5 4 1 2
8 4 1 2
4 4 1 2
3 4 1 2
5 2 1 2
7 2 1 3
2 2 1 3
6 2 1 3
1 2 1 3
7 2 1 3
2 2 1 3
6 2 1 3
1 2 1 3
7 2 1 3
2 2 1 3
6 2 1 3
1 2 1 3
7 2 1 3
2 2 1 3
6 2 1 3
1 2 1 3
7 2 1 3
2 2 1 3
6 2 1 3
1 2 1 3
7 2 1 3
2 2 1 3
6 2 1 3
1 2 1 3
7 2 1 3
2 2 1 3
6 2 1 3
1 2 1 3
7 2 1 3
2 2 1 3
6 2 1 3
1 2 1 3
7 2 1 3
2 2 1 3
6 2 1 3
1 2 1 3
7 2 1 3
2 2 1 3
6 2 1 3
1 2 1 3
3 2 1 3
5 2 1 3
8 3 1 2
4 3 1 2
3 3 1 2
5 3 1 2
8 2 1 2
4 2 1 2
3 2 1 2
5 2 1 2
8 2 1 2
4 2 1 2
3 2 1 2
5 2 1 2
8 2 1 2
4 2 1 2
3 2 1 2
5 2 1 2
8 2 1 2
4 2 1 2
3 2 1 2
5 2 1 2
8 2 1 2
4 2 1 2
3 2 1 2
5 2 1 2
8 2 1 2
4 2 1 2
3 2 1 2
5 2 1 2
8 2 1 2
4 2 1 2
3 2 1 2
5 2 1 2
8 2 1 2
4 2 1 2
3 2 1 2
5 2 1 2
8 2 1 2
4 2 1 2
1 2 1 2
7 2 1 2
1 3 2 1
7 3 2 1
2 5 2 1
6 4 1 1
1 2 1 1
7 2 1 1
2 2 1 1
6 2 1 1
1 2 1 1
7 2 1 1
2 2 1 1
6 2 1 1
1 2 1 1
7 2 1 1
2 2 1 1
6 2 1 1
1 2 1 1
7 2 1 1
2 2 1 1
6 2 1 1
1 2 1 1
7 2 1 1
2 2 1 1
6 2 1 1
1 2 1 1
7 2 1 1
2 2 1 1
6 2 1 1
1 2 1 1
7 2 1 1
2 2 1 1
6 2 1 1
1 2 1 1
7 2 1 1
2 2 1 1
6 2 1 1
4 2 1 1
3 2 1 1
5 2 1 1
8 2 1 1
4 2 1 1
3 2 1 1
5 2 1 1
8 2 1 1
4 2 1 1
3 2 1 1
5 2 1 1
8 2 1 1
4 2 1 1
3 2 1 1
5 2 1 1
8 2 1 1
4 2 1 1
3 2 1 1
5 2 1 1
8 2 1 1
4 2 1 1
3 2 1 1
5 2 1 1
8 2 1 1
4 2 1 1
3 2 1 1
5 2 1 1
8 2 1 1
4 2 1 1
3 2 1 1
5 2 1 1
8 2 1 1
4 2 1 1
3 2 1 1
5 2 1 1
8 2 1 1
4 2 1 1
3 2 1 1
5 2 1 1
8 2 1 1
6 2 1 1
1 2 1 1
7 2 1 1
2 2 1 1
6 2 1 1
1 2 1 1
7 2 1 1
2 2 1 1
6 2 1 1
1 2 1 1
7 2 1 1
2 2 1 1
6 2 1 1
1 2 1 1
7 2 1 1
2 2 1 1
6 2 1 1
1 2 1 1
7 2 1 1
2 2 1 1
6 2 1 1
1 2 1 1
7 2 1 1
2 2 1 1
6 2 1 1
1 2 1 1
7 2 1 1
2 2 1 1
6 2 1 1
1 2 1 1
7 2 1 1
2 2 1 1
6 2 1 1
1 2 1 1
7 2 1 1
2 2 1 1
6 2 1 1
1 2 1 1
7 2 1 1
2 2 1 1
5 2 1 5
8 2 1 5
4 2 1 5
3 2 1 5
5 2 1 5
8 2 1 5
4 2 1 5
3 2 1 5
5 2 1 5
8 2 1 5
4 2 1 5
3 2 1 5
5 2 1 5
8 2 1 5
4 2 1 5
3 2 1 5
5 2 1 5
8 2 1 5
4 2 1 5
3 2 1 5
5 2 1 5
8 2 1 5
4 2 1 5
3 2 1 5
5 2 1 5
8 2 1 5
4 2 1 5
3 2 1 5
5 2 1 5
8 2 1 5
4 2 1 5
3 2 1 5
5 2 1 5
8 2 1 5
4 2 1 5
3 2 1 5
5 2 1 5
8 2 1 5
4 2 1 5
3 2 1 5
7 2 1 5
6 3 1 4
1 2 1 5
7 3 1 4
2 4 1 3
6 4 1 3
1 4 1 3
7 4 1 3
2 4 1 3
6 4 1 3
1 4 1 3
7 4 1 3
2 4 1 3
6 4 1 3
1 4 1 3
7 4 1 3
2 4 1 3
6 4 1 3
1 4 1 3
7 4 1 3
2 4 1 3
6 4 1 3
1 4 1 3
7 4 1 3
2 4 1 3
6 4 1 3
1 4 1 3
7 4 1 3
2 4 1 3
6 4 1 3
1 4 1 3
7 4 1 3
2 4 1 3
6 4 1 3
1 4 1 3
7 4 1 3
2 4 1 3
6 4 1 3
1 4 1 3
7 2 1 3
5 2 1 4
8 2 1 4
4 2 1 4
1 2 1 6
7 2 1 6
6 2 1 6
1 2 1 6
7 2 1 6
2 2 1 6
6 2 1 6
1 2 1 6
7 2 1 6
2 2 1 6
6 2 1 6
1 2 1 6
7 2 1 6
2 2 1 6
6 2 1 6
1 2 1 6
7 2 1 6
2 2 1 6
6 2 1 6
1 2 1 6
7 2 1 6
2 2 1 6
6 2 1 6
1 2 1 6
7 2 1 6
2 2 1 6
6 2 1 6
1 2 1 6
7 2 1 6
2 2 1 6
6 2 1 6
1 2 1 6
7 2 1 6
2 2 1 6
6 2 1 6
1 2 1 6
7 2 1 6
2 2 1 6
6 2 1 6
5 2 1 7
8 2 1 10
4 2 1 10
3 2 1 10
5 2 1 10
8 2 1 10
4 2 1 10
3 2 1 10
5 2 1 10
8 2 1 10
4 2 1 10
3 2 1 10
5 2 1 10
8 2 1 10
4 2 1 10
3 2 1 10
5 2 1 10
8 2 1 10
4 2 1 10
3 2 1 10
5 2 1 10
8 2 1 10
4 2 1 10
3 2 1 10
5 2 1 10
8 2 1 10
4 2 1 10
3 2 1 10
5 2 1 10
8 2 1 10
4 2 1 10
3 2 1 10
5 2 1 10
8 2 1 10
4 2 1 10
3 2 1 10
5 2 1 10
8 2 1 10
4 2 1 10
3 2 1 10
5 2 1 10
6 4 4 8
1 4 4 8
7 5 3 8
2 7 3 8
6 4 3 8
1 5 2 8
7 7 2 8
2 4 2 8
6 5 1 8
1 7 1 8
7 4 1 8
2 4 1 8
6 4 1 8
1 4 1 8
7 4 1 8
2 4 1 8
6 4 1 8
1 4 1 8
7 4 1 8
2 4 1 8
6 4 1 8
1 4 1 8
7 4 1 8
2 4 1 8
6 4 1 8
1 4 1 8
7 4 1 8
2 4 1 8
6 4 1 8
1 4 1 8
7 4 1 8
2 4 1 8
6 4 1 8
1 4 1 8
7 4 1 8
2 2 1 8
4 2 1 7
3 3 1 6
5 5 1 5
8 5 1 5
4 5 1 5
3 6 1 4
5 6 1 4
8 6 1 4
4 6 1 4
3 6 1 4
5 6 1 4
8 6 1 4
4 6 1 4
3 6 1 4
5 6 1 4
8 6 1 4
4 6 1 4
3 6 1 4
5 6 1 4
8 6 1 4
4 6 1 4
3 6 1 4
5 6 1 4
8 6 1 4
4 6 1 4
3 6 1 4
5 6 1 4
8 6 1 4
4 6 1 4
3 6 1 4
5 6 1 4
8 6 1 4
4 6 1 4
3 6 1 4
5 5 1 4
8 5 1 4
4 5 1 4
3 4 1 4
5 4 1 4
8 4 1 4
4 2 1 4
7 2 1 5
2 2 1 5
6 2 1 5
1 2 1 5
7 2 1 5
2 2 1 5
6 2 1 5
1 2 1 5
7 2 1 5
2 2 1 5
6 2 1 5
1 2 1 5
7 2 1 5
2 2 1 5
6 2 1 5
1 2 1 5
7 2 1 5
2 2 1 5
6 2 1 5
1 2 1 5
7 2 1 5
2 2 1 5
6 2 1 5
1 2 1 5
7 2 1 5
2 2 1 5
6 2 1 5
1 2 1 5
7 2 1 5
2 2 1 5
6 2 1 5
1 2 1 5
7 2 1 5
2 2 1 5
6 2 1 5
1 2 1 5
7 2 1 5
2 2 1 5
6 2 1 5
1 2 1 5
3 3 1 4
7 2 1 6
2 2 1 6
6 2 1 6
4 2 1 8
3 2 1 8
5 2 1 8
8 2 1 8
4 2 1 8
3 2 1 8
5 2 1 8
8 2 1 8
4 2 1 8
3 2 1 8
5 2 1 8
8 2 1 8
4 2 1 8
3 2 1 8
5 2 1 8
8 2 1 8
4 2 1 8
3 2 1 8
5 2 1 8
8 2 1 8
4 2 1 8
3 2 1 8
5 2 1 8
8 2 1 8
4 2 1 8
3 2 1 8
5 2 1 8
8 2 1 8
4 2 1 8
3 2 1 8
5 2 1 8
8 2 1 8
4 2 1 8
3 2 1 8
5 2 1 8
8 2 1 8
4 2 1 8
3 2 1 8
5 2 1 8
8 2 1 8
6 2 1 8
6 3 3 7
1 3 3 7
7 5 3 7
2 5 3 6
6 3 2 7
1 5 2 7
7 5 2 6
6 4 2 6
1 5 1 6
2 3 1 7
7 4 1 6
2 4 1 6
6 4 1 6
1 4 1 6
7 4 1 6
2 4 1 6
6 4 1 6
1 4 1 6
7 4 1 6
2 4 1 6
6 4 1 6
1 4 1 6
7 4 1 6
2 4 1 6
6 4 1 6
1 4 1 6
7 4 1 6
2 4 1 6
6 4 1 6
1 4 1 6
7 4 1 6
2 4 1 6
6 4 1 6
1 3 1 6
7 3 1 6
2 3 1 6
8 2 1 7
4 2 1 7
6 2 1 9
1 2 1 9
7 2 1 9
6 2 1 9
1 2 1 9
7 2 1 9
2 2 1 9
6 2 1 9
1 2 1 9
7 2 1 9
2 2 1 9
6 2 1 9
1 2 1 9
7 2 1 9
2 2 1 9
6 2 1 9
1 2 1 9
7 2 1 9
2 2 1 9
6 2 1 9
1 2 1 9
7 2 1 9
2 2 1 9
6 2 1 9
1 2 1 9
7 2 1 9
2 2 1 9
6 2 1 9
1 2 1 9
7 2 1 9
2 2 1 9
6 2 1 9
1 2 1 9
7 2 1 9
2 2 1 9
6 2 1 9
1 2 1 9
7 2 1 9
8 2 1 9
4 2 1 9
3 2 1 9
5 3 1 8
8 3 1 8
4 3 1 8
3 4 1 7
5 4 1 7
8 4 1 7
4 4 1 7
3 4 1 7
5 4 1 7
8 4 1 7
4 4 1 7
3 4 1 7
5 4 1 7
8 4 1 7
4 4 1 7
3 4 1 7
5 4 1 7
8 4 1 7
4 4 1 7
3 4 1 7
5 4 1 7
8 4 1 7
4 4 1 7
3 4 1 7
5 4 1 7
8 4 1 7
4 4 1 7
3 4 1 7
5 4 1 7
8 4 1 7
4 4 1 7
3 4 1 7
5 4 1 7
8 4 1 7
4 4 1 7
3 4 1 7
5 2 1 7
7 2 1 8
3 2 1 10
5 2 1 10
8 2 1 10
4 2 1 10
3 2 1 10
5 2 1 10
8 2 1 10
4 2 1 10
3 2 1 10
5 2 1 10
8 2 1 10
4 2 1 10
3 2 1 10
5 2 1 10
8 2 1 10
4 2 1 10
3 2 1 10
5 2 1 10
8 2 1 10
4 2 1 10
3 2 1 10
5 2 1 10
8 2 1 10
4 2 1 10
3 2 1 10
5 2 1 10
8 2 1 10
4 2 1 10
3 2 1 10
5 2 1 10
8 2 1 10
4 2 1 10
3 2 1 10
5 2 1 10
8 2 1 10
4 2 1 10
3 2 1 10
5 2 1 10
8 2 1 10
4 2 1 10
1 2 1 10
1 3 3 9
7 3 3 9
2 6 3 8
6 5 3 8
1 3 2 9
7 6 2 8
2 4 1 9
1 5 1 8
6 3 1 9
7 4 1 8
2 4 1 8
6 4 1 8
1 4 1 8
7 4 1 8
2 4 1 8
6 4 1 8
1 4 1 8
7 4 1 8
2 4 1 8
6 4 1 8
1 4 1 8
7 4 1 8
2 4 1 8
6 4 1 8
1 4 1 8
7 4 1 8
2 4 1 8
6 4 1 8
1 4 1 8
7 4 1 8
2 4 1 8
6 4 1 8
1 4 1 8
7 4 1 8
2 4 1 8
6 4 1 8
1 2 1 8
4 2 1 9
3 2 1 9
5 2 1 9
8 2 1 9
4 2 1 9
3 2 1 9
5 2 1 9
8 2 1 9
4 2 1 9
3 2 1 9
5 2 1 9
8 2 1 9
4 2 1 9
3 2 1 9
5 2 1 9
8 2 1 9
4 2 1 9
3 2 1 9
5 2 1 9
8 2 1 9
4 2 1 9
3 2 1 9
5 2 1 9
8 2 1 9
4 2 1 9
3 2 1 9
5 2 1 9
8 2 1 9
4 2 1 9
3 2 1 9
5 2 1 9
8 2 1 9
4 2 1 9
3 2 1 9
5 2 1 9
8 2 1 9
4 2 1 9
3 2 1 9
5 2 1 9
8 2 1 9
6 2 1 9
1 2 1 9
7 3 1 8
2 3 1 8
6 3 1 8
1 3 1 8
7 2 1 8
2 2 1 8
6 2 1 8
1 2 1 8
7 2 1 8
2 2 1 8
6 2 1 8
1 2 1 8
7 2 1 8
2 2 1 8
6 2 1 8
1 2 1 8
7 2 1 8
2 2 1 8
6 2 1 8
1 2 1 8
7 2 1 8
2 2 1 8
6 2 1 8
1 2 1 8
7 2 1 8
2 2 1 8
6 2 1 8
1 2 1 8
7 2 1 8
2 2 1 8
6 2 1 8
1 2 1 8
7 2 1 8
2 2 1 8
6 2 1 8
1 2 1 8
7 2 1 8
2 2 1 8
4 2 1 8
3 2 1 8
4 3 2 7
3 3 2 7
5 5 2 7
8 3 1 7
4 2 1 7
3 2 1 7
5 2 1 7
8 2 1 7
4 2 1 7
3 2 1 7
5 2 1 7
8 2 1 7
4 2 1 7
3 2 1 7
5 2 1 7
8 2 1 7
4 2 1 7
3 2 1 7
5 2 1 7
8 2 1 7
4 2 1 7
3 2 1 7
5 2 1 7
8 2 1 7
4 2 1 7
3 2 1 7
5 2 1 7
8 2 1 7
4 2 1 7
3 2 1 7
5 2 1 7
8 2 1 7
4 2 1 7
3 2 1 7
5 2 1 7
1 3 2 6
2 2 1 7
5 2 1 9
8 2 1 9
5 2 1 9
8 2 1 9
4 2 1 9
3 2 1 9
5 2 1 9
8 2 1 9
4 2 1 9
3 2 1 9
5 2 1 9
8 2 1 9
4 2 1 9
3 2 1 9
5 2 1 9
8 2 1 9
4 2 1 9
3 2 1 9
5 2 1 9
8 2 1 9
4 2 1 9
3 2 1 9
5 2 1 9
8 2 1 9
4 2 1 9
3 2 1 9
5 2 1 9
8 2 1 9
4 2 1 9
3 2 1 9
5 2 1 9
8 2 1 9
4 2 1 9
3 2 1 9
5 2 1 9
8 2 1 9
4 2 1 9
3 2 1 9
7 2 1 9
2 2 1 9
6 3 1 8
1 2 1 9
2 4 2 7
6 4 2 7
1 5 1 7
7 7 1 7
2 4 1 7
6 5 1 6
1 4 1 7
7 5 1 6
2 5 1 6
6 5 1 6
1 4 1 6
7 4 1 6
2 3 1 7
6 4 1 6
1 4 1 6
7 4 1 6
2 3 1 7
6 4 1 6
1 4 1 6
7 4 1 6
2 4 1 6
6 4 1 6
1 4 1 6
7 4 1 6
2 4 1 6
6 4 1 6
1 4 1 6
7 4 1 6
2 4 1 6
6 4 1 6
1 4 1 6
7 4 1 6
2 3 1 6
6 3 1 6
1 3 1 6
4 2 1 11
3 2 1 11
5 2 1 11
8 2 1 11
4 2 1 11
3 2 1 11
5 2 1 11
8 2 1 11
4 2 1 11
3 2 1 11
5 2 1 11
8 2 1 11
4 2 1 11
3 2 1 11
5 2 1 11
8 2 1 11
4 2 1 11
3 2 1 11
5 2 1 11
8 2 1 11
4 2 1 11
3 2 1 11
5 2 1 11
8 2 1 11
4 2 1 11
3 2 1 11
5 2 1 11
8 2 1 11
4 2 1 11
3 2 1 11
5 2 1 11
8 2 1 11
4 2 1 11
3 2 1 11
5 2 1 11
8 2 1 11
4 2 1 11
3 2 1 11
5 2 1 11
8 2 1 11
7 3 2 9
6 4 1 10
1 2 1 9
7 2 1 10
2 3 1 9
1 4 2 10
6 3 1 9
7 4 1 9
2 4 1 9
6 4 1 9
1 4 1 9
7 4 1 9
2 4 1 9
6 4 1 9
1 4 1 9
7 4 1 9
2 4 1 9
6 4 1 9
1 4 1 9
7 4 1 9
2 4 1 9
6 4 1 9
1 4 1 9
7 4 1 9
2 4 1 9
6 4 1 9
1 4 1 9
7 4 1 9
2 4 1 9
6 4 1 9
1 4 1 9
7 4 1 9
2 4 1 9
6 4 1 9
1 3 1 9
7 3 1 9
2 3 1 9
6 2 1 9
1 2 1 9
7 2 1 9
2 2 1 9
6 2 1 9
3 2 1 10
5 2 1 10
3 2 1 10
5 2 1 10
3 2 1 10
5 2 1 10
3 2 1 10
5 2 1 10
3 2 1 10
5 2 1 10
3 2 1 10
5 2 1 10
3 2 1 10
5 2 1 10
3 2 1 10
5 2 1 10
3 2 1 10
5 2 1 10
3 2 1 10
5 2 1 10
1 3 1 9
7 3 1 9
1 2 1 10
7 2 1 10
1 2 1 10
7 2 1 10
1 2 1 10
7 2 1 10
1 2 1 10
7 2 1 10
1 2 1 10
7 2 1 10
1 2 1 10
7 2 1 10
1 2 1 10
7 2 1 10
1 2 1 10
7 2 1 10
1 2 1 10
7 2 1 10
2 2 1 12
1 2 1 12
2 2 1 12
1 2 1 12
2 2 1 12
1 2 1 12
2 2 1 12
1 2 1 12
2 2 1 12
1 2 1 12
2 2 1 12
1 2 1 12
2 2 1 12
1 2 1 12
2 2 1 12
1 2 1 12
2 2 1 12
1 2 1 12
2 2 1 12
1 2 1 12
8 3 2 11
5 4 1 12
8 4 3 10
3 5 2 10
8 5 1 10
5 4 1 12
3 2 1 10
8 4 1 10
8 4 2 10
3 4 1 10
5 4 1 12
8 4 1 10
8 4 2 10
3 4 1 10
5 4 1 12
8 4 1 10
3 2 1 10
8 2 1 10
3 2 1 10
2 2 1 11
6 2 1 12
2 3 4 11
7 4 3 11
2 3 2 11
7 3 1 11
6 4 1 11
2 2 1 11
7 2 1 11
2 2 1 11
6 2 1 11
5 2 4 1
8 2 4 1
4 3 3 1
3 3 3 1
5 3 2 1
3 2 9 7
5 2 9 7
8 3 8 7
4 3 8 7
3 2 8 7
5 3 7 7
8 3 7 7
4 2 7 7
3 3 6 7
5 3 6 7
8 2 6 7
4 3 5 7
3 3 5 7
5 2 5 7
8 3 4 7
4 3 4 7
3 3 3 7
