27226
1753
4 16 57 71
4 12 2 2
3 12 42 31
2 12 54 4
3 12 84 24
2 11 25 44
2 11 28 93
4 11 44 71
2 11 75 81
2 11 91 94
1 14 93 84
4 10 13 44
1 13 24 41
2 15 28 43
3 10 15 31
2 12 70 33
2 10 47 87
3 11 54 84
2 10 69 92
1 10 76 42
1 9 5 11
2 9 5 15
2 9 6 64
2 9 18 31
3 9 21 13
3 10 40 14
1 9 23 83
2 9 26 25
3 9 29 96
1 9 41 6
3 12 50 4
4 9 42 6
4 10 49 6
1 9 44 26
3 9 59 73
1 11 79 64
2 9 66 1
1 9 74 83
1 9 79 11
4 12 87 74
1 8 8 61
4 8 22 85
1 8 44 21
1 8 44 57
3 9 47 53
2 8 44 71
2 11 86 71
2 8 53 61
4 11 67 61
2 8 58 43
3 8 65 33
4 10 69 32
4 8 74 76
2 8 77 45
3 8 77 61
1 8 85 54
4 9 86 51
2 8 85 52
1 7 2 35
2 9 11 35
1 10 13 35
3 11 48 31
1 8 32 37
2 8 47 35
1 9 77 31
3 7 5 64
2 11 82 66
2 7 6 3
4 12 19 1
4 12 78 2
3 8 52 3
1 7 6 28
3 7 7 12
4 8 7 11
1 9 21 13
3 11 51 11
4 8 70 11
1 7 16 91
4 7 17 81
2 8 75 83
1 7 16 84
4 14 36 81
3 8 16 86
3 9 30 87
3 9 36 84
2 7 18 24
4 8 24 22
1 9 26 23
3 8 83 24
2 7 20 51
4 8 45 55
1 12 65 55
3 7 21 51
4 8 50 51
2 10 51 51
3 7 22 26
4 8 41 25
3 10 44 21
1 7 31 47
2 11 80 44
1 10 81 42
1 7 34 55
4 7 33 53
1 10 50 51
3 8 52 57
1 7 39 37
2 7 39 97
1 7 40 32
4 7 41 18
3 8 40 14
3 7 42 41
3 10 74 41
4 7 44 72
1 7 50 34
1 7 51 1
2 7 51 35
3 7 56 17
3 10 73 15
4 7 61 21
2 7 63 25
1 7 63 31
4 7 64 75
3 7 67 12
1 7 68 11
4 7 73 23
3 7 73 91
3 7 74 51
4 7 80 67
2 6 3 35
3 6 3 84
2 7 42 83
2 6 5 27
4 9 5 26
3 7 4 25
4 6 11 6
1 8 11 5
3 8 17 5
3 7 34 7
2 8 57 4
4 9 59 5
3 7 68 3
1 8 68 3
4 8 63 4
3 6 9 5
3 6 13 93
4 10 58 94
2 7 16 91
4 6 14 16
2 6 14 31
3 6 12 31
4 6 12 32
4 9 23 33
1 7 23 35
2 8 25 34
4 9 42 34
1 7 46 31
2 9 48 32
1 6 14 42
4 8 37 41
3 7 15 41
3 7 24 45
1 8 48 36
3 6 13 43
2 7 14 42
3 9 27 41
4 7 49 41
4 8 71 41
4 6 23 15
4 6 23 55
3 6 23 85
1 7 18 87
2 6 19 86
4 6 25 34
3 7 27 34
3 6 27 24
2 6 30 91
2 7 41 91
1 9 54 93
3 7 53 94
2 11 65 92
4 6 32 11
1 6 34 97
4 6 35 36
3 6 37 71
1 8 56 71
3 6 37 76
1 8 38 76
2 6 38 15
3 6 41 11
4 7 73 46
3 7 73 46
4 6 41 12
4 6 44 3
3 6 45 92
1 8 44 94
2 7 48 91
4 9 64 91
2 6 46 16
1 10 47 15
3 6 46 35
2 7 46 36
3 6 49 63
1 7 63 15
4 6 51 3
4 6 51 62
4 6 53 72
1 6 55 81
4 6 57 56
2 6 60 44
3 6 60 81
2 7 58 81
4 7 57 82
3 8 61 81
4 6 61 42
1 6 61 51
4 6 59 53
4 8 62 83
2 6 62 56
2 8 64 84
1 6 64 7
3 6 73 1
2 6 79 77
1 6 80 63
2 5 2 27
4 5 2 71
4 5 2 75
2 6 24 73
1 6 42 73
4 6 42 76
1 6 50 71
3 6 65 71
3 6 66 76
1 6 70 74
3 7 76 76
1 7 74 77
2 5 2 87
3 6 65 85
4 5 2 92
2 5 4 42
1 6 17 44
4 7 14 43
1 8 32 45
4 8 55 41
1 5 4 43
4 7 34 42
2 9 39 44
4 6 36 42
3 7 40 44
4 10 51 45
1 7 46 46
2 5 4 77
4 6 14 74
2 8 38 75
3 8 42 72
1 6 12 75
2 6 25 76
2 6 48 77
1 8 60 75
4 5 4 84
2 6 2 85
1 8 47 82
4 6 8 81
2 7 27 84
3 6 43 86
2 6 48 81
3 7 52 84
4 5 5 47
4 6 19 46
3 7 40 46
3 5 5 71
4 8 25 71
2 8 45 72
4 6 50 73
3 5 6 1
2 6 60 2
4 5 7 17
4 6 42 16
2 7 51 13
3 7 53 13
2 8 58 15
3 5 4 17
2 5 7 85
4 9 56 84
4 6 12 82
2 6 10 81
4 5 8 44
3 6 34 42
2 5 10 6
1 6 20 5
3 7 31 3
3 7 45 4
4 6 33 6
1 6 49 7
3 6 48 8
4 8 48 6
4 5 11 75
3 6 18 77
1 6 19 75
4 5 12 3
3 6 10 1
4 8 19 1
4 5 12 24
3 7 52 24
1 6 58 24
2 5 13 67
3 8 43 65
1 7 44 68
2 6 69 65
3 5 14 64
2 6 27 63
3 6 25 65
4 9 78 61
4 5 13 63
3 9 72 62
4 6 35 61
1 7 53 64
1 6 38 64
3 6 37 67
2 5 15 7
1 7 29 6
1 5 16 95
4 5 18 17
4 6 24 16
4 5 18 25
2 7 17 26
4 10 24 24
3 5 18 37
1 6 29 34
1 6 36 6
4 5 18 54
4 5 18 77
3 6 30 75
4 6 39 31
2 6 41 72
1 5 18 92
4 6 42 34
3 6 51 92
1 5 18 98
3 6 57 31
3 5 20 27
2 6 50 26
1 5 20 81
2 5 20 85
4 6 42 86
4 5 22 45
1 5 21 44
2 6 21 44
3 7 23 44
2 5 27 15
4 6 29 14
1 6 39 13
1 7 53 11
1 5 28 26
2 6 33 24
3 7 39 22
4 5 29 94
3 5 31 75
1 5 31 76
4 5 31 77
2 5 34 82
2 5 38 31
3 5 38 63
3 8 49 61
2 5 40 46
3 5 43 74
4 5 46 18
3 5 46 22
2 5 47 24
1 5 48 57
1 7 53 56
2 5 48 55
2 5 48 72
3 5 48 74
4 5 50 11
2 5 51 11
2 5 51 25
2 5 52 85
4 5 55 27
3 5 55 62
4 5 55 61
4 5 55 72
3 5 56 53
3 5 57 53
1 6 57 52
4 5 55 55
1 5 54 56
3 5 58 97
2 6 68 51
1 7 69 95
2 5 59 51
1 5 60 18
2 5 62 14
3 5 62 21
4 5 61 22
1 5 63 28
3 6 62 28
3 5 66 95
2 5 67 61
3 5 68 41
1 4 2 16
3 5 16 15
3 6 18 14
1 9 19 13
1 5 43 16
3 5 41 15
1 5 44 11
2 6 45 13
4 4 2 31
1 4 2 81
3 6 38 81
2 4 2 81
1 7 32 83
4 5 41 82
4 4 2 86
1 7 24 85
4 7 25 84
4 5 48 87
4 4 3 11
2 6 11 11
3 5 55 12
1 4 2 12
3 6 5 11
3 5 30 12
4 4 3 42
3 6 3 41
2 5 32 43
4 4 3 45
3 7 3 44
1 5 9 45
4 9 28 45
2 5 36 41
2 4 2 46
4 5 23 46
1 6 22 45
3 10 26 45
2 5 23 47
1 5 33 47
4 5 34 47
2 5 33 47
1 4 3 71
1 6 34 71
2 5 44 74
2 4 4 1
1 5 16 1
1 4 3 2
4 5 4 2
4 5 20 3
2 5 19 1
1 6 18 1
1 5 46 1
3 5 48 3
1 4 4 21
1 11 17 21
3 6 17 23
3 6 22 25
4 8 40 21
4 6 26 22
2 5 25 23
1 5 35 22
3 5 50 21
3 4 4 21
4 5 9 21
3 5 9 23
3 6 25 21
1 5 26 25
1 6 33 26
3 5 37 26
4 4 4 31
1 6 9 31
2 5 9 31
4 5 17 33
2 6 24 34
4 6 47 37
2 5 25 36
1 5 31 32
2 5 53 36
1 4 4 51
2 5 3 53
3 6 3 53
1 9 4 52
2 6 18 53
4 6 14 52
1 7 14 51
1 5 10 54
2 7 26 52
4 6 48 51
3 5 31 51
1 6 36 52
4 5 43 57
2 5 40 58
2 4 2 55
4 5 25 56
4 5 42 55
1 7 50 55
4 4 3 52
2 4 3 51
4 6 5 51
1 5 26 51
1 5 34 51
1 4 4 63
1 6 9 61
2 7 43 61
3 5 13 61
3 7 25 61
2 5 36 64
4 7 35 64
4 4 5 48
3 4 5 48
2 4 4 47
2 4 5 47
1 5 26 46
1 4 6 1
3 4 6 4
3 5 20 5
2 5 21 5
2 4 6 56
1 6 27 54
1 5 7 57
2 5 21 56
4 6 29 56
3 6 30 54
1 5 22 55
4 6 42 55
2 5 42 54
4 4 6 74
2 5 8 74
4 4 6 77
3 4 6 78
2 5 12 76
2 4 7 78
2 4 8 63
3 8 9 61
4 5 24 63
4 5 55 65
4 5 56 65
1 4 9 96
2 5 20 97
2 6 28 96
3 5 28 96
2 6 43 95
3 5 29 97
3 5 57 97
2 6 69 97
3 4 11 23
3 4 11 27
4 4 11 28
1 4 12 24
4 5 13 23
2 5 14 22
4 7 24 21
4 4 12 95
4 5 40 93
3 4 13 1
4 4 13 66
1 4 13 91
4 5 13 91
1 5 53 92
3 4 14 35
2 5 14 35
3 5 34 34
3 5 39 37
2 5 37 38
1 5 38 36
3 4 14 91
1 5 30 92
2 5 33 95
4 5 43 97
1 6 42 97
1 5 59 96
2 4 15 93
3 6 35 91
2 5 38 92
3 4 18 3
1 4 19 2
2 4 19 1
2 4 19 15
4 4 19 66
2 5 18 65
1 8 23 63
1 7 25 62
1 6 30 62
4 7 56 65
2 5 23 63
4 6 25 65
3 5 45 62
3 6 53 67
2 6 54 65
3 4 19 95
1 4 19 96
4 4 22 3
1 5 23 4
2 4 22 12
1 4 21 12
2 4 22 26
4 4 21 28
3 4 22 51
3 5 26 51
4 4 22 74
5 4 24 62
1 5 58 61
2 4 25 67
3 7 45 65
3 4 25 92
2 5 26 91
4 5 32 93
1 10 33 91
4 6 30 91
1 4 25 97
3 4 26 24
3 4 26 57
2 6 27 55
1 4 26 59
3 5 38 57
2 4 27 97
4 4 28 2
2 4 28 4
4 4 28 51
4 4 29 21
3 4 31 74
4 4 29 74
4 4 31 81
4 6 52 81
3 4 32 1
2 4 31 3
4 4 32 7
3 5 40 6
3 4 32 17
4 4 33 87
4 4 34 75
1 5 40 74
4 4 34 91
3 4 32 91
1 4 35 43
4 4 35 72
1 4 37 51
4 4 39 72
2 4 40 64
4 4 41 72
2 4 41 92
1 4 42 27
1 4 43 56
4 4 43 76
3 4 44 11
2 4 44 56
3 4 46 8
4 4 48 17
4 4 48 31
1 4 49 42
2 4 50 41
1 4 52 81
2 4 57 88
1 4 57 88
4 4 59 98
3 4 62 99
2 5 68 39
3 3 2 11
4 6 11 11
4 6 13 11
1 5 15 11
2 4 11 12
2 4 21 14
1 4 21 13
3 6 24 15
1 5 23 16
1 4 21 15
4 5 21 13
4 7 31 14
2 4 20 17
1 4 29 15
4 4 30 11
2 3 2 21
1 5 2 21
2 5 27 21
4 4 37 22
2 4 37 21
1 4 42 21
4 7 42 21
2 4 40 21
4 4 47 21
2 3 2 24
1 4 2 24
4 4 2 24
1 4 3 25
2 4 5 27
3 4 39 27
2 3 2 24
2 5 22 23
4 3 2 28
4 4 38 27
1 4 38 27
3 3 2 31
4 4 37 31
3 4 40 31
4 4 44 31
3 4 49 32
4 5 47 32
2 4 45 31
1 3 2 31
1 4 17 33
3 5 22 34
1 4 30 36
1 4 42 33
4 4 41 36
2 3 2 31
3 3 2 33
2 4 40 31
1 3 2 31
3 5 6 33
4 4 2 32
1 4 5 34
1 4 10 32
2 4 24 33
3 4 32 33
1 4 34 35
2 3 2 43
4 4 3 41
1 4 2 41
4 4 10 42
1 4 33 41
1 3 2 47
2 5 23 47
4 5 26 46
3 3 2 46
4 4 18 44
3 3 2 53
2 3 2 68
1 4 2 68
1 4 38 68
2 5 38 67
4 4 40 65
1 4 40 65
2 3 2 71
1 4 14 72
2 4 12 73
3 4 11 73
1 7 32 73
4 5 17 75
2 6 19 76
3 5 19 74
3 5 32 74
1 5 41 77
4 3 2 79
2 4 5 77
1 5 5 76
3 5 3 76
1 4 11 75
5 4 27 74
2 4 27 74
1 3 2 78
1 5 18 77
3 3 2 91
4 4 24 91
1 4 40 92
1 3 3 34
1 6 29 32
4 4 27 35
2 4 28 32
3 3 3 38
4 4 17 37
2 3 3 36
1 3 3 38
3 4 21 37
3 3 3 58
4 4 3 57
3 4 11 56
2 4 36 57
3 3 3 67
3 4 15 66
4 5 25 67
1 3 3 67
4 6 4 65
2 5 13 63
2 4 5 66
4 4 23 61
3 4 24 64
4 4 27 66
2 4 40 61
1 3 3 73
2 4 4 73
4 5 8 72
3 4 4 74
4 4 22 71
1 6 22 72
2 5 24 74
2 4 32 71
1 4 31 72
3 4 33 73
4 3 3 75
1 4 11 77
4 5 24 76
4 3 4 5
1 5 5 5
1 4 9 3
2 7 10 2
4 4 14 6
1 5 16 3
2 4 22 7
2 4 31 1
1 4 31 5
4 4 41 1
4 4 48 1
3 3 4 6
3 4 11 7
3 3 4 61
2 4 17 61
1 3 4 77
3 4 23 77
3 3 4 93
3 6 7 93
1 6 21 94
1 4 3 93
2 4 2 93
4 5 3 95
4 4 7 96
2 4 7 97
2 4 8 95
4 5 9 92
1 4 19 91
4 4 18 91
2 4 20 92
3 4 22 95
4 4 38 94
1 4 40 96
2 4 40 95
3 4 49 98
3 3 2 95
2 4 16 94
1 3 4 92
4 4 27 91
2 3 4 96
4 5 18 96
2 5 28 95
1 4 32 94
2 4 34 94
4 3 5 11
3 4 10 11
1 3 5 26
1 5 19 24
4 3 5 64
3 5 5 63
4 7 12 61
1 3 5 88
4 4 17 87
4 4 38 86
2 3 6 14
4 5 6 14
1 5 5 14
2 4 9 16
3 4 22 14
1 4 28 17
1 4 31 17
2 5 45 17
3 3 5 16
1 4 9 15
2 3 6 61
2 3 6 65
4 3 6 66
2 5 21 64
1 4 22 61
2 4 23 67
1 3 5 65
1 7 8 64
4 5 8 63
3 4 6 65
5 4 15 64
2 3 6 78
3 3 6 81
3 3 7 42
3 4 30 42
3 4 40 41
3 3 7 57
3 6 23 54
2 4 9 56
4 5 8 56
1 6 17 54
3 4 17 54
4 4 18 54
2 4 27 52
4 4 26 52
3 3 7 81
3 5 18 81
2 4 17 81
1 4 18 81
4 4 25 81
2 4 25 82
3 4 25 83
4 5 39 82
2 3 8 11
2 3 8 22
3 4 44 21
1 3 8 71
2 3 7 71
2 3 9 11
4 3 9 12
3 4 36 11
2 3 9 33
3 3 9 34
2 4 14 34
1 4 22 33
3 3 9 54
2 6 25 52
3 4 28 53
3 3 9 66
4 3 9 67
1 4 10 67
2 3 9 84
3 5 10 83
4 4 11 81
1 3 10 1
1 3 10 41
1 3 10 55
3 4 11 57
4 4 13 53
1 3 10 61
3 3 10 66
2 4 16 66
4 4 16 64
2 4 27 66
4 7 27 66
6 3 8 67
4 3 10 95
1 4 22 95
1 3 11 6
3 4 22 5
4 4 28 2
2 4 29 5
1 4 29 3
3 4 28 3
3 4 43 1
3 3 11 31
3 4 22 32
4 3 9 31
3 3 11 83
4 4 13 82
1 4 18 83
4 4 17 82
3 5 21 82
2 8 31 83
3 4 30 85
1 4 33 81
3 3 12 11
1 4 34 11
4 4 33 11
1 5 38 11
2 3 12 17
2 4 17 18
4 3 12 57
3 4 27 57
2 5 26 55
4 3 12 98
3 4 11 97
1 4 24 98
1 3 13 8
1 3 13 22
4 6 24 22
4 3 13 26
1 4 13 26
2 4 12 28
4 3 11 29
3 4 15 27
5 3 12 26
1 3 13 52
2 5 12 52
2 4 14 53
4 5 14 51
1 4 13 52
3 4 19 54
2 4 32 51
1 3 14 21
3 5 24 21
2 5 24 21
1 4 22 23
1 4 37 21
1 3 14 39
4 3 14 46
1 3 14 67
4 4 15 68
3 4 15 67
2 4 19 65
3 3 14 91
1 3 15 17
2 3 15 31
4 4 18 31
4 4 19 31
1 3 15 36
4 3 15 51
1 3 15 51
3 3 15 61
1 3 15 72
6 5 21 72
1 3 16 42
2 4 32 41
4 3 16 41
1 5 16 42
1 3 16 47
6 3 16 45
5 3 16 43
4 3 16 67
2 3 16 73
3 4 19 71
1 3 16 74
3 3 17 11
6 3 17 82
4 4 18 83
1 3 18 36
4 4 24 34
3 3 19 61
1 3 19 68
1 3 19 88
4 3 19 88
2 4 38 86
3 3 19 87
3 4 28 87
1 3 20 1
3 3 19 3
2 3 20 1
3 3 20 1
1 3 19 2
5 3 20 2
4 4 20 3
6 3 19 3
2 3 20 36
3 3 21 32
2 4 22 31
1 3 21 42
4 3 21 53
4 3 21 72
2 3 21 82
4 3 21 81
5 3 21 92
2 4 21 91
1 3 22 4
2 3 22 37
3 3 22 38
5 3 22 36
1 3 22 82
3 4 24 81
2 3 22 88
3 3 21 87
1 3 23 85
2 5 23 85
3 4 23 83
1 3 24 21
1 3 24 79
3 4 23 78
3 3 26 8
4 4 34 8
1 3 26 27
4 3 25 28
3 3 26 27
3 3 26 57
4 3 26 86
1 3 27 91
4 3 28 1
2 3 28 17
4 3 28 28
1 3 28 31
4 3 28 31
3 3 28 38
1 3 28 37
2 4 27 37
3 3 28 37
4 3 28 38
4 3 28 94
4 3 29 56
2 3 29 81
1 3 30 91
3 3 29 91
4 3 31 41
3 3 31 61
2 3 32 62
1 3 32 91
4 3 33 17
1 3 34 1
4 3 34 21
2 4 34 21
1 3 34 31
3 3 35 38
4 3 34 38
1 3 33 38
4 3 36 8
2 3 36 11
4 3 37 51
1 3 38 98
4 3 36 98
4 3 42 61
3 3 47 51
1 3 46 51
3 3 48 9
2 3 48 59
1 3 48 91
3 3 50 9
1 3 52 69
1 3 53 9
4 3 54 9
2 3 54 29
3 3 65 89
4 3 70 49
3 2 2 5
6 3 11 6
2 3 19 5
1 3 36 8
2 3 35 8
2 2 2 5
1 3 3 6
3 3 4 4
5 4 11 2
4 3 5 5
1 4 5 4
3 3 5 7
1 4 7 7
2 3 4 9
5 3 13 6
1 3 12 6
6 3 12 6
2 3 28 1
1 4 27 1
3 2 2 8
4 3 3 7
2 3 15 7
2 2 2 7
2 2 2 11
1 3 10 11
1 3 20 11
3 3 27 12
1 3 32 13
2 2 2 13
2 4 18 14
4 4 17 14
3 3 2 14
4 3 2 15
5 3 12 13
2 3 12 11
4 3 23 14
2 3 30 17
4 2 2 35
1 2 2 36
1 3 19 36
3 3 22 35
4 3 28 37
2 2 2 36
4 4 4 35
3 2 2 41
2 3 16 41
3 3 24 41
1 3 26 41
1 3 34 41
4 4 34 41
3 2 2 57
5 3 15 56
1 3 16 58
3 3 15 59
2 3 15 58
2 3 18 55
3 3 18 56
3 2 2 64
1 3 9 63
1 5 14 62
4 6 14 62
4 3 9 64
6 4 9 63
2 4 7 65
3 3 8 63
6 3 8 64
3 3 8 65
1 3 10 67
1 3 19 61
1 3 19 65
1 3 20 62
3 3 24 61
1 3 27 61
3 3 30 61
1 2 2 65
4 2 2 69
1 2 2 74
2 3 3 74
1 4 8 75
5 4 9 74
2 5 9 73
3 4 7 73
6 4 8 74
2 4 10 76
1 3 8 72
2 3 8 74
5 3 7 73
6 3 10 75
3 2 2 81
1 2 2 81
1 4 10 82
2 4 12 82
1 3 22 84
3 3 27 81
4 2 2 83
2 2 2 82
3 3 8 81
1 3 14 83
4 3 15 85
5 3 15 83
3 2 2 85
6 3 10 85
3 3 15 87
1 3 22 84
3 2 2 99
4 3 21 98
1 4 37 96
3 3 30 96
1 3 29 97
4 5 31 95
2 3 30 99
4 3 33 98
6 2 3 14
3 4 5 12
1 3 5 11
2 3 17 12
4 3 16 14
2 2 3 14
4 3 9 13
2 3 22 11
5 2 2 14
6 4 7 13
6 3 2 13
5 4 5 12
4 3 7 11
3 2 2 15
2 3 3 14
5 4 7 14
6 3 6 15
6 3 12 16
3 3 15 18
4 2 2 14
2 3 4 13
4 2 3 12
3 3 20 11
6 2 3 12
1 2 3 16
6 2 3 16
4 4 18 17
4 2 3 18
4 2 3 26
2 3 9 25
6 4 8 25
2 4 27 27
1 3 8 27
2 3 9 25
1 4 8 24
5 4 8 24
3 3 11 27
1 3 18 28
2 4 17 28
4 2 3 42
4 2 3 46
2 3 12 46
1 3 12 47
5 3 11 46
6 3 11 47
3 3 10 48
3 3 11 48
4 3 15 47
1 3 16 48
3 2 3 56
2 3 10 55
6 3 14 57
6 4 17 55
4 3 21 58
2 2 3 55
3 3 12 53
6 3 12 54
5 6 12 52
1 4 12 55
6 4 13 52
4 4 13 55
5 3 13 52
4 3 11 54
1 3 17 53
2 3 17 58
3 3 23 51
1 2 2 55
6 3 7 54
2 3 7 52
3 3 8 55
2 2 3 66
5 2 3 65
2 3 8 64
5 3 8 63
2 3 14 61
3 3 12 62
4 5 16 61
1 3 11 61
6 2 3 66
3 3 7 67
3 4 8 66
3 2 3 67
6 3 7 65
6 3 9 66
1 3 30 68
4 2 3 69
2 2 3 71
5 2 3 75
4 2 3 78
6 2 3 77
5 3 11 76
4 3 10 77
1 3 11 76
2 3 11 77
3 4 10 77
3 3 24 78
2 2 2 77
3 3 12 77
6 3 11 76
2 3 17 78
1 2 3 85
1 3 8 85
3 3 9 84
6 3 14 83
2 3 23 86
4 3 22 88
3 2 3 88
2 5 5 87
3 3 7 87
2 3 11 88
1 3 12 87
1 3 20 87
4 2 3 98
2 3 20 97
3 3 19 98
5 2 4 4
6 4 4 3
3 4 7 2
5 3 3 6
2 3 12 1
1 3 14 3
5 3 13 3
3 3 15 1
3 2 3 3
4 2 3 3
2 3 3 4
1 2 2 4
2 3 2 3
5 2 1 3
6 3 1 2
2 2 2 1
6 2 2 4
4 3 2 3
2 2 1 4
3 2 2 5
4 3 2 5
4 4 10 5
6 3 3 5
2 3 6 6
4 3 5 8
1 4 8 6
2 3 4 8
2 2 3 2
6 3 3 1
4 4 2 1
3 3 3 2
2 2 4 1
4 2 4 1
6 2 4 1
4 2 4 1
4 2 4 6
3 2 4 6
5 2 4 5
3 2 4 9
2 3 17 8
2 2 4 17
3 4 4 16
5 3 4 15
4 3 3 16
2 4 9 17
1 2 3 16
1 3 7 17
5 2 3 17
4 3 5 15
3 2 3 16
2 3 5 17
2 2 3 15
5 2 2 16
2 2 3 18
3 3 2 18
1 3 18 18
1 2 2 19
1 3 5 18
4 2 2 18
2 3 15 17
4 3 14 17
6 2 3 17
5 3 3 17
2 2 2 17
6 3 2 17
2 2 2 17
2 2 4 23
2 3 11 23
5 3 11 25
4 3 16 27
4 2 3 23
4 4 10 21
6 3 4 23
2 3 3 25
5 3 11 22
6 3 12 23
1 3 12 24
4 3 11 24
3 4 11 23
1 3 19 21
1 3 23 21
1 2 3 23
5 4 4 22
3 5 3 22
4 3 5 24
2 3 14 21
3 3 21 21
2 2 2 22
2 3 18 21
1 2 3 23
3 2 4 27
2 3 3 27
1 2 3 27
1 3 11 27
2 4 10 27
2 2 4 35
5 2 4 34
1 2 4 34
6 3 4 34
5 2 4 34
1 2 4 34
4 3 9 33
3 3 8 34
6 4 8 33
5 4 11 34
2 3 8 32
5 3 8 32
4 4 6 33
2 3 9 33
6 3 11 35
3 3 9 35
1 3 21 31
4 2 4 35
5 3 6 34
1 3 5 34
6 3 4 34
1 2 4 36
2 4 5 34
4 3 4 35
1 3 5 36
2 3 19 38
6 3 19 37
1 2 4 41
4 2 4 41
2 2 4 45
3 3 12 43
4 3 10 43
1 4 9 43
6 4 15 44
3 5 15 42
2 3 9 41
3 5 9 41
2 4 12 44
6 2 4 44
6 4 15 42
2 3 6 44
2 4 15 42
2 2 4 58
4 2 4 58
4 2 4 61
5 2 4 66
1 3 5 64
1 3 6 65
5 4 5 66
1 3 4 67
4 2 4 68
3 2 4 77
1 2 4 76
6 2 4 75
4 3 7 76
3 2 4 85
4 2 4 85
1 3 4 86
1 3 17 88
3 3 19 86
4 3 18 88
2 3 21 87
1 2 4 97
3 4 4 97
1 4 6 96
4 2 5 4
2 2 5 4
3 2 4 4
6 2 4 5
3 2 5 17
1 2 5 21
4 2 5 22
3 3 5 21
2 2 4 21
5 2 5 45
3 3 8 46
5 3 10 46
3 3 20 48
3 2 4 46
6 2 5 45
4 2 5 48
1 3 4 48
4 3 15 48
2 2 5 49
1 2 5 48
1 2 5 57
2 2 4 58
5 3 9 56
1 3 16 58
6 2 4 57
5 2 5 57
3 2 5 65
4 2 5 66
3 3 6 64
5 2 5 65
2 2 5 64
4 2 5 85
2 4 12 83
6 3 8 84
5 3 12 82
4 3 11 83
5 2 5 86
2 2 4 86
3 3 4 86
4 5 5 86
5 3 9 84
1 7 9 83
1 2 4 87
3 3 13 88
4 2 5 92
3 3 9 91
3 4 19 91
6 3 18 93
1 3 21 93
4 3 19 94
4 4 24 94
3 3 23 96
1 3 23 95
1 2 5 92
4 3 7 91
3 3 15 93
4 3 15 94
5 4 14 93
3 3 14 91
6 5 14 92
2 5 14 92
3 3 15 94
4 3 16 95
6 3 22 96
2 2 5 92
3 2 5 94
3 2 5 97
5 3 21 96
2 2 5 97
2 2 6 28
3 2 5 29
2 2 6 32
1 2 5 32
5 2 6 43
1 2 6 46
6 2 6 57
5 2 6 62
2 3 6 61
2 3 27 61
3 2 6 71
2 3 13 71
3 3 12 71
4 3 13 71
5 4 12 72
4 2 6 72
6 2 6 72
1 3 10 73
3 2 5 73
2 2 6 77
3 2 6 78
2 2 6 99
2 2 7 1
2 2 7 41
2 2 7 81
5 2 7 84
6 2 7 85
5 2 7 87
4 2 8 1
2 2 8 41
4 2 8 51
5 2 8 54
6 2 8 53
3 2 8 55
2 2 8 61
6 3 7 62
4 3 12 61
1 3 19 61
5 2 8 83
6 3 7 83
6 2 8 86
5 2 8 87
2 2 7 87
1 2 6 87
6 2 5 87
4 2 8 88
6 2 7 88
1 2 8 96
4 2 9 37
3 3 12 38
2 3 22 38
3 4 21 37
6 2 9 37
1 2 9 39
1 2 9 42
5 3 14 42
2 3 17 41
4 2 8 43
6 3 8 42
5 3 7 42
4 3 11 43
3 3 11 43
2 2 9 53
1 2 10 28
2 2 10 42
6 2 10 42
1 2 9 42
3 2 10 59
6 2 10 72
3 3 18 71
3 2 9 72
5 2 9 72
4 2 9 73
2 2 10 95
5 3 14 94
3 2 10 96
2 4 14 95
1 2 11 8
2 2 11 22
2 2 11 39
2 2 11 54
3 2 11 54
4 2 11 53
4 2 11 91
4 2 12 9
5 2 12 27
2 2 12 29
1 2 12 28
3 2 12 51
5 2 12 62
3 2 12 81
1 2 11 81
4 2 12 93
6 2 12 96
3 3 11 96
2 2 13 12
1 3 13 12
6 2 12 12
1 2 13 48
2 2 13 71
4 2 13 71
1 3 12 72
2 2 14 51
4 2 13 51
3 2 14 51
2 2 15 11
1 2 16 38
3 2 15 38
5 2 16 37
1 2 15 37
2 2 17 91
1 2 17 99
2 2 18 1
4 2 18 59
3 2 18 78
1 3 17 78
2 2 18 78
3 2 17 78
2 2 18 97
4 3 17 98
3 3 17 97
5 2 16 98
3 2 19 49
4 2 19 59
4 2 19 61
2 2 19 91
4 2 19 91
2 2 20 1
4 2 20 39
2 2 20 68
2 2 21 49
4 2 20 49
4 2 21 49
4 2 21 79
3 2 22 41
1 2 22 99
3 2 23 61
1 2 23 61
1 2 23 81
2 2 23 81
4 3 22 82
3 2 22 81
1 2 21 81
2 2 23 99
3 2 23 99
3 2 24 1
3 2 24 9
4 2 24 29
2 2 24 41
4 2 24 49
1 2 24 49
2 2 24 59
1 2 24 79
1 2 24 81
2 2 25 9
1 2 25 39
2 2 24 39
3 2 23 39
2 2 25 89
3 2 25 89
4 2 25 89
1 2 24 89
2 2 26 1
3 2 26 1
2 2 26 31
3 2 26 59
1 2 26 79
1 2 28 21
3 2 28 39
1 2 27 39
2 2 28 59
1 2 29 19
3 2 29 31
4 2 29 41
2 2 28 41
1 2 29 59
3 2 30 29
2 2 30 41
4 2 29 41
2 2 30 71
1 2 31 49
3 2 32 29
4 2 32 49
3 2 32 69
2 2 33 19
1 2 33 71
3 2 34 19
4 2 34 49
4 2 35 29
1 2 35 71
2 2 34 71
3 2 33 71
3 2 35 89
4 2 36 21
1 2 36 71
3 2 36 91
3 2 38 89
1 2 40 51
1 2 45 19
