15424
2424
5 11 19 18
5 9 38 76
8 9 55 95
8 8 46 53
2 7 34 69
8 7 48 13
7 7 53 16
7 7 61 30
1 9 72 26
2 6 20 34
3 8 63 36
8 6 34 70
7 6 61 47
1 6 75 34
7 6 87 98
2 7 88 59
2 5 1 97
5 6 16 96
3 6 18 95
7 5 5 36
2 6 58 35
3 5 9 40
5 5 10 58
4 6 39 56
6 6 51 54
4 7 85 56
6 7 86 57
2 5 13 60
1 5 14 18
7 5 16 47
2 5 17 16
3 6 83 18
8 7 88 14
7 5 18 31
1 5 18 55
2 5 19 50
8 5 21 2
7 5 22 35
2 5 23 24
3 5 23 53
7 5 24 44
6 7 27 43
1 6 57 37
3 7 63 43
2 5 26 55
8 6 26 56
3 5 27 54
1 5 27 99
5 5 28 73
2 7 80 72
8 5 28 95
5 5 33 61
1 5 35 51
5 5 36 53
3 5 39 41
2 5 43 93
8 5 45 36
8 5 46 1
4 5 48 7
7 6 75 3
7 5 48 76
8 5 51 35
6 5 53 56
4 5 54 78
2 5 58 42
4 5 62 81
5 5 65 9
6 5 71 4
5 5 71 18
8 5 73 39
6 5 74 11
5 5 79 3
8 7 79 2
5 5 79 47
8 5 81 23
5 6 85 24
4 5 84 23
8 5 86 70
8 4 3 13
1 6 32 14
7 5 55 10
1 6 53 11
4 4 3 40
1 6 9 40
7 7 47 43
3 6 66 39
5 5 81 41
4 5 83 38
2 4 3 55
6 4 4 26
1 6 11 27
7 5 54 24
8 4 4 25
1 4 4 48
4 5 16 46
6 4 4 47
4 5 23 46
4 4 4 65
3 10 10 65
6 6 9 66
8 6 7 66
1 7 25 62
4 7 33 64
2 7 44 65
1 5 30 65
6 5 56 62
3 4 5 36
1 6 16 36
7 5 42 34
4 6 72 34
7 4 6 29
1 6 50 29
1 4 6 32
7 4 10 67
3 5 7 67
7 4 14 83
2 5 42 83
4 5 57 83
2 4 15 77
4 4 17 21
7 6 81 22
3 6 80 22
1 4 17 47
5 4 17 55
4 5 51 56
6 5 55 55
5 5 62 57
8 4 18 45
1 5 48 46
8 4 19 11
5 5 21 9
2 4 19 92
5 7 84 91
6 4 20 7
8 5 85 45
2 6 93 6
4 4 20 73
1 4 24 72
5 7 24 72
7 4 24 84
8 4 26 73
3 4 29 92
8 4 30 61
7 6 36 59
1 6 35 59
4 4 31 93
3 4 34 65
8 4 36 1
6 5 38 1
2 4 36 56
1 4 37 55
1 4 39 19
5 5 45 18
6 5 72 19
6 5 84 20
8 4 38 20
4 4 40 37
1 4 42 14
7 4 42 27
7 4 45 8
8 4 44 7
4 4 47 38
7 4 48 36
5 4 48 35
3 4 48 68
5 4 50 18
6 4 51 1
4 4 51 80
5 4 52 31
8 4 54 32
7 4 55 9
1 4 55 17
8 5 68 16
7 4 55 70
3 5 54 71
5 4 56 4
7 4 56 65
3 4 57 37
1 4 58 3
2 4 58 98
1 4 59 17
7 4 63 25
6 4 65 85
2 4 66 2
2 4 67 24
4 5 66 24
5 4 66 23
4 4 67 43
7 4 67 48
3 5 73 31
4 4 69 12
1 4 69 24
4 5 71 21
5 4 66 24
6 4 69 40
5 4 69 57
2 4 67 58
4 4 70 51
7 4 71 91
5 4 72 51
5 4 72 55
8 4 73 40
3 4 73 42
7 4 73 44
8 4 75 2
8 4 77 52
6 4 80 28
1 4 81 12
2 4 81 31
7 4 83 32
1 4 83 38
1 4 85 44
5 4 85 49
8 4 85 64
4 4 87 88
3 4 84 88
8 4 85 88
5 4 86 89
5 3 1 2
1 4 11 2
8 6 66 1
2 4 70 3
6 4 89 5
8 5 91 6
8 3 1 9
7 4 7 10
1 5 15 8
2 4 50 11
6 5 62 12
3 8 64 11
5 4 66 10
3 5 66 10
7 4 72 11
4 3 1 7
2 5 27 5
7 4 32 4
4 4 41 5
6 4 50 9
7 4 60 5
1 3 1 39
3 4 13 39
6 6 79 39
5 4 27 39
1 4 30 39
3 4 49 37
6 4 55 37
4 3 1 48
1 4 10 46
6 4 56 46
8 3 1 48
6 5 12 47
2 4 31 46
7 4 39 47
6 4 41 50
4 4 56 48
7 4 58 47
6 4 73 44
4 3 1 68
3 4 41 69
4 4 84 68
4 3 2 35
2 4 35 34
6 4 47 34
7 4 51 36
5 5 55 35
6 4 59 35
5 3 2 58
2 4 5 56
4 4 14 58
7 4 23 59
8 4 33 56
5 4 42 55
8 5 47 54
6 4 40 55
3 4 39 56
1 5 39 55
3 4 48 56
8 4 55 58
2 4 56 56
2 4 76 52
2 3 2 62
7 5 61 63
5 6 80 59
1 4 43 62
3 4 65 65
6 4 67 63
7 3 2 67
4 3 2 77
1 3 3 3
3 5 14 2
6 4 58 4
2 4 71 3
1 3 3 66
4 5 65 63
5 3 3 68
2 3 1 68
5 4 16 67
2 4 44 68
6 3 3 77
1 5 10 76
7 4 54 76
3 4 55 75
4 4 55 78
3 3 4 5
2 3 4 40
2 4 11 40
1 4 23 41
4 6 22 40
4 6 60 39
7 4 25 40
4 4 57 37
5 4 68 42
7 3 4 42
1 4 28 39
8 3 3 41
3 3 4 94
6 3 5 9
1 3 3 9
8 3 3 9
5 3 5 18
5 4 14 15
8 5 14 15
4 4 21 18
5 5 36 20
2 4 35 17
1 4 35 22
8 4 43 19
8 4 58 14
7 4 66 15
1 4 69 15
3 4 67 15
7 4 77 16
7 4 84 21
4 3 5 40
5 4 34 39
8 3 5 54
8 4 14 52
8 4 18 53
7 4 31 52
4 4 77 50
3 3 5 54
3 4 8 53
4 4 25 51
2 4 29 52
7 4 31 56
2 4 38 52
7 5 41 50
6 3 4 54
1 3 5 63
5 4 62 65
8 3 3 64
4 3 5 83
1 4 4 82
8 4 58 83
4 4 65 82
2 4 74 82
3 3 6 12
2 3 6 87
1 4 24 88
3 4 36 85
6 4 55 87
4 4 59 87
3 3 6 98
7 3 4 99
1 4 13 97
7 5 27 96
5 8 58 96
8 4 38 94
8 4 50 97
3 4 54 94
6 4 54 94
7 5 83 96
4 3 7 43
5 5 44 42
8 4 28 41
2 4 29 44
6 3 7 44
8 4 13 45
3 4 47 43
1 3 7 56
7 4 20 55
3 4 64 57
8 3 7 71
4 4 36 69
6 4 62 67
4 3 8 2
1 5 30 1
7 5 61 1
5 4 43 1
2 4 41 3
6 4 63 1
4 4 66 2
2 3 8 66
7 4 6 66
5 4 32 64
6 4 34 67
3 4 36 63
4 4 36 62
7 6 47 63
7 4 49 67
7 3 9 24
7 5 12 25
3 5 14 24
8 5 21 26
4 6 39 24
3 4 48 24
3 3 9 68
8 4 27 66
6 3 9 83
7 3 9 81
1 4 80 79
6 3 10 5
1 4 31 6
4 4 30 6
1 4 42 7
2 4 49 3
7 4 48 4
8 4 58 8
5 5 71 8
4 6 72 7
5 3 10 21
6 5 21 18
4 5 27 20
4 4 53 21
7 4 64 21
2 3 9 22
6 4 10 23
7 4 22 25
3 4 19 25
1 5 43 24
2 4 24 21
2 5 42 21
2 4 35 23
8 4 35 25
4 4 57 26
3 4 60 19
7 4 60 16
5 4 64 27
2 4 68 28
1 4 80 30
2 3 10 25
1 5 36 24
7 4 52 24
5 4 52 27
1 5 74 27
3 4 74 27
4 3 10 26
8 3 10 33
8 5 14 31
6 4 34 34
1 4 53 33
5 5 66 32
4 3 11 4
6 4 53 3
8 4 56 5
7 3 11 5
6 3 11 4
8 4 47 5
8 3 11 10
3 3 11 12
4 4 59 10
5 3 11 19
8 5 61 18
6 5 62 20
7 3 11 46
7 4 44 46
5 4 52 48
5 4 62 46
4 3 10 46
2 4 54 46
6 4 53 46
5 3 12 4
8 5 39 4
4 4 51 3
4 4 54 7
7 4 58 3
7 3 12 10
8 4 25 10
6 4 28 10
8 3 12 23
4 4 60 22
2 4 60 20
8 4 58 21
5 3 11 23
7 3 12 77
2 4 59 78
8 3 11 77
5 4 20 75
3 4 48 75
4 5 52 74
1 4 60 77
5 4 60 79
7 4 81 73
6 3 12 89
7 4 35 90
8 4 61 91
4 4 64 91
3 3 13 9
2 3 13 22
7 4 25 20
1 4 26 19
5 4 37 24
4 4 39 25
3 4 42 22
3 5 56 18
2 5 55 19
4 3 11 23
2 3 13 88
2 4 35 89
8 3 12 88
1 4 28 87
5 4 29 86
7 5 57 88
8 4 65 87
8 3 14 23
6 3 14 23
3 4 21 25
2 4 38 27
4 3 14 31
7 3 14 60
5 3 15 62
3 4 16 61
7 4 49 59
3 4 50 59
7 4 60 59
8 4 76 61
2 3 15 83
4 3 14 83
7 4 21 84
3 4 33 82
2 4 47 80
8 4 55 80
6 4 67 84
1 3 16 11
5 4 26 11
2 3 16 12
2 5 61 13
4 3 16 36
2 3 15 35
2 4 28 34
8 4 48 36
2 3 16 44
1 3 16 85
3 3 17 37
4 4 49 36
5 3 17 44
2 4 59 44
4 3 17 57
3 4 38 55
6 4 38 58
5 3 17 89
6 4 36 88
8 4 56 91
6 4 87 91
4 3 17 88
3 4 68 87
3 3 18 19
7 4 57 19
2 3 18 72
5 4 45 70
7 5 75 71
3 3 18 79
1 3 19 19
6 3 19 20
7 4 59 20
5 3 19 19
3 4 44 16
7 3 19 20
6 3 19 22
7 3 19 43
4 3 19 43
5 3 19 48
3 3 19 72
6 3 20 8
4 4 19 8
7 4 33 6
5 3 20 12
7 4 46 10
8 3 20 17
1 3 20 35
2 4 54 36
7 4 55 37
6 3 19 34
5 4 22 35
8 4 21 34
4 4 38 34
5 4 37 34
6 3 20 60
4 3 20 70
7 4 20 72
3 4 72 72
6 4 71 73
2 4 79 74
3 3 20 78
7 3 21 12
8 4 47 12
1 4 56 13
5 4 58 14
4 4 60 12
8 4 59 11
8 3 21 21
4 3 21 20
5 3 21 19
8 3 21 93
4 3 21 99
5 4 22 98
3 4 57 97
5 4 67 96
2 5 68 95
7 3 22 3
7 4 50 1
2 3 22 4
2 4 46 3
7 3 22 37
7 3 23 53
4 3 23 67
4 3 23 93
3 3 25 31
1 5 70 31
4 4 69 32
5 5 74 30
7 3 25 30
4 4 39 29
8 4 42 29
4 3 25 47
4 3 25 58
5 4 30 58
6 3 24 59
3 3 26 38
8 3 26 37
2 3 26 38
5 3 26 53
6 4 31 51
2 4 55 52
2 3 26 74
3 4 63 76
5 4 72 74
6 3 25 75
1 3 26 95
1 3 27 5
2 4 28 6
3 4 30 4
5 4 30 5
3 4 35 7
1 4 47 7
6 3 27 30
4 3 27 28
7 3 27 31
4 4 27 31
6 4 31 29
5 4 33 33
4 4 40 27
8 4 67 28
2 3 27 45
1 4 29 44
7 4 48 43
3 3 27 63
8 3 27 64
4 3 26 63
2 4 42 62
2 4 60 62
6 3 26 62
1 6 59 61
7 4 26 62
3 4 24 62
3 3 27 76
2 4 54 74
1 4 57 73
3 4 55 75
4 3 27 79
3 5 57 80
3 4 51 79
4 4 61 77
6 4 72 79
5 3 27 97
2 6 73 96
1 4 66 95
7 4 64 97
8 3 28 37
1 4 29 39
2 5 41 37
8 3 28 89
2 4 59 87
7 4 74 86
6 3 27 90
3 4 37 89
1 4 56 88
4 4 56 89
4 5 57 89
1 5 62 89
4 3 29 23
7 4 32 22
6 3 29 59
2 3 29 70
7 4 36 68
2 5 44 68
6 5 66 68
3 3 30 20
4 4 45 19
6 3 30 40
8 4 43 39
5 4 43 36
1 3 30 71
1 4 70 69
2 4 73 71
8 3 31 9
1 3 31 50
5 3 29 51
1 6 51 50
7 3 31 83
8 3 31 97
4 4 30 98
4 4 36 96
6 4 36 95
2 3 31 96
6 5 32 96
2 3 32 47
5 3 32 73
4 4 53 73
6 4 57 72
5 5 69 70
7 5 68 69
8 3 33 95
3 4 61 94
2 3 33 94
3 4 33 93
6 3 34 27
3 3 34 30
5 4 58 30
6 3 35 8
2 4 50 9
2 3 34 7
2 4 66 6
2 3 35 31
8 5 53 31
6 5 56 31
6 3 35 37
8 4 44 36
3 3 35 47
1 3 33 49
8 3 35 51
5 4 38 53
7 4 72 50
7 3 36 26
1 3 36 37
8 3 34 37
5 4 43 38
1 4 49 40
5 4 48 42
2 3 34 38
7 3 33 39
1 3 33 38
6 4 45 39
6 3 36 58
4 3 37 55
5 3 37 57
4 4 50 58
2 3 37 71
7 3 37 72
8 4 43 69
5 4 53 74
1 3 37 88
8 3 37 92
5 4 37 93
2 4 67 91
7 3 38 23
6 4 38 22
1 4 55 22
4 3 38 98
1 3 39 68
4 4 39 68
5 4 63 68
6 3 40 14
3 4 67 15
3 3 40 26
2 3 40 36
5 4 53 34
1 3 40 91
8 4 44 89
7 4 56 91
3 4 66 89
4 3 41 41
3 4 42 39
7 3 41 41
5 3 41 45
2 4 43 45
1 5 54 43
4 4 54 43
4 3 43 42
5 3 42 42
8 4 43 42
1 4 58 43
7 3 43 46
1 3 42 45
5 3 43 65
3 3 43 69
1 3 44 39
1 3 44 43
3 3 44 57
8 3 44 65
7 3 44 72
8 3 44 81
3 4 68 79
8 4 69 79
7 4 69 81
6 3 44 81
2 4 52 82
7 3 44 80
1 5 48 81
8 3 45 51
4 3 45 66
5 3 43 67
7 3 45 71
2 3 45 81
5 4 62 78
4 3 47 32
7 3 47 45
1 3 47 58
3 3 48 39
5 3 48 74
8 3 48 86
3 4 55 86
4 3 48 93
6 3 49 6
2 3 49 17
4 3 49 20
7 3 49 39
5 3 48 39
8 3 47 39
6 3 49 43
2 3 49 53
7 3 49 51
6 3 48 52
2 3 49 71
2 3 50 42
3 3 52 21
2 3 52 50
1 3 52 52
8 3 53 78
8 3 54 61
3 4 56 59
3 3 52 62
3 4 60 62
8 3 54 99
6 3 55 2
2 3 55 83
7 3 55 84
3 3 56 28
5 3 56 92
6 3 57 63
7 3 58 33
1 3 58 90
4 3 58 91
3 3 58 97
7 3 57 97
5 5 58 96
4 3 59 27
7 3 59 28
8 3 59 30
1 3 59 70
4 3 59 86
3 4 60 86
2 3 60 74
7 3 60 97
3 3 61 59
6 3 61 89
5 3 61 89
8 4 59 89
6 3 59 88
8 3 62 31
6 3 62 31
5 3 62 98
6 3 64 73
4 3 64 90
2 3 65 83
3 3 67 64
1 3 68 90
3 3 68 92
8 3 69 76
3 3 69 85
7 3 72 50
4 4 72 49
8 3 75 93
8 2 1 3
6 3 6 3
6 4 40 2
5 4 47 3
4 3 5 4
4 4 11 2
3 4 11 3
1 3 10 3
1 5 29 2
8 3 18 2
4 3 42 1
3 3 44 1
3 2 1 3
7 4 3 3
8 4 4 2
5 3 29 2
4 3 29 3
5 2 1 3
1 3 2 1
4 3 1 2
5 3 6 1
7 3 6 1
4 3 10 2
5 4 10 1
2 3 10 3
5 3 14 4
6 4 13 4
2 3 15 4
6 3 18 1
8 3 26 6
6 3 26 6
5 3 34 1
2 3 41 8
2 3 44 1
5 3 61 8
8 2 1 5
3 3 24 3
8 3 32 5
2 2 1 8
1 4 27 7
2 3 27 6
1 3 29 10
8 3 36 6
5 4 40 8
1 3 53 10
5 2 1 10
5 3 23 11
2 3 25 10
6 5 43 11
4 3 24 10
3 5 33 9
4 3 32 11
8 3 33 13
1 4 31 14
7 4 39 13
6 5 55 14
5 3 31 14
1 5 51 13
6 3 44 14
8 3 58 15
4 2 1 14
2 4 49 13
2 3 17 15
7 3 18 15
4 3 21 16
2 4 27 14
8 3 31 13
1 5 36 12
2 4 36 15
1 4 41 16
6 3 35 12
5 4 34 12
4 3 41 16
3 4 40 17
3 3 43 15
8 3 45 10
7 3 45 17
4 2 1 20
7 4 4 20
8 4 2 19
8 3 14 20
6 4 36 18
2 3 30 21
8 4 38 18
3 3 45 18
7 2 1 19
1 2 1 18
7 3 29 19
1 3 37 21
8 3 41 23
4 2 1 20
5 4 25 18
3 3 25 20
1 3 30 21
7 4 31 20
5 3 40 17
1 3 39 18
5 4 45 16
7 3 40 16
2 4 42 15
6 3 38 18
8 3 39 16
7 4 45 15
4 3 38 16
2 2 1 20
2 3 13 19
7 3 14 17
4 4 32 16
4 3 13 18
1 5 13 16
6 4 12 17
4 4 38 16
6 3 16 15
5 3 16 20
1 3 17 13
3 3 16 13
2 4 29 13
3 3 31 12
5 3 31 11
2 5 30 12
8 3 30 11
2 3 32 16
7 3 37 22
1 3 38 10
1 2 1 25
7 3 13 26
6 3 20 27
4 4 23 24
5 4 48 27
7 4 48 27
2 3 20 27
1 3 20 26
7 3 26 24
1 5 36 25
3 3 27 28
5 3 36 29
1 3 39 23
7 3 43 25
2 2 1 36
5 3 8 35
3 3 17 34
7 4 29 33
2 3 15 35
3 4 20 35
3 5 25 33
3 4 48 32
6 3 19 35
4 3 18 34
5 3 18 36
8 3 20 34
1 3 22 36
3 3 28 38
6 4 31 36
5 3 28 37
2 3 29 34
2 3 29 38
5 3 27 40
6 4 46 40
6 3 28 40
8 3 37 33
8 3 38 38
8 3 53 33
7 2 1 43
8 3 4 44
1 4 32 45
3 3 27 46
6 3 40 43
8 3 47 44
1 2 1 50
5 3 16 50
6 4 47 49
3 3 28 51
2 4 38 49
8 4 52 49
5 4 60 49
4 3 35 51
1 3 35 50
5 4 34 50
8 4 55 52
6 3 34 51
3 3 39 51
4 4 42 49
7 4 53 48
6 3 44 51
8 3 45 49
3 3 49 47
7 3 49 51
7 4 53 53
6 4 51 54
5 3 56 50
6 2 1 50
7 4 38 48
6 3 13 49
2 3 13 50
5 3 24 51
4 4 23 51
2 5 50 49
6 3 23 53
7 3 31 52
6 3 48 49
7 3 48 48
4 4 49 49
2 3 47 48
8 4 47 48
4 3 51 54
5 2 1 56
8 3 23 56
3 3 34 55
7 3 37 57
6 3 41 54
1 3 41 58
6 4 45 57
7 3 40 57
7 4 45 57
1 3 43 56
6 3 53 59
2 3 54 60
8 3 54 61
4 3 61 60
1 2 1 57
1 4 18 58
4 4 18 57
8 4 42 55
8 3 17 56
2 4 16 56
7 3 35 54
1 3 34 53
2 3 43 60
1 3 43 60
6 3 50 61
5 3 50 62
8 5 49 61
2 4 55 62
1 3 62 64
8 2 1 57
4 3 6 58
1 3 7 56
3 3 18 56
6 3 26 54
8 3 26 52
8 3 27 50
4 3 27 58
6 2 1 63
8 3 12 63
5 3 17 64
6 3 18 63
3 3 17 63
1 3 45 63
8 2 1 76
5 4 14 75
6 3 15 76
6 3 31 77
6 5 59 75
3 3 33 75
1 3 33 77
2 3 32 77
2 3 41 77
1 3 45 78
2 3 45 77
2 3 65 74
4 3 63 75
2 3 66 78
1 2 1 88
5 3 29 88
7 3 31 89
6 3 34 88
5 3 43 91
7 3 43 90
7 3 47 92
3 3 60 92
4 2 1 92
4 4 20 90
2 4 57 91
4 3 7 91
7 3 11 93
4 4 31 94
6 3 12 94
7 3 18 93
5 3 19 92
1 3 18 93
6 4 18 92
8 3 16 94
4 6 39 94
1 4 29 94
3 4 27 95
3 4 38 98
2 3 16 93
5 3 19 95
3 4 31 96
7 4 32 96
7 3 19 93
2 5 42 94
4 3 25 94
1 5 46 92
1 3 26 95
6 3 29 96
2 5 28 96
1 6 29 96
5 4 38 94
5 4 39 98
4 3 36 94
1 3 42 95
2 3 49 91
5 5 55 90
8 3 63 99
3 2 1 91
5 3 29 90
3 3 56 92
6 2 1 93
7 2 1 95
6 3 5 93
3 3 17 91
7 3 16 91
4 3 24 90
8 2 1 99
4 2 2 6
1 2 2 7
5 4 27 6
7 3 27 5
4 3 28 5
3 3 40 6
5 3 41 7
1 3 51 7
4 3 49 8
7 3 49 7
5 2 2 17
6 3 21 18
8 3 30 15
4 3 35 13
5 3 35 15
6 4 35 15
1 2 2 28
6 3 13 29
5 3 19 27
2 3 20 30
5 3 21 29
1 4 56 31
4 3 19 31
8 2 2 34
5 3 10 33
2 5 54 31
2 3 27 34
3 3 25 34
7 3 26 36
1 3 25 35
8 4 25 35
6 3 25 34
1 3 25 34
5 4 27 35
7 3 29 37
4 3 28 38
3 3 27 37
5 3 36 33
6 4 52 31
3 3 38 32
7 3 38 31
2 3 38 39
3 3 40 32
1 3 48 32
5 2 2 36
2 3 20 36
4 3 34 38
1 3 33 39
5 4 34 40
1 2 1 37
7 3 16 36
1 2 2 39
6 3 19 40
2 4 20 40
7 2 2 45
7 3 27 45
8 3 26 47
2 3 31 46
8 4 32 45
7 2 2 56
2 4 15 54
4 4 14 53
1 4 23 53
6 3 14 52
5 3 19 53
7 3 20 53
3 3 22 54
4 3 29 55
3 3 39 52
6 2 2 57
2 3 26 56
5 3 28 55
5 3 28 58
8 3 29 59
1 3 31 54
4 3 43 59
3 4 47 60
6 3 42 60
8 3 43 60
4 3 44 62
3 2 1 57
3 3 19 55
4 3 18 54
6 3 18 52
1 3 18 53
7 3 28 57
2 2 1 57
4 3 9 57
1 3 8 57
6 3 14 57
7 3 15 57
1 3 15 56
5 3 14 56
7 3 15 55
8 3 15 56
6 3 18 56
1 2 2 59
2 3 14 58
5 4 13 58
3 3 19 60
4 3 22 61
1 3 33 63
1 2 2 62
5 3 30 62
7 2 2 63
3 3 6 63
7 3 10 65
8 3 21 67
6 4 36 67
1 3 32 68
8 5 31 68
1 4 31 66
5 4 30 67
8 3 33 66
2 3 34 66
2 3 38 67
1 3 42 67
4 2 2 63
1 4 7 62
6 3 21 62
2 4 25 61
4 3 20 62
7 3 21 64
7 3 25 61
1 4 27 60
2 3 36 59
7 3 34 61
7 3 35 59
8 2 2 73
1 3 18 72
5 3 20 73
3 3 19 74
2 3 19 74
4 4 35 75
4 3 20 72
7 3 27 74
7 4 59 71
3 3 30 76
1 3 32 73
4 3 33 72
3 3 33 73
2 3 32 74
7 3 37 75
6 3 38 76
1 3 48 74
4 3 49 78
2 2 1 73
6 2 2 81
5 4 6 81
7 3 2 80
8 3 6 80
5 3 6 81
4 4 54 79
6 3 6 83
2 3 5 83
5 3 9 82
6 5 45 80
8 4 56 78
2 3 8 82
6 3 11 79
3 4 56 77
4 3 16 84
1 3 21 83
8 4 31 84
1 3 33 84
3 4 55 84
2 4 74 85
2 3 35 87
5 4 47 85
4 3 42 83
1 4 41 84
1 4 56 82
8 3 41 83
2 3 44 85
7 3 49 88
5 3 48 89
8 3 50 84
5 4 51 81
2 3 55 80
2 2 2 85
7 3 40 83
2 3 50 82
3 3 68 86
8 2 2 90
8 4 32 89
6 3 4 91
8 3 6 90
4 3 7 91
2 3 5 91
2 3 33 89
4 4 31 89
5 3 30 88
6 3 33 88
3 3 38 92
3 3 43 89
6 2 2 95
5 4 11 96
4 3 1 95
8 4 23 94
4 3 23 96
2 3 35 96
6 3 34 96
4 3 41 97
1 3 45 98
8 3 44 98
8 2 1 94
1 3 16 92
8 4 29 92
6 3 28 94
6 3 32 93
7 3 42 92
7 2 2 93
1 3 5 92
5 2 1 94
5 3 7 92
2 4 29 93
2 3 11 94
3 3 21 93
6 2 2 93
7 3 21 91
6 4 20 92
8 3 20 94
8 2 2 99
3 4 2 98
2 3 8 96
1 3 12 97
8 3 11 98
4 4 30 96
4 3 13 99
6 3 25 96
6 4 34 97
1 3 46 99
2 2 3 2
7 4 7 1
1 3 24 3
7 3 28 5
4 3 38 7
8 3 39 7
5 2 2 3
3 2 3 4
3 3 8 4
1 2 3 4
8 3 23 4
3 3 22 4
6 2 3 7
5 4 14 7
3 3 8 8
6 3 22 9
6 3 27 10
1 3 36 7
5 2 3 6
5 3 27 7
2 3 40 6
8 2 3 8
1 3 26 9
3 3 28 6
4 3 28 8
5 2 3 11
1 2 3 11
3 3 27 11
2 2 3 11
5 3 21 10
3 2 2 11
6 3 13 10
3 3 22 9
8 3 27 8
6 2 3 13
1 3 5 11
5 4 13 12
5 2 3 14
8 3 5 14
2 4 15 13
7 2 3 14
4 3 3 13
3 4 20 14
7 4 18 15
4 3 6 13
4 3 10 15
5 3 19 13
6 2 1 14
1 3 15 13
3 3 23 12
3 3 30 14
7 2 1 14
2 3 13 12
4 5 12 13
3 4 13 14
7 3 12 12
4 3 13 11
5 3 13 14
4 3 20 11
1 2 1 13
2 3 26 14
5 3 24 15
8 2 1 14
6 3 15 15
8 3 14 16
5 3 17 16
6 3 27 17
7 3 27 17
8 3 24 18
1 3 26 17
5 3 27 17
3 2 3 17
2 4 12 16
4 7 12 15
6 4 16 17
3 5 15 17
7 3 13 17
7 3 20 20
5 3 19 20
5 3 27 21
1 2 2 17
5 3 11 17
1 3 14 18
6 3 13 17
4 3 15 15
2 2 2 17
8 3 8 16
8 4 10 15
6 4 10 13
8 3 14 12
7 2 1 18
5 2 3 30
4 3 14 29
6 3 15 28
3 4 14 30
7 4 13 29
1 3 16 26
1 3 36 31
2 3 39 26
5 4 50 27
7 3 41 29
2 3 47 28
4 4 49 27
1 3 46 28
5 2 3 42
3 3 3 41
8 3 20 41
5 3 20 43
2 3 23 41
4 3 36 43
8 4 35 43
5 3 35 42
3 3 37 43
7 3 48 45
4 2 3 44
8 3 5 44
1 3 27 45
2 2 3 44
3 4 14 44
8 3 40 42
3 4 40 43
2 2 3 58
6 2 3 59
4 3 18 58
8 3 18 59
7 4 22 59
5 4 22 60
8 2 3 60
7 3 3 60
5 3 23 59
7 2 3 67
3 2 2 67
2 4 11 66
7 4 11 66
8 3 10 68
5 4 10 67
6 3 9 67
4 3 10 68
6 6 10 68
2 3 14 64
4 3 13 66
1 3 16 68
7 3 15 69
1 3 13 69
2 3 17 65
8 3 20 64
6 3 21 63
8 3 22 61
6 3 23 60
4 3 27 64
5 3 27 63
1 3 47 70
1 2 3 86
1 2 3 89
5 4 11 89
1 4 10 89
5 3 14 89
1 3 18 91
4 3 19 91
2 3 20 92
7 3 29 90
6 2 3 97
4 3 9 97
7 3 16 97
6 3 14 97
2 4 15 96
6 3 28 99
1 3 32 99
7 3 31 99
8 3 32 99
6 3 47 99
4 2 3 98
8 4 22 96
5 3 9 98
2 4 29 99
6 3 9 99
8 4 16 98
3 3 18 97
2 3 16 98
7 3 19 97
2 2 3 98
7 3 7 98
3 3 6 98
2 3 6 99
6 4 9 98
7 4 9 97
1 2 4 1
4 2 4 7
1 3 10 8
7 3 8 8
7 4 15 7
3 4 18 6
3 3 10 8
4 3 16 5
6 3 18 7
2 3 20 10
6 2 3 8
5 3 15 8
1 3 15 9
7 2 4 12
5 2 4 13
8 4 4 13
4 3 13 15
1 2 4 33
3 3 4 32
8 3 10 32
8 3 13 32
2 3 33 32
5 3 36 31
8 2 3 32
3 4 39 31
7 2 3 31
5 3 9 29
5 3 10 30
7 3 9 30
4 4 38 28
1 3 8 31
3 3 10 29
2 4 10 30
6 4 31 30
6 3 8 32
5 3 8 31
4 4 23 32
6 3 13 29
7 4 24 31
8 3 12 28
1 3 12 27
8 3 16 29
1 3 29 33
8 2 4 34
1 3 22 35
7 3 21 36
5 2 4 33
1 4 8 31
2 4 18 29
3 3 17 30
3 2 4 58
2 3 15 57
1 2 3 59
5 2 4 58
7 2 4 60
8 3 26 60
5 2 4 69
1 2 3 69
2 3 38 68
8 2 3 68
4 3 21 68
6 3 23 68
8 4 22 67
6 2 2 68
1 3 18 68
6 3 20 67
4 3 19 66
3 2 4 80
4 5 29 78
7 3 16 79
5 3 26 79
5 5 33 78
8 3 35 80
7 4 39 77
7 3 40 77
1 3 43 76
7 3 46 76
6 3 50 82
1 2 4 85
5 3 17 83
2 3 28 82
6 4 32 83
1 3 49 81
7 3 53 86
6 3 52 86
5 3 55 86
8 2 4 92
5 3 18 92
5 3 19 91
1 3 19 91
7 3 17 91
3 3 18 90
6 3 16 91
4 2 3 92
7 3 26 92
7 2 4 95
3 5 8 94
6 2 4 99
7 2 3 99
4 2 3 100
1 2 4 98
8 4 4 98
6 3 10 97
5 2 3 99
8 2 5 20
4 3 6 18
1 3 6 17
7 3 13 20
1 3 15 19
1 2 5 25
6 3 9 25
8 3 9 23
5 3 9 26
6 3 26 24
1 3 34 27
8 3 34 28
5 2 5 24
1 2 5 28
7 3 6 26
2 3 18 26
2 3 24 27
7 4 36 26
3 3 27 25
1 3 35 25
3 2 4 28
4 4 18 26
5 3 13 28
8 3 16 29
8 3 22 28
6 4 28 25
4 3 26 25
8 3 25 25
2 3 26 24
6 2 4 28
5 3 15 27
3 3 19 27
5 3 18 27
8 2 5 27
8 4 11 25
5 3 11 24
1 3 10 24
2 2 5 26
7 4 17 26
3 2 5 35
6 3 5 35
2 3 4 35
4 3 12 34
2 3 14 36
8 2 2 36
6 3 5 35
8 3 4 36
4 4 15 35
7 2 3 36
4 4 2 37
3 3 11 37
3 2 2 36
6 2 4 38
3 2 5 42
7 4 21 41
3 3 12 40
8 3 12 42
4 3 16 42
2 3 30 42
7 2 5 42
1 3 15 41
4 3 18 42
3 2 5 46
1 3 7 46
3 3 18 46
1 3 18 48
5 3 22 46
6 5 23 45
4 4 21 45
7 2 4 46
6 4 11 45
7 4 19 47
6 3 8 46
3 3 18 49
5 3 26 45
2 3 31 48
2 2 5 48
1 4 9 46
3 4 30 47
6 3 15 47
8 4 20 46
1 3 15 47
4 5 19 46
6 3 17 45
3 4 29 44
3 3 17 46
5 5 21 47
4 3 25 45
6 3 28 49
1 3 33 44
6 2 5 66
6 3 11 67
1 3 18 64
6 3 17 63
3 3 17 62
1 3 20 63
7 3 20 64
4 3 21 60
3 3 20 62
8 2 5 66
3 4 9 64
5 3 8 65
8 3 15 67
7 3 13 67
3 3 16 66
7 2 5 65
3 3 23 63
5 2 4 65
6 2 5 77
8 3 13 77
8 4 41 75
3 3 24 77
7 4 27 77
2 3 23 77
5 4 23 75
8 3 23 78
4 3 41 76
2 3 40 76
4 3 45 78
5 3 45 79
4 2 5 76
5 3 29 75
7 3 29 75
8 3 30 74
4 4 42 73
1 3 32 74
8 2 5 76
7 3 10 75
4 4 16 75
8 3 25 76
6 3 26 78
8 3 37 74
2 4 40 73
3 3 35 75
1 4 37 76
7 3 44 72
5 2 5 78
7 3 23 78
8 3 43 79
1 3 43 80
8 2 4 78
1 3 15 77
8 3 24 79
1 3 24 80
3 3 30 78
7 2 5 90
1 2 6 2
2 2 6 11
5 3 9 11
4 3 9 9
4 2 6 10
7 3 10 9
6 2 6 16
7 2 5 17
6 2 6 17
1 2 6 20
7 2 6 20
6 3 6 19
8 4 16 21
6 3 7 19
7 2 6 42
2 3 22 41
8 3 25 39
6 3 24 38
4 2 6 60
1 4 25 59
1 3 22 61
5 3 22 62
1 2 5 60
6 2 5 61
3 3 6 61
4 2 6 65
1 2 6 66
7 2 6 67
2 2 5 67
3 3 9 66
7 3 32 64
1 2 5 67
6 3 8 65
1 4 14 64
8 3 14 62
8 3 30 64
7 2 5 67
8 3 6 66
5 2 5 68
4 2 5 68
4 2 6 71
5 3 11 71
8 3 12 70
5 3 18 68
1 3 28 72
6 3 32 71
3 3 37 73
8 4 42 72
7 3 41 72
4 2 6 87
1 3 60 85
2 2 6 91
1 2 7 13
7 2 7 13
8 2 6 14
7 2 6 14
4 2 6 13
5 2 6 12
6 2 5 12
5 2 7 16
3 2 7 22
5 3 7 21
6 3 10 22
3 3 22 22
7 2 6 22
3 2 5 22
2 2 6 21
2 3 9 20
3 3 9 19
2 3 15 22
1 3 14 22
1 3 21 22
5 3 20 21
6 2 6 23
8 3 15 23
6 3 14 25
3 3 14 24
2 2 7 26
4 4 22 26
4 3 7 27
7 3 10 25
3 3 9 26
7 3 13 29
7 3 22 29
5 2 7 26
2 3 12 26
4 3 12 26
6 2 7 32
5 4 17 30
3 3 11 31
7 3 10 33
1 2 7 37
3 2 7 45
2 3 12 44
8 4 30 42
8 3 17 46
7 2 6 45
3 3 25 43
4 2 5 45
7 4 23 44
7 3 15 43
2 4 21 44
1 3 16 44
5 2 7 44
6 3 19 42
1 3 20 40
3 3 20 39
3 2 7 51
3 3 33 49
8 2 7 60
2 3 24 59
1 2 6 60
1 3 15 59
5 3 17 59
4 2 7 59
3 3 17 59
4 2 7 63
7 2 7 63
2 2 7 64
2 2 7 66
1 3 18 65
4 2 6 66
7 2 7 69
3 2 6 69
5 2 7 79
1 3 7 79
1 3 30 80
7 2 6 79
4 4 35 78
3 2 7 79
5 4 35 80
4 4 35 80
2 3 34 81
7 4 34 80
2 3 33 81
3 3 33 81
3 3 35 82
8 2 7 87
3 3 7 86
7 4 12 86
2 3 7 86
2 3 13 88
4 3 19 87
6 3 18 88
3 3 16 88
6 2 6 86
2 4 24 84
2 4 30 86
4 3 36 83
7 2 5 86
1 3 11 85
6 3 12 85
5 4 35 84
3 3 12 85
7 3 16 86
3 4 19 86
5 3 23 85
1 3 28 84
8 3 30 88
4 3 41 84
1 3 40 84
3 2 7 86
6 3 7 85
8 4 23 84
8 4 40 82
1 3 7 84
8 3 7 83
7 4 36 82
8 3 10 83
3 3 19 86
4 4 19 85
8 3 19 87
7 5 18 87
7 3 24 86
1 3 29 85
8 2 5 86
4 3 20 85
6 3 23 85
3 3 24 86
4 3 30 83
6 2 7 94
4 3 7 93
7 3 9 93
8 2 7 92
5 3 16 92
1 3 18 91
3 2 6 93
6 3 6 92
1 2 5 93
4 2 7 96
8 3 7 95
6 2 7 97
1 2 8 6
5 2 8 8
8 2 7 8
6 3 15 7
2 2 8 9
3 2 7 9
4 2 8 41
6 2 8 42
3 2 8 41
1 2 8 51
5 3 27 51
8 3 32 52
6 2 8 56
3 5 13 55
8 3 23 54
2 2 8 59
4 2 8 63
8 2 8 70
7 3 18 70
3 3 19 72
2 2 8 69
2 4 9 68
7 4 23 70
1 3 28 70
3 3 28 69
3 2 8 86
2 2 8 87
5 2 7 87
4 2 8 97
4 2 8 99
4 2 9 17
8 2 9 30
7 2 9 39
8 3 17 38
3 2 9 50
6 3 21 48
4 2 9 51
1 4 15 50
6 3 33 49
6 2 9 58
3 2 9 59
2 2 9 62
6 2 8 62
2 2 9 75
1 3 10 74
8 3 12 75
2 3 22 73
4 3 23 75
5 3 28 73
5 3 32 71
5 2 8 75
6 4 18 75
8 4 21 74
3 3 8 74
6 4 7 74
4 4 8 74
6 3 11 76
1 3 26 76
8 2 7 76
1 2 8 77
4 2 9 83
5 3 8 83
3 3 22 83
3 2 8 84
7 5 19 83
2 2 8 83
6 3 17 83
6 2 8 83
5 3 14 81
2 2 9 87
5 2 9 86
6 3 26 87
7 2 9 91
5 2 9 94
8 2 10 19
5 2 10 25
5 2 10 38
4 2 10 38
4 3 16 39
1 2 10 50
7 3 26 51
4 3 24 52
1 3 32 51
4 2 10 51
2 3 23 51
7 2 9 51
3 2 10 50
2 3 18 49
7 3 17 49
3 3 18 48
1 3 21 48
7 2 10 63
1 3 10 63
4 3 9 63
4 3 22 64
2 2 8 64
8 2 8 64
6 4 10 63
5 4 7 65
7 2 9 63
3 3 9 64
6 2 8 65
2 3 9 65
3 2 10 88
8 3 15 89
2 3 24 86
8 2 9 88
3 2 10 94
7 2 10 93
1 3 10 93
4 3 9 94
5 2 10 95
7 2 11 1
6 2 10 2
3 4 26 1
5 3 25 1
4 2 11 3
3 3 10 3
1 2 9 3
7 2 9 3
6 2 11 4
2 3 15 2
1 2 11 15
7 2 11 22
2 2 11 34
2 3 18 32
5 2 11 41
5 2 11 51
8 2 11 51
8 3 15 52
1 2 10 51
6 2 10 51
3 2 10 52
5 2 9 52
3 3 11 50
5 2 11 53
7 3 11 52
8 3 15 53
1 2 11 57
8 2 11 57
7 2 11 61
5 2 11 62
6 2 11 88
5 3 13 86
2 3 15 85
1 2 11 87
7 3 12 86
5 2 12 4
1 4 13 4
1 2 12 14
8 2 11 15
2 2 10 15
7 3 12 14
4 2 11 14
3 2 11 15
6 2 10 15
7 2 12 22
5 2 12 23
4 3 16 22
3 2 12 35
6 3 12 34
8 2 12 34
6 2 12 34
3 2 11 34
8 2 11 33
6 3 15 32
7 2 11 33
4 2 10 33
8 2 12 48
5 2 11 49
5 3 15 48
5 2 12 53
2 3 20 51
4 3 23 53
7 2 12 69
8 3 12 69
6 2 11 69
5 4 13 69
4 3 11 69
8 3 32 70
2 2 11 69
4 2 12 80
3 3 27 79
2 2 12 81
1 3 12 80
6 2 12 79
2 4 12 79
8 2 12 84
3 2 12 86
1 2 12 97
3 2 12 96
5 3 16 95
5 2 12 95
1 2 11 95
5 2 13 6
8 2 13 5
3 3 15 6
7 2 12 5
7 2 13 5
6 2 13 10
7 2 13 11
8 4 13 10
6 2 13 30
1 3 21 29
3 2 13 31
5 3 18 32
1 2 12 32
3 2 12 32
2 3 15 31
8 2 13 44
5 2 13 44
3 2 12 45
6 3 14 43
8 2 13 44
3 2 13 53
4 2 13 55
1 3 13 54
8 2 13 72
8 3 23 70
2 3 23 73
2 2 12 73
3 3 12 72
6 2 10 73
8 2 13 72
7 2 13 74
5 2 13 78
4 2 13 85
4 2 13 90
3 2 14 1
7 2 14 8
8 2 13 8
3 2 12 8
8 3 12 7
3 2 11 7
6 2 14 9
4 2 14 11
3 2 14 32
5 2 14 54
2 2 14 55
3 3 16 53
2 2 14 61
7 2 13 61
8 2 14 65
1 2 14 68
6 2 13 68
1 2 12 68
1 2 14 72
7 2 14 74
1 2 15 6
5 2 15 6
5 2 15 53
4 2 15 56
6 2 15 64
3 2 15 71
6 3 20 72
3 3 20 71
6 3 23 71
8 2 15 71
6 2 15 72
7 2 15 73
4 3 16 73
1 2 15 73
4 3 20 72
2 2 15 75
6 2 15 88
4 3 16 87
3 3 15 89
7 2 15 95
3 2 16 26
5 2 16 28
2 2 16 43
3 2 16 42
7 2 16 42
1 2 16 41
4 2 16 60
5 2 16 70
4 3 16 69
8 2 16 69
7 2 16 71
5 2 16 70
2 2 16 71
1 2 16 73
1 2 16 78
8 3 23 79
1 2 17 1
4 2 17 29
3 2 17 29
1 2 16 29
6 3 17 29
2 2 15 29
8 2 16 28
5 2 17 40
5 2 17 70
4 3 16 70
1 2 17 70
7 2 16 70
3 2 15 70
3 2 17 77
6 2 17 78
7 2 17 83
5 3 21 81
1 3 21 80
3 2 17 84
6 2 17 83
1 3 17 82
1 2 17 85
2 2 18 6
7 2 18 24
5 3 18 23
3 2 18 40
1 2 18 77
5 2 17 77
7 2 17 77
7 3 22 77
2 3 21 78
2 2 17 78
5 2 16 78
5 2 17 78
1 2 17 78
6 2 19 42
7 2 19 42
5 2 19 41
4 2 19 46
1 2 19 51
3 2 19 54
5 2 18 54
2 2 18 54
6 2 19 54
4 2 19 77
6 2 19 77
3 2 19 83
5 2 19 87
4 2 20 1
2 2 20 6
4 2 20 23
3 2 20 40
7 2 19 41
3 2 20 61
3 2 20 66
6 2 20 81
5 2 20 80
7 2 21 30
3 2 21 79
8 2 20 79
3 2 19 79
5 2 22 6
2 2 22 23
7 2 22 38
1 2 22 39
5 2 22 38
6 2 21 38
5 2 20 38
5 2 22 65
1 2 24 71
4 2 25 49
1 2 25 85
7 2 27 30
3 2 29 71
5 2 33 71
1 2 37 100
5 2 38 100
1 2 41 100
1 2 42 100
7 2 44 82
6 2 46 82
8 2 55 1
