68319
2316
5 160 20 9
5 149 22 10
2 27 17 8
5 12 14 187
4 12 16 10
4 10 7 5
4 12 17 15
4 9 3 100
3 9 16 15
6 9 18 53
6 9 25 116
6 9 34 102
1 9 44 70
3 10 46 137
4 8 6 29
3 11 35 29
2 8 12 97
3 8 16 180
2 10 16 179
1 8 19 1
1 8 20 133
5 8 22 68
2 9 37 68
5 8 22 171
2 8 23 71
3 8 26 23
6 8 27 197
3 8 28 117
1 8 37 100
3 8 41 138
2 7 3 103
3 7 7 149
2 8 40 151
2 7 13 61
1 7 15 6
4 7 18 190
4 7 21 163
5 7 24 77
4 7 32 39
4 7 32 86
5 7 38 154
6 7 39 89
3 7 46 63
1 10 46 63
6 9 50 81
2 6 2 179
1 6 3 141
6 6 5 7
2 6 6 167
6 8 23 177
2 7 37 169
5 6 8 79
3 6 8 198
5 6 11 82
6 6 12 182
2 8 14 182
6 6 14 43
2 6 14 91
4 6 15 6
4 6 20 70
6 8 22 70
4 6 23 123
3 7 27 123
6 7 25 125
5 7 23 124
6 7 34 123
6 6 24 186
2 6 27 72
4 6 32 21
2 6 33 23
1 7 36 196
2 6 36 61
6 6 37 51
6 6 37 93
6 6 39 31
2 6 39 64
5 6 40 81
4 6 43 26
1 6 44 51
2 6 44 132
1 6 44 159
6 7 42 159
2 7 45 161
4 6 45 38
2 5 1 4
6 6 30 1
4 7 28 1
4 7 39 1
6 5 1 55
2 5 1 54
3 6 20 57
2 5 2 134
1 10 1 133
2 6 15 135
3 6 36 132
6 8 37 130
4 5 2 168
3 9 27 164
3 5 1 167
3 5 3 78
4 5 3 123
3 6 15 124
6 6 13 124
2 6 19 121
6 8 23 119
5 5 3 188
3 6 32 77
4 6 41 188
3 5 2 190
4 5 4 56
4 6 36 57
6 5 5 188
2 5 6 193
1 5 6 193
2 6 43 74
2 5 7 131
6 5 8 193
3 6 17 194
5 6 35 195
5 5 9 34
4 6 17 32
2 6 34 31
3 5 9 80
4 6 26 81
6 5 9 116
1 5 9 123
1 6 14 123
5 5 9 133
2 7 10 133
5 6 37 134
4 5 8 133
6 6 30 134
2 5 10 156
3 8 11 157
2 6 12 158
6 5 11 97
4 5 12 10
4 5 13 52
2 5 14 14
6 6 14 12
5 5 15 54
5 5 18 3
2 6 36 3
1 5 18 107
5 6 23 109
1 6 37 110
6 5 18 132
2 6 26 130
6 5 18 163
1 5 19 40
2 8 30 38
1 5 19 190
1 5 20 36
4 5 20 106
5 5 21 74
6 6 35 72
5 6 36 73
2 5 22 7
5 6 38 4
1 5 23 74
1 5 25 1
5 5 25 151
5 5 26 58
3 5 27 105
4 5 27 136
6 5 25 137
3 5 27 144
1 6 26 145
6 5 28 61
4 5 28 60
3 5 28 146
2 5 29 34
1 5 29 62
2 5 31 113
4 5 32 45
6 5 33 22
5 5 31 23
2 5 33 146
5 5 35 128
2 5 35 173
4 5 36 97
4 5 36 110
2 6 39 111
1 6 40 113
1 5 36 153
5 5 37 76
3 5 38 59
4 7 37 58
5 5 38 88
1 5 38 168
1 5 39 148
4 5 38 150
2 6 40 191
4 5 41 160
6 4 1 5
2 5 4 7
3 5 24 6
6 4 1 12
1 4 1 35
3 5 8 37
3 5 28 38
5 4 1 149
3 6 12 148
6 6 14 149
1 5 20 149
6 6 23 149
3 5 30 150
4 4 1 184
6 4 1 186
1 4 1 198
4 5 3 198
2 5 18 196
5 6 26 197
6 4 2 35
2 4 2 56
1 4 2 93
4 5 42 91
4 4 2 119
2 4 2 138
5 5 11 140
5 5 24 138
2 4 2 176
5 5 11 175
4 4 2 192
3 6 32 192
3 4 3 13
6 4 3 27
4 4 3 41
5 5 5 28
4 4 3 77
1 6 3 78
3 5 21 78
6 5 21 75
5 4 3 145
3 5 25 42
6 5 24 43
5 5 25 41
5 4 4 21
6 4 4 34
1 5 4 35
3 4 4 39
5 5 7 40
5 5 31 145
1 4 4 61
5 6 15 60
3 6 21 58
4 5 15 59
6 5 15 63
2 6 18 65
4 5 20 65
2 5 28 60
5 4 4 95
5 5 38 43
1 4 4 101
5 5 5 99
2 7 3 100
3 5 38 100
4 4 4 132
2 5 22 133
6 4 4 171
2 7 16 169
1 5 9 167
6 7 32 166
3 5 8 169
2 5 16 167
3 5 16 167
1 5 27 165
4 4 2 171
1 7 9 169
4 5 15 172
3 6 18 172
3 5 27 173
5 5 27 172
1 6 29 171
1 4 4 186
3 5 23 183
5 5 25 181
5 4 4 192
4 6 6 193
3 7 25 191
2 5 14 194
4 4 5 4
6 4 5 6
5 5 29 7
3 4 5 42
6 5 4 43
3 7 15 44
5 5 13 46
5 7 40 46
4 5 9 46
5 4 5 69
5 4 5 94
1 5 25 95
1 4 5 98
1 6 13 99
2 4 5 135
4 4 1 136
3 4 5 154
1 5 31 153
6 4 5 158
5 4 6 4
1 6 5 3
6 5 6 3
3 5 23 3
1 4 6 10
5 4 6 73
5 5 27 71
4 5 32 72
3 5 32 75
1 6 32 73
2 5 33 75
6 4 6 79
3 5 9 78
1 4 6 111
2 4 6 123
1 4 7 72
3 6 14 72
1 5 20 70
5 4 7 77
1 4 7 98
5 5 8 98
5 5 19 100
2 4 7 151
6 5 19 153
6 4 8 141
6 4 9 63
1 4 9 81
3 6 11 80
1 5 21 80
6 5 24 82
5 4 9 85
2 7 24 85
2 6 27 86
4 4 10 33
4 4 10 60
4 5 25 61
6 5 26 60
6 5 33 63
5 4 10 178
3 5 11 176
4 4 10 180
5 8 12 181
1 5 14 179
4 8 37 177
5 5 16 180
3 5 15 180
6 4 11 112
3 9 18 111
6 7 18 114
6 5 33 110
5 5 31 111
6 4 11 182
5 4 12 184
1 4 12 185
6 4 14 49
4 5 14 49
1 5 21 51
2 4 14 108
5 5 12 108
3 4 14 118
3 4 14 124
2 4 14 166
4 5 24 165
3 8 26 166
2 6 23 166
3 4 15 8
5 4 15 42
1 4 15 47
6 4 15 50
5 5 25 49
5 5 32 48
2 4 15 115
3 5 33 113
2 4 15 132
1 5 25 134
1 5 29 131
3 8 30 129
1 4 15 151
2 4 16 5
5 4 16 47
5 4 16 123
3 5 18 121
4 4 16 121
1 5 22 120
5 4 16 127
3 8 26 127
3 4 16 162
5 6 23 161
6 5 21 163
3 5 23 161
6 6 28 159
2 4 17 98
2 4 17 158
1 5 33 157
4 5 31 158
2 4 18 88
6 4 18 87
3 4 18 188
5 5 18 188
5 6 34 190
2 4 19 7
3 4 19 65
2 4 19 185
3 5 33 187
4 4 19 196
6 4 17 196
3 4 20 120
2 4 22 81
4 5 31 83
4 4 22 120
6 4 22 143
2 6 22 142
4 8 21 143
1 5 20 141
5 4 21 144
5 4 23 34
1 5 22 34
2 6 26 32
6 4 23 64
3 4 23 72
3 4 23 74
1 4 22 74
2 7 22 75
4 4 21 75
1 6 20 75
4 4 23 95
2 6 23 93
6 5 22 93
3 7 24 94
6 4 23 111
3 4 23 143
6 4 23 163
1 4 24 21
3 4 24 28
6 4 22 28
2 4 24 29
6 4 24 53
1 5 23 51
4 4 24 52
3 4 24 52
2 4 21 52
4 4 24 169
4 5 26 168
3 4 24 185
3 4 25 62
4 4 24 64
5 4 25 61
1 4 25 69
4 4 25 107
1 6 25 107
3 5 25 108
4 5 35 109
1 4 25 121
6 4 26 96
4 4 26 138
1 4 26 146
3 6 27 145
2 4 24 146
2 4 26 144
5 4 26 181
5 4 28 36
4 4 28 120
4 4 28 130
5 4 28 180
1 4 30 24
4 4 29 25
3 4 30 42
1 4 30 82
3 4 30 110
6 4 29 112
2 4 29 113
5 4 31 85
3 4 31 84
6 4 31 87
2 4 30 89
2 4 32 156
6 4 33 1
5 4 33 57
2 4 34 30
5 4 34 49
3 5 32 51
2 4 34 89
1 4 35 30
4 4 33 31
3 4 35 108
2 4 34 108
3 4 35 153
2 4 35 154
5 4 35 196
4 4 36 23
6 4 36 24
1 5 36 23
5 4 40 117
2 4 39 119
5 3 1 18
6 3 1 22
5 4 8 23
3 4 14 22
2 4 27 24
3 3 1 86
6 3 1 88
3 6 15 89
1 4 30 93
2 4 29 92
4 6 28 91
2 4 30 94
2 3 1 140
6 4 13 139
6 4 26 141
1 4 29 139
3 4 37 142
3 3 1 158
3 4 16 159
1 4 16 160
6 4 24 159
5 3 1 198
5 5 12 197
2 4 12 199
2 3 2 14
4 3 2 28
2 4 2 27
5 4 19 28
3 4 25 30
6 4 34 32
1 3 2 53
1 5 10 54
2 4 25 51
1 3 2 68
4 4 33 68
5 5 31 68
3 4 32 67
5 4 34 67
6 3 2 69
3 4 21 69
4 5 21 69
3 3 2 78
4 4 6 77
2 4 5 78
6 4 16 75
6 3 2 85
4 4 18 86
4 5 20 87
3 5 20 86
1 4 23 83
3 4 40 90
4 3 2 113
6 4 12 111
3 3 2 115
1 5 11 114
4 6 17 112
3 4 36 116
2 3 2 158
2 5 19 156
4 4 27 160
4 4 38 154
4 3 2 184
2 4 31 183
2 3 2 187
2 4 31 187
4 3 2 187
2 5 11 188
1 4 20 185
2 5 19 185
4 4 20 184
6 7 21 183
4 4 23 184
3 4 23 188
3 3 2 196
1 6 8 195
6 3 3 1
3 4 13 2
1 3 3 7
2 4 9 5
5 4 18 4
3 5 25 7
4 3 3 12
2 8 6 9
6 3 3 19
1 3 1 19
1 3 3 24
2 3 2 24
5 3 3 23
3 4 23 22
4 5 20 23
5 4 22 22
2 7 19 22
1 3 3 29
3 3 3 32
6 4 12 32
1 6 23 31
1 3 3 40
2 4 11 39
1 4 14 40
4 4 13 40
6 7 13 39
5 4 11 41
1 4 15 39
5 5 15 38
6 4 18 40
2 4 18 39
1 7 20 36
4 4 18 39
2 4 25 42
1 3 3 42
2 4 23 43
1 4 23 44
5 3 3 71
4 4 17 73
6 5 18 73
1 3 3 71
3 4 16 72
5 3 3 104
3 4 29 103
2 3 3 139
2 4 7 137
2 4 9 140
6 4 13 137
2 3 3 161
6 4 12 161
4 5 19 161
1 3 3 161
2 4 22 160
3 4 33 162
6 3 3 186
5 4 16 185
3 4 16 183
5 3 3 190
4 3 4 1
5 6 12 1
3 4 5 1
1 4 5 1
6 5 11 2
2 3 4 1
5 3 4 15
2 3 4 37
4 5 15 36
2 4 13 38
3 5 16 38
1 4 17 38
6 7 17 36
4 3 4 38
2 3 4 43
4 4 12 44
6 4 17 45
3 4 25 47
4 3 4 56
4 3 4 82
4 4 11 82
1 6 12 80
4 4 18 82
5 5 20 83
1 6 17 85
6 4 16 85
2 3 4 89
6 4 18 88
4 4 27 88
4 3 4 89
6 6 31 90
6 4 17 91
3 4 22 87
1 4 20 87
5 3 4 89
3 4 3 90
1 6 3 88
5 6 15 88
5 4 6 90
6 4 10 92
2 4 13 91
5 4 16 91
3 6 16 91
2 6 15 91
3 4 28 93
3 3 4 101
4 4 10 100
5 5 31 101
4 3 4 102
6 5 3 102
2 4 21 100
3 4 26 101
1 3 4 108
4 3 4 115
5 4 3 114
6 4 4 116
3 4 3 117
6 4 7 117
3 4 8 112
2 3 2 117
1 4 7 117
3 4 5 119
6 4 17 119
3 3 4 131
4 4 30 128
1 3 4 155
4 4 19 153
3 4 17 155
6 5 30 154
5 7 32 152
4 4 17 153
3 6 24 151
3 4 22 155
4 5 22 153
6 4 20 153
2 6 19 152
5 6 18 153
5 4 20 155
2 4 25 152
3 4 25 150
6 3 4 164
4 5 6 164
2 3 4 197
5 4 7 197
3 4 9 199
4 4 11 196
6 4 16 199
5 3 5 14
1 3 4 14
2 3 5 51
4 3 5 54
1 3 5 58
1 3 5 85
4 4 11 83
2 5 18 81
3 4 22 85
4 3 4 84
2 4 8 83
6 4 6 84
4 3 5 84
3 3 4 84
6 3 5 102
5 3 5 125
6 4 5 124
5 4 14 122
1 4 21 125
5 3 5 151
4 4 7 151
1 3 5 154
1 4 18 155
3 3 5 160
5 3 5 172
4 4 30 171
3 3 6 21
1 3 6 47
6 4 10 47
3 5 13 46
2 4 13 48
6 6 29 45
1 4 27 48
5 3 6 64
4 5 11 65
6 4 16 64
5 4 17 66
3 3 6 87
5 4 6 86
1 5 13 88
3 3 6 97
6 4 6 96
5 4 16 94
2 4 24 96
3 3 6 101
5 3 6 109
1 5 14 107
3 4 19 109
6 4 26 109
6 3 6 110
3 3 6 109
1 4 7 109
4 5 13 107
2 4 12 108
3 4 12 107
5 5 20 109
6 3 6 120
3 3 6 122
3 4 22 120
5 3 5 121
6 4 6 121
3 4 26 122
2 3 6 123
4 4 7 121
1 4 6 120
6 6 22 119
4 4 14 123
5 4 20 121
2 4 24 119
5 4 22 119
1 4 23 118
4 4 23 116
3 4 21 119
4 3 5 120
4 4 10 119
1 4 9 121
5 4 11 120
2 3 4 120
2 4 8 120
6 4 7 118
2 5 17 116
5 3 3 119
3 5 2 120
5 3 6 130
1 3 5 130
5 5 22 128
1 3 6 198
4 4 14 199
4 3 6 199
3 3 7 7
6 3 7 54
5 4 29 55
4 3 7 53
1 4 7 52
6 3 6 52
2 4 6 53
3 4 4 52
5 7 3 51
6 4 10 53
3 6 8 52
1 6 12 52
5 6 11 54
4 4 21 51
2 4 22 57
1 5 23 60
3 4 23 59
2 3 5 53
1 5 5 53
3 4 3 55
6 3 3 54
5 5 3 54
4 5 3 53
6 4 7 52
2 4 16 56
6 3 1 56
3 3 7 70
2 3 7 75
1 4 15 74
3 4 14 75
2 4 13 74
4 4 14 76
3 4 14 77
6 3 7 77
1 3 7 78
5 3 7 100
2 3 7 101
5 3 7 104
4 3 7 134
3 4 11 135
3 4 23 137
3 3 7 140
2 5 22 140
5 3 7 193
3 4 6 193
2 3 5 193
3 3 7 195
1 4 11 195
5 4 10 195
4 6 8 194
1 3 7 194
1 3 8 1
1 3 8 25
2 3 8 109
6 4 8 108
6 3 8 122
2 6 13 122
5 4 11 122
1 3 8 130
5 4 8 129
5 4 27 130
6 6 27 128
6 3 8 144
5 6 19 145
1 6 21 142
4 3 8 149
5 5 12 148
1 5 9 150
5 3 8 158
6 4 17 156
6 3 7 158
1 5 5 159
6 3 6 159
3 4 6 160
3 4 13 158
5 5 15 158
5 3 6 158
4 7 6 157
3 4 14 160
2 3 5 159
4 3 8 177
3 6 34 176
2 7 35 177
2 3 9 18
3 3 8 18
5 3 9 31
3 7 9 30
1 5 8 32
6 6 16 30
5 4 11 28
2 5 16 27
5 4 14 32
1 4 15 30
5 5 16 31
6 6 15 32
4 5 16 29
5 4 25 26
5 3 8 32
3 3 7 32
5 3 6 32
2 3 7 33
5 3 7 33
3 3 5 34
6 4 5 33
5 3 4 34
4 3 3 33
5 3 9 60
2 4 10 61
2 4 15 62
5 5 14 61
4 4 16 63
5 5 16 62
6 3 9 78
6 3 9 97
1 4 18 97
4 4 28 95
1 3 9 105
3 4 7 106
6 4 5 106
2 4 25 105
1 3 9 161
5 4 10 161
5 4 24 162
2 3 8 160
6 3 9 172
2 4 25 172
6 4 25 172
1 3 9 178
4 4 17 178
4 6 19 179
3 4 19 179
2 3 9 188
3 3 9 196
6 3 10 4
3 3 10 41
3 3 10 45
4 4 16 45
1 4 20 43
4 3 10 51
6 3 10 51
3 3 10 50
6 3 10 65
5 3 10 64
3 4 14 62
2 4 13 63
2 3 10 65
4 3 10 74
5 3 9 74
5 5 12 73
5 5 16 71
2 3 9 73
3 4 10 74
4 6 10 73
5 3 10 104
5 4 20 105
3 3 10 105
5 4 12 105
6 4 14 106
1 4 22 103
3 4 21 103
4 3 10 108
2 3 10 152
4 5 11 150
3 5 9 151
5 3 9 152
2 4 7 152
1 4 8 151
6 3 10 162
6 4 22 162
2 3 10 172
1 3 10 172
6 3 10 174
4 4 26 175
1 3 10 179
2 5 16 179
1 4 17 179
6 7 16 180
2 4 20 182
3 4 19 183
6 4 22 177
6 4 24 178
3 3 10 178
5 3 10 193
6 3 9 193
2 3 9 193
4 3 10 196
3 3 10 197
6 3 9 197
5 5 12 196
4 3 8 197
1 4 12 197
2 3 6 198
5 3 11 2
4 3 11 4
6 4 19 2
1 3 11 43
3 3 11 58
6 4 11 57
1 3 11 96
5 4 21 95
1 5 22 94
5 4 24 95
1 3 11 135
6 4 11 134
5 3 11 134
2 5 19 134
2 3 11 162
5 3 11 162
1 3 12 9
4 3 12 22
1 3 11 21
5 3 11 22
2 3 9 22
6 3 10 23
2 3 12 29
3 5 11 29
1 3 10 29
1 4 15 29
2 3 11 29
6 4 10 29
4 3 9 29
4 3 12 80
1 3 12 144
2 4 10 145
1 5 10 146
5 4 25 147
3 3 9 147
5 3 12 162
4 3 13 8
6 3 13 36
4 4 15 35
2 3 12 35
4 5 27 35
3 3 13 35
2 3 13 38
1 3 13 61
1 3 13 65
4 4 13 66
3 3 12 68
3 3 13 70
4 3 12 71
1 3 13 116
3 3 13 138
4 4 22 139
5 4 21 140
4 4 25 140
6 3 13 155
2 3 11 155
3 3 13 178
2 3 13 186
2 3 14 3
3 4 18 3
4 4 18 4
6 3 14 5
1 3 14 34
5 3 14 56
4 3 14 56
3 3 14 59
2 4 14 58
1 4 22 56
4 3 13 60
3 3 14 57
6 3 14 167
6 4 21 168
5 5 24 167
1 3 14 179
6 3 14 195
6 3 15 49
2 4 18 47
6 3 15 97
4 3 14 97
5 3 15 175
3 5 23 174
4 3 15 176
2 5 14 177
2 4 18 175
2 4 25 174
6 3 14 177
2 3 15 188
5 4 23 188
5 3 14 188
6 3 13 188
1 3 16 3
4 3 16 43
5 5 15 42
5 3 16 81
6 3 15 82
3 3 16 100
3 3 16 143
4 3 16 148
5 3 16 165
2 4 21 163
4 4 20 164
5 4 21 165
1 3 16 177
2 3 15 178
6 3 17 21
5 3 17 25
1 3 16 25
1 3 17 126
3 3 16 127
3 4 19 126
2 3 17 127
4 3 17 133
1 3 17 150
6 3 17 187
5 3 18 41
6 3 18 127
2 5 33 126
4 3 18 128
5 3 18 132
2 4 24 130
1 4 25 128
4 4 28 127
4 3 18 184
6 3 19 26
1 3 17 27
2 3 18 25
3 4 24 26
2 4 24 27
5 4 25 25
5 3 19 27
5 3 19 79
2 3 18 79
4 3 19 81
4 3 19 105
5 4 20 106
1 3 19 182
5 3 18 183
2 3 20 21
1 3 20 44
4 3 20 49
2 4 24 47
3 6 23 47
4 3 20 57
4 3 20 76
1 3 20 131
4 3 20 141
2 4 20 141
3 3 20 140
6 3 19 141
1 4 17 141
1 3 20 168
2 3 18 168
5 3 20 185
1 4 20 184
4 3 21 45
1 4 24 44
3 3 20 44
2 3 21 94
1 3 21 192
3 3 22 56
6 3 22 92
3 3 22 94
3 3 22 193
6 3 21 192
4 3 21 192
5 3 21 191
3 3 23 1
3 3 23 95
5 3 23 139
6 3 23 138
2 4 22 138
1 3 23 190
2 3 24 103
4 3 24 130
6 3 26 104
2 3 26 137
5 3 26 164
4 3 26 164
2 3 26 165
6 3 25 165
1 3 28 170
5 3 28 171
4 3 29 143
2 3 28 143
2 3 30 68
2 3 30 80
5 3 30 147
4 2 1 1
2 3 16 2
3 2 1 4
5 4 1 3
5 4 8 4
3 3 6 5
1 4 6 5
2 4 6 4
5 3 6 3
4 3 8 6
2 3 7 5
1 4 14 7
1 3 13 1
5 4 13 1
3 3 11 2
6 4 12 1
4 3 11 1
2 4 10 1
3 3 15 7
4 5 15 6
6 3 13 8
5 3 18 8
3 2 1 6
4 3 2 6
3 3 3 5
5 3 1 6
2 3 10 7
2 2 1 9
6 4 7 8
1 4 6 7
5 3 3 8
5 5 5 8
6 4 9 6
6 3 10 10
4 2 1 8
4 2 1 18
2 3 6 17
2 2 1 17
6 2 1 19
2 3 1 19
4 3 3 19
1 3 5 21
2 3 4 21
2 3 5 22
6 5 6 20
3 3 3 21
6 3 4 21
4 3 2 21
1 4 1 21
6 3 3 19
5 3 1 20
3 4 2 18
4 4 1 20
3 3 3 22
4 4 1 23
1 2 1 19
3 2 1 25
4 3 4 26
3 3 5 23
6 3 13 28
2 3 23 24
6 2 1 25
2 3 17 25
6 2 1 28
5 3 12 26
3 3 15 25
1 3 15 25
5 3 14 26
6 4 13 26
3 3 13 26
6 3 15 25
5 2 1 29
5 3 11 29
2 2 1 28
3 3 4 27
5 5 3 27
2 4 3 26
1 2 1 28
3 2 1 31
3 4 7 31
3 4 19 34
4 3 3 30
1 3 3 32
1 3 7 29
4 3 7 29
2 3 7 28
1 3 18 35
2 3 17 35
5 3 20 36
6 2 1 33
2 2 1 34
3 2 1 40
4 3 2 38
4 4 5 39
6 3 2 39
2 3 1 40
5 3 6 37
3 3 13 40
1 3 11 40
4 3 17 41
3 2 1 53
2 2 1 53
1 3 2 53
3 4 2 52
3 3 3 53
2 3 2 52
5 3 4 53
6 3 17 55
6 2 1 54
2 3 2 54
5 3 7 55
4 3 6 55
1 2 1 54
5 4 1 53
4 3 2 54
1 3 2 55
4 2 1 52
6 2 1 53
3 2 1 55
6 2 1 55
1 2 1 54
1 2 1 57
5 3 12 58
6 3 14 57
1 2 1 64
3 3 3 64
2 3 17 64
5 2 1 64
5 2 1 68
2 3 5 68
1 3 7 67
5 5 7 67
3 4 6 69
6 4 9 68
5 3 8 70
1 3 7 69
6 3 8 71
2 3 10 70
1 3 11 65
2 3 11 69
3 3 10 69
4 3 9 70
5 3 14 63
3 2 1 68
2 3 1 68
6 3 11 66
1 2 1 74
1 3 8 72
6 3 16 74
1 2 1 76
6 3 13 77
1 3 12 78
4 3 12 77
2 3 11 77
5 3 10 77
4 2 1 75
2 2 1 75
2 3 6 74
6 3 10 73
1 2 1 76
2 2 1 77
3 3 4 77
5 4 5 78
1 4 8 77
3 5 12 78
4 3 4 78
6 4 9 78
1 3 3 78
2 5 6 77
5 2 1 81
1 4 1 81
2 2 1 97
6 3 4 96
4 3 4 95
5 4 13 96
3 3 8 96
2 3 7 95
3 3 10 93
3 3 12 95
1 3 15 96
4 2 1 107
2 3 4 106
6 5 3 106
3 3 2 106
3 3 4 105
3 3 5 107
1 3 10 104
6 3 10 104
6 3 14 104
1 3 14 103
2 3 13 104
1 3 20 103
2 2 1 106
1 3 2 107
2 3 2 105
5 3 2 105
4 3 3 108
2 4 4 108
6 3 1 108
5 3 5 109
5 3 6 109
6 3 5 109
3 3 9 104
2 3 9 104
5 3 9 110
4 3 10 110
6 3 10 109
1 3 8 109
1 3 11 104
1 3 19 111
2 3 26 112
5 2 1 106
6 5 8 104
6 2 1 105
1 2 1 107
1 3 3 107
4 4 3 106
2 3 3 108
3 3 3 109
3 3 10 109
1 3 10 110
2 3 8 110
5 3 8 110
5 3 9 110
4 2 1 106
2 3 1 105
6 3 9 103
5 2 1 107
3 2 1 106
5 2 1 112
4 3 4 111
6 4 15 110
2 3 5 112
3 3 4 112
3 4 5 111
5 3 5 112
4 4 6 113
4 4 9 113
2 3 5 111
1 4 8 113
4 3 5 109
1 3 4 109
6 3 5 111
4 3 9 113
2 3 8 112
1 2 1 111
6 3 1 110
1 4 1 111
4 3 1 112
3 3 1 113
5 3 3 111
3 3 3 110
2 2 1 109
2 2 1 121
6 3 1 120
1 3 5 119
6 4 10 117
1 4 9 117
3 3 5 118
6 3 8 121
1 2 1 122
2 4 1 122
5 3 12 121
3 3 25 123
1 2 1 126
2 3 2 126
6 4 12 127
1 3 15 126
4 2 1 126
3 4 9 125
5 4 7 126
1 4 7 125
6 3 1 125
4 4 13 124
3 3 1 126
1 3 1 126
3 5 6 126
4 3 4 127
6 3 5 127
1 3 5 126
5 3 4 127
3 3 3 127
6 3 8 124
2 4 13 123
2 3 18 123
5 2 1 130
4 2 1 129
3 3 6 130
3 2 1 129
4 3 12 130
1 3 12 131
6 3 12 130
6 2 1 128
5 3 2 128
4 3 1 127
5 3 3 129
6 3 2 130
1 4 9 129
2 2 1 127
6 3 4 126
1 2 1 132
6 3 7 132
2 2 1 139
6 3 3 138
4 3 11 140
4 3 13 140
6 5 13 139
3 3 12 141
2 4 25 142
2 3 11 143
6 3 10 143
6 5 22 142
3 3 14 144
5 4 14 143
1 3 12 144
4 6 10 144
5 4 10 143
6 4 11 146
2 3 8 144
4 4 11 145
3 3 10 148
1 2 1 140
3 2 1 139
4 4 15 138
3 3 2 137
1 4 7 135
5 3 6 137
3 3 7 136
2 3 6 136
2 3 9 140
4 3 10 135
3 3 9 136
4 2 1 140
2 2 1 141
5 5 5 140
6 3 2 141
3 4 8 139
1 3 7 142
3 2 1 141
1 3 4 141
4 2 1 146
3 3 8 145
2 2 1 149
5 3 10 149
3 2 1 148
2 3 10 147
4 2 1 148
5 3 2 147
6 3 6 146
3 2 1 148
1 2 1 153
3 3 4 153
6 3 8 154
4 3 7 154
2 2 1 152
4 3 15 151
3 3 13 153
6 2 1 153
4 3 1 154
5 2 1 152
6 3 20 151
2 2 1 161
1 3 1 160
3 4 1 160
6 3 1 161
4 3 6 162
5 5 8 162
4 4 8 162
1 4 8 161
5 4 7 160
2 3 5 162
6 3 7 165
2 4 7 164
4 5 6 165
4 3 8 162
2 3 9 161
1 3 9 163
5 3 12 166
4 3 12 165
3 3 18 165
1 2 1 160
6 4 7 159
4 4 7 158
3 5 7 159
1 5 7 160
4 3 9 157
1 4 9 157
2 3 9 159
1 2 1 167
3 5 3 166
4 3 3 168
4 4 6 169
2 3 5 166
1 4 17 168
5 3 5 167
4 4 11 166
6 4 15 168
3 3 4 168
2 4 3 170
6 3 2 170
5 3 6 170
5 4 12 169
2 3 8 171
6 3 10 169
4 3 10 170
2 3 9 169
3 3 11 168
1 3 10 169
4 2 1 175
6 4 6 175
6 2 1 177
4 5 11 175
2 3 13 178
4 4 17 179
4 3 13 178
3 3 12 178
1 3 11 178
3 2 1 180
1 4 14 179
1 3 19 181
1 2 1 185
4 4 11 185
2 4 10 186
3 3 8 185
4 4 10 186
1 3 7 185
5 3 8 187
6 3 14 185
6 3 18 187
6 2 1 189
6 4 4 188
4 3 4 188
2 2 1 188
2 3 15 189
6 2 1 188
3 3 1 187
4 4 2 187
5 3 3 187
1 3 18 186
3 3 20 186
1 2 1 190
2 3 6 189
1 4 9 190
3 3 5 189
6 3 7 192
2 3 7 191
2 2 1 192
6 2 1 192
6 3 2 190
5 2 1 191
3 2 1 191
1 2 1 193
4 2 1 192
5 3 3 191
6 2 2 12
1 4 2 11
6 3 4 14
1 3 7 11
3 3 6 10
6 2 2 10
2 3 4 9
4 3 4 9
1 3 4 7
6 3 3 7
3 3 4 6
2 2 2 9
3 2 2 8
1 2 1 8
4 4 3 7
6 2 1 7
1 2 2 9
6 3 3 10
3 4 2 11
5 2 1 10
5 2 2 12
2 2 1 12
2 3 4 10
3 2 1 12
2 2 2 15
6 4 3 14
6 3 5 14
1 2 2 16
4 2 2 17
4 2 2 20
3 2 2 27
6 3 5 26
3 2 2 30
5 2 2 49
1 3 9 47
5 3 9 46
4 3 7 46
2 3 12 48
2 3 19 45
6 3 19 44
1 3 18 44
2 2 2 54
6 2 2 55
6 3 5 55
5 3 4 57
3 2 2 56
1 3 4 54
6 5 8 52
1 3 8 53
5 3 8 52
4 2 2 57
4 2 2 74
1 2 2 74
6 3 3 75
4 3 4 75
4 3 11 77
5 2 2 76
2 2 2 86
6 3 6 86
3 3 12 87
4 3 14 85
1 3 14 88
5 3 17 88
2 4 16 88
5 3 15 88
4 3 14 87
2 2 2 94
5 3 12 94
1 2 2 95
3 3 12 94
6 3 12 93
5 2 2 94
1 2 2 97
4 3 6 97
5 2 1 97
4 5 4 96
6 4 4 97
5 3 5 96
5 3 9 97
6 3 13 98
5 3 16 99
3 2 2 111
1 3 1 111
4 2 2 114
5 2 1 115
1 2 2 119
2 4 8 117
5 3 4 118
5 3 16 120
5 2 2 119
1 3 16 120
2 2 2 120
3 3 3 119
1 3 3 119
6 2 2 121
4 3 8 119
3 2 1 121
3 3 9 121
6 2 2 134
4 2 2 136
4 3 4 137
2 2 1 137
5 3 2 135
1 2 1 136
6 3 6 134
1 4 6 134
1 2 2 137
5 2 2 136
3 2 2 137
6 2 2 139
3 2 2 141
4 2 1 141
6 2 1 141
4 4 5 141
5 3 1 140
6 3 6 140
5 3 6 140
2 2 1 141
3 3 5 140
6 3 4 141
1 3 4 142
3 2 1 141
1 2 1 142
4 2 2 154
5 2 2 156
6 3 8 156
4 3 8 157
1 3 12 156
4 2 1 156
2 2 1 155
1 3 3 155
6 2 2 159
5 3 6 158
4 2 2 161
1 2 2 160
3 2 2 159
5 2 2 162
3 4 5 161
5 3 5 162
6 3 4 162
1 3 11 163
5 3 10 163
1 2 1 162
2 3 1 161
1 3 6 163
3 2 1 163
5 3 3 163
4 3 10 165
1 2 1 162
6 2 2 162
2 2 1 162
1 2 2 164
5 3 9 164
2 3 8 166
5 2 2 169
3 4 5 168
3 5 12 169
2 3 9 169
3 2 2 168
2 4 2 167
1 5 2 169
4 3 2 168
5 3 1 168
4 3 2 168
6 3 2 171
1 4 1 173
1 4 9 169
6 3 5 175
5 3 10 174
3 3 10 175
2 4 9 175
5 3 12 170
2 2 1 168
5 2 2 166
6 2 2 169
4 4 6 169
6 3 3 169
3 4 3 168
1 3 2 169
5 3 2 169
2 5 2 168
3 2 1 169
6 2 2 180
3 3 7 181
6 3 7 180
4 5 8 180
5 4 5 182
1 3 7 179
6 3 7 179
1 3 7 182
6 3 6 183
3 5 6 182
2 4 9 180
4 4 10 178
3 2 2 181
1 2 2 180
2 2 2 191
5 3 1 191
6 3 7 191
1 2 1 190
6 2 2 192
4 2 3 2
4 4 4 2
5 3 3 1
1 2 3 1
5 2 3 5
2 2 3 13
4 3 2 13
5 3 4 14
4 2 2 15
1 3 2 14
3 3 1 14
2 2 1 14
6 2 3 21
1 3 2 22
2 3 17 22
5 2 3 20
6 2 3 21
4 3 13 22
2 4 12 23
5 3 12 21
2 2 3 28
4 2 3 33
3 3 16 33
6 3 16 32
3 2 3 38
2 2 2 39
1 2 2 38
5 3 13 39
2 4 11 41
1 3 10 41
6 5 10 41
6 3 15 42
5 3 14 43
3 3 13 43
4 4 13 43
6 3 13 42
2 3 12 42
5 2 3 40
6 3 2 40
4 4 4 40
3 2 3 42
1 2 3 41
2 3 4 42
6 3 11 43
5 3 10 43
4 2 3 53
5 3 8 54
3 2 3 58
6 2 3 58
1 3 8 58
4 3 9 59
3 4 9 59
4 4 13 58
2 3 11 58
5 2 3 60
4 4 4 59
2 3 3 59
1 4 4 59
1 3 8 59
3 3 7 58
5 3 6 59
6 2 2 59
3 2 2 61
2 2 3 62
3 4 4 61
4 3 3 64
4 4 8 64
6 3 20 62
1 2 3 63
3 3 8 61
2 5 7 62
2 2 3 64
3 3 18 63
5 2 2 64
1 3 4 63
6 4 3 63
3 4 3 63
5 3 3 64
1 3 10 62
2 2 3 79
1 2 2 79
1 3 5 77
5 3 5 78
6 3 11 79
6 2 3 81
2 2 3 82
5 3 11 81
3 3 18 81
3 2 3 83
6 4 5 84
3 4 11 83
3 3 7 83
2 3 9 83
6 3 7 83
1 2 2 83
4 3 2 83
4 2 3 83
6 2 3 82
3 2 3 89
6 3 10 87
1 3 13 86
6 2 3 90
4 4 10 91
3 3 5 88
2 3 4 88
4 4 7 87
5 3 3 89
5 6 5 87
6 6 6 88
4 4 15 90
6 3 4 90
3 3 9 86
2 3 10 91
3 3 10 90
1 3 9 90
5 3 9 92
6 3 8 92
4 3 8 92
1 4 8 92
5 3 8 94
4 2 3 89
3 2 3 89
1 2 3 89
2 3 2 90
5 4 6 90
3 3 3 90
4 3 2 90
6 2 2 89
5 2 3 93
3 2 2 93
3 3 4 92
6 3 3 93
5 2 2 92
1 2 3 97
2 4 7 95
6 2 2 97
2 3 1 97
4 2 1 97
1 2 3 100
1 3 16 99
3 2 3 99
2 3 3 98
1 3 9 98
3 4 10 100
5 3 11 99
4 3 19 100
1 3 18 100
2 2 3 118
5 2 3 123
3 4 2 123
4 3 5 125
2 2 2 123
4 2 3 125
2 2 2 126
5 2 2 126
1 3 2 125
2 3 1 126
4 2 3 129
1 3 12 129
3 3 17 129
4 4 16 128
1 3 17 129
6 3 18 128
5 3 17 129
2 3 17 128
1 3 18 130
4 3 20 130
1 2 3 129
5 4 13 128
1 3 5 130
3 2 3 136
5 2 3 136
2 2 3 137
1 2 2 137
6 2 2 136
4 2 2 135
2 2 3 135
5 2 3 135
3 2 3 134
5 2 3 145
5 2 3 156
2 4 2 156
6 2 3 157
4 3 2 157
5 2 3 159
4 2 3 161
2 2 3 164
6 2 2 164
1 2 2 164
1 2 3 163
3 2 2 163
6 4 3 162
1 2 2 163
3 2 3 174
3 2 3 180
2 2 3 180
4 2 2 180
6 2 2 180
4 2 3 184
6 2 3 183
3 2 3 183
2 2 3 184
1 3 5 182
3 3 4 184
1 2 2 184
6 3 2 184
2 2 2 185
4 2 2 184
5 2 2 186
6 3 1 186
1 2 1 185
2 2 1 184
5 2 1 186
6 2 3 187
4 2 3 188
3 2 2 189
6 2 1 189
3 2 1 189
4 3 4 189
2 2 1 189
1 2 4 2
2 2 4 25
1 3 3 25
4 4 2 25
3 3 4 26
1 2 2 24
5 3 1 25
6 4 2 24
1 2 2 25
6 2 2 26
2 2 4 31
4 3 13 31
1 2 3 31
6 4 3 30
5 2 3 29
3 3 3 28
2 2 3 29
4 2 2 29
3 2 3 29
5 2 4 33
5 2 4 47
3 2 3 48
2 3 7 47
2 2 4 47
1 3 5 46
3 3 4 46
5 4 5 46
1 3 4 45
3 3 9 44
3 2 3 45
6 2 2 45
1 2 3 44
1 4 9 42
4 2 4 47
3 2 4 53
5 3 4 53
2 3 3 53
4 2 3 54
3 2 3 54
3 4 6 52
1 2 3 53
2 3 2 54
3 3 3 52
4 2 1 53
1 2 2 52
6 2 2 54
6 2 4 67
4 2 3 67
2 3 3 67
3 2 2 67
1 2 1 67
6 2 3 67
1 2 4 69
6 2 4 68
3 2 4 69
5 2 4 70
1 2 4 83
3 3 5 84
2 2 3 83
6 2 4 82
4 3 3 83
5 2 3 82
5 2 4 84
1 3 3 85
6 2 4 92
2 2 4 100
5 3 9 98
2 3 8 99
4 6 7 98
5 2 3 101
6 2 4 117
5 2 4 129
5 3 15 128
3 2 4 141
2 2 4 147
5 3 13 146
4 3 18 146
1 2 4 147
2 2 4 151
3 2 3 151
1 2 4 169
1 2 4 172
2 3 4 171
3 3 7 171
4 2 4 174
5 3 9 174
6 3 8 174
1 3 7 173
5 2 4 173
6 2 4 182
3 2 3 182
4 2 5 4
6 2 5 6
2 2 5 23
2 2 5 33
3 2 5 32
4 2 4 33
3 3 12 33
1 2 5 35
4 2 4 35
3 2 4 36
3 2 5 41
5 2 5 43
6 2 5 60
5 2 5 74
5 2 5 83
6 2 5 93
5 2 5 120
2 2 5 119
6 4 6 118
5 3 6 119
1 3 5 120
3 2 5 124
5 2 5 129
4 3 4 129
6 2 5 150
2 2 5 149
3 2 5 156
1 2 5 164
5 2 5 170
2 3 10 169
3 2 5 169
2 2 5 172
5 2 5 177
4 2 4 177
1 3 4 176
6 4 4 175
3 2 4 176
3 2 6 1
1 2 6 37
3 2 6 45
1 3 10 44
2 2 6 44
2 2 6 51
6 2 6 57
1 2 6 65
5 4 7 65
6 2 6 75
2 2 5 75
4 2 6 86
2 2 6 100
3 2 5 100
5 2 5 100
1 2 6 115
3 2 6 114
5 2 6 117
1 2 6 125
2 2 5 125
4 2 6 127
3 2 6 126
6 2 6 156
1 2 6 171
4 3 6 170
6 2 5 170
4 2 6 174
5 2 6 176
2 2 6 175
3 2 6 189
2 2 7 43
1 2 7 47
2 2 7 47
6 2 7 62
5 2 6 63
1 2 7 82
6 2 7 104
4 2 7 118
1 2 7 129
5 3 6 130
2 3 6 129
2 4 9 127
4 2 6 129
3 3 7 130
6 2 6 128
6 2 7 132
2 2 7 145
4 2 7 145
6 4 7 144
4 2 6 144
1 3 6 143
3 2 4 144
2 2 4 144
5 2 4 145
3 2 7 148
1 2 7 154
4 2 7 179
3 3 6 179
2 2 7 181
2 2 8 18
1 2 7 19
2 3 13 18
3 2 8 18
6 2 7 18
6 2 8 18
1 2 8 18
4 2 7 19
6 2 8 32
2 2 8 32
5 3 8 33
4 2 8 42
5 2 8 44
3 2 8 44
4 2 7 44
3 2 8 44
2 2 8 75
6 2 7 75
4 2 7 75
2 2 8 89
2 2 8 93
4 2 8 93
3 2 8 119
3 2 8 126
5 2 7 126
4 2 8 152
6 2 8 153
4 2 8 169
1 2 9 31
5 2 8 31
3 2 8 32
2 2 9 32
6 3 8 33
1 3 15 33
4 2 9 46
3 2 9 51
2 2 8 51
1 2 9 93
6 3 8 93
3 2 9 97
6 2 9 119
1 2 9 121
6 2 9 128
4 2 9 180
2 3 8 181
3 2 10 98
5 2 10 110
4 2 10 115
3 2 10 119
6 2 10 146
2 2 9 147
4 2 10 164
6 2 11 21
4 2 11 21
1 2 11 22
1 2 11 34
3 2 11 38
5 2 11 106
6 2 12 33
2 2 11 33
5 2 11 33
3 2 10 33
4 2 10 33
6 2 9 33
2 2 12 80
5 2 12 99
5 2 12 147
5 2 12 189
5 2 13 23
6 2 17 147
4 2 19 64
5 2 24 189
