15910
2453
5 11 84 16
5 7 5 76
4 7 17 80
5 7 57 3
7 7 67 5
2 6 3 2
4 6 3 21
3 7 58 19
7 6 5 78
8 6 13 10
8 9 51 12
7 7 73 10
4 6 15 92
2 6 25 67
6 6 41 24
6 6 48 36
1 7 60 31
4 6 57 63
8 6 60 40
3 7 83 39
8 6 71 27
6 6 74 88
1 7 86 2
6 6 95 3
7 5 1 92
4 5 3 7
3 5 4 28
3 6 21 26
6 5 12 24
1 6 78 21
5 5 12 73
8 6 58 72
7 5 16 23
3 5 16 36
3 6 47 38
7 5 16 63
6 6 38 65
6 5 18 22
2 8 54 19
1 6 60 20
8 5 18 50
2 5 22 59
3 5 25 66
5 5 24 67
5 5 26 22
1 6 42 21
3 5 30 60
5 5 31 31
5 6 61 32
8 5 33 70
8 6 91 70
2 5 34 2
6 5 35 16
6 5 35 67
2 5 42 30
5 5 42 58
6 7 47 60
4 5 43 57
7 5 44 87
1 7 97 85
6 5 47 15
5 5 48 70
5 5 49 63
7 5 51 94
8 5 60 74
2 6 78 74
5 5 61 87
5 5 65 34
1 5 67 81
1 5 67 96
4 5 68 22
1 5 69 69
2 5 69 80
6 5 72 20
3 5 76 50
4 5 77 61
7 5 78 80
4 5 78 83
3 6 80 72
2 5 84 63
3 5 84 65
1 5 85 92
4 5 89 43
5 5 91 30
3 4 2 21
5 4 2 40
1 5 21 38
4 4 4 14
2 5 70 16
7 4 5 65
2 5 31 65
7 7 42 64
2 4 4 65
8 6 20 62
6 5 91 61
3 4 4 65
1 6 53 65
5 4 5 73
4 4 6 8
3 4 6 17
8 5 24 14
5 6 33 17
7 4 7 66
6 5 24 66
5 4 8 45
2 5 38 43
3 5 38 42
8 5 72 15
5 4 9 38
1 5 42 38
2 4 9 70
6 4 9 87
5 4 10 68
8 5 44 68
8 4 11 68
1 5 38 68
1 5 56 41
3 4 13 3
2 4 14 65
5 4 14 82
1 5 38 81
4 5 62 69
3 4 16 49
5 5 18 50
3 7 35 49
7 5 20 51
6 5 43 51
4 5 68 53
1 5 67 53
7 5 73 78
1 5 85 53
4 5 84 53
5 4 16 79
5 7 45 77
1 5 19 79
7 4 19 84
2 4 19 84
2 4 20 94
7 5 61 85
1 5 72 84
4 4 21 10
2 4 19 11
6 4 21 19
2 4 21 37
1 5 24 35
1 5 29 33
7 5 61 34
4 5 59 35
3 4 21 58
3 5 36 58
8 5 45 60
4 5 77 57
3 6 80 57
3 4 22 9
3 6 44 9
4 5 84 94
3 5 83 95
8 6 88 8
5 4 22 31
3 6 23 28
5 7 48 31
6 5 35 32
5 4 23 53
6 4 24 46
7 4 24 56
3 4 25 78
3 4 27 28
3 5 51 27
6 5 56 56
6 6 61 54
5 5 61 29
6 5 60 31
6 5 64 26
5 4 27 54
8 5 30 52
6 4 28 59
5 6 62 60
3 4 31 25
7 4 31 57
8 4 31 77
1 4 31 78
4 4 35 60
8 5 54 62
3 4 36 69
5 4 38 27
3 4 38 72
2 5 50 72
6 4 41 59
5 4 41 93
3 5 63 94
3 5 86 73
3 6 88 91
3 4 41 97
7 4 42 70
7 6 75 70
7 4 46 9
7 4 46 41
4 6 53 40
2 5 60 42
4 5 66 10
6 4 47 98
5 4 48 53
3 6 75 51
7 6 73 52
4 4 50 2
6 4 51 3
5 4 52 22
8 4 54 15
4 4 54 71
3 4 55 30
1 4 52 31
5 4 56 55
5 4 57 76
4 4 59 44
2 4 59 85
8 5 61 84
7 4 61 38
5 4 61 81
4 4 63 23
6 4 63 22
5 5 63 21
2 5 68 21
2 4 63 49
6 4 64 32
7 4 65 20
5 5 77 42
1 4 65 25
8 5 72 26
4 5 76 25
8 4 68 39
7 4 72 4
4 4 72 45
1 4 72 52
2 4 74 38
6 4 75 57
8 4 78 45
2 4 78 90
8 4 82 48
2 4 82 47
2 4 82 76
6 5 86 18
4 4 86 90
2 5 88 88
4 4 88 87
2 4 90 6
7 4 91 75
3 3 1 75
6 4 27 73
8 6 62 72
2 4 34 76
1 4 52 74
2 7 63 71
3 4 65 71
7 4 73 74
2 4 75 78
2 4 78 72
1 3 2 35
4 4 19 35
3 4 23 36
8 4 28 35
8 5 42 34
6 4 53 34
7 4 81 37
5 3 2 50
3 4 63 51
8 4 71 49
8 4 72 52
6 4 73 48
3 4 76 54
6 4 75 53
7 4 75 55
5 4 77 48
8 3 2 50
2 6 69 48
3 3 2 53
8 3 2 57
2 4 13 58
5 6 13 59
8 5 22 57
1 4 58 56
3 4 60 60
6 3 2 58
6 4 24 59
5 4 51 61
2 3 2 85
2 5 14 86
3 4 69 90
4 5 73 84
1 3 2 84
6 5 3 84
4 6 18 84
5 4 2 83
1 4 16 87
8 4 18 83
6 4 47 87
1 6 74 85
4 4 67 87
2 4 71 82
5 7 71 80
4 3 3 1
7 4 40 1
8 4 73 1
6 4 74 2
1 4 74 4
7 3 3 2
2 5 5 1
1 4 19 4
8 4 24 1
2 4 24 6
2 4 32 8
3 4 44 1
1 4 50 2
2 4 49 4
4 4 66 3
1 5 65 5
6 3 3 7
5 4 5 8
8 4 22 8
8 4 59 9
3 3 3 90
6 6 62 89
2 4 6 90
8 5 25 88
5 6 72 89
8 4 12 89
4 4 11 88
7 4 12 89
4 4 15 90
4 4 22 88
4 4 28 88
8 4 73 87
6 6 75 85
7 4 74 83
5 3 2 89
7 4 14 90
3 4 32 90
1 4 68 90
7 4 68 91
7 4 80 92
7 3 3 91
1 4 22 91
8 4 30 90
6 4 45 91
1 4 47 90
8 5 47 90
4 4 54 92
7 3 4 17
5 4 16 15
1 4 27 15
6 4 27 15
1 3 4 25
4 3 4 67
1 6 4 66
7 4 13 65
5 4 59 64
6 4 68 66
5 3 2 66
3 4 56 63
2 3 4 74
3 5 14 73
2 5 29 73
3 5 33 73
7 4 68 74
6 3 6 33
7 4 36 32
1 4 40 33
8 4 40 31
3 4 49 32
2 4 50 31
4 3 6 77
6 4 49 78
6 3 6 81
1 4 14 79
7 5 43 78
7 4 52 78
2 3 6 94
8 4 44 95
7 4 43 95
3 4 46 96
7 3 6 97
6 4 40 97
1 5 65 96
5 3 6 97
7 4 18 96
4 4 24 94
5 4 59 96
2 3 7 42
4 4 8 41
8 5 17 40
3 4 26 39
8 4 26 38
5 4 45 37
3 5 48 38
8 4 61 41
5 3 7 72
2 3 7 77
6 4 8 77
5 4 15 75
8 4 43 74
4 4 65 72
8 4 70 80
8 3 6 76
1 4 19 74
5 4 56 71
1 3 6 76
1 4 14 77
4 4 35 74
4 4 45 79
5 4 52 78
1 3 8 3
3 4 49 4
5 3 8 12
6 4 13 11
1 5 18 10
7 4 39 13
6 3 7 12
4 4 10 12
1 5 49 14
5 7 59 10
6 5 70 10
4 4 45 13
5 4 53 14
3 4 67 15
4 4 72 12
7 4 73 11
4 4 74 15
7 3 8 29
5 4 24 29
5 3 8 63
4 4 16 61
1 3 8 92
6 7 20 91
5 5 45 90
3 4 50 92
5 3 7 92
8 4 32 91
5 4 41 93
3 3 6 92
8 4 4 92
2 5 42 92
7 4 47 92
4 3 8 93
7 3 9 3
4 4 50 4
6 4 49 5
6 4 54 6
7 3 9 11
2 4 45 12
8 4 55 10
3 5 58 10
3 3 9 43
1 3 9 58
8 4 7 59
5 5 9 56
8 4 39 58
1 4 39 60
2 4 65 54
3 3 8 58
1 4 25 58
7 4 35 57
2 5 42 59
2 4 47 61
7 3 9 85
8 4 27 84
1 4 26 83
8 4 34 82
7 4 54 85
7 4 72 86
7 4 73 82
5 3 10 31
3 4 55 30
6 3 10 40
8 4 40 40
5 3 10 49
4 7 23 47
8 4 23 49
8 4 32 48
8 4 55 51
1 4 53 52
2 4 69 53
1 3 10 57
4 7 17 55
8 4 41 54
7 4 46 52
7 3 9 56
2 7 14 55
5 5 33 54
8 5 59 52
2 3 10 59
8 3 10 98
6 4 14 97
2 4 35 96
4 3 11 10
5 3 11 21
7 3 11 48
7 4 28 47
5 4 58 45
1 5 66 47
4 6 67 48
5 4 66 51
3 3 12 45
8 4 42 44
2 5 42 45
5 4 62 45
6 3 12 44
6 3 12 48
3 4 65 49
7 4 64 50
2 3 12 69
3 5 25 68
4 4 31 72
6 4 36 70
7 5 45 74
8 4 51 73
8 4 78 69
1 3 12 74
8 3 12 74
2 3 12 81
3 4 44 80
2 3 12 90
5 3 13 25
6 4 21 26
7 3 13 60
8 4 15 58
3 4 26 56
5 5 27 54
2 5 27 56
5 4 37 56
4 3 13 64
5 3 13 72
1 3 13 72
3 4 42 72
6 4 41 74
1 4 42 70
5 4 60 70
1 4 65 68
8 3 13 81
5 4 40 79
1 4 48 78
4 3 13 95
5 4 57 93
4 3 14 33
4 4 16 31
5 4 44 32
7 4 50 33
6 3 15 12
6 4 34 12
8 4 50 10
7 5 61 12
7 3 15 15
8 4 76 14
4 3 15 36
8 5 50 34
2 4 59 35
8 3 15 47
5 4 42 48
7 4 65 47
7 3 15 59
1 4 14 59
1 4 17 59
5 3 13 61
1 4 43 61
2 3 15 96
7 5 74 94
1 3 15 94
3 4 29 96
4 3 16 9
7 5 15 9
6 4 31 8
6 4 45 7
8 5 45 5
8 6 72 4
7 4 68 5
2 4 70 5
3 3 16 49
5 3 16 86
5 4 63 86
8 3 17 6
7 5 17 6
3 6 32 7
5 4 54 6
7 5 71 5
6 3 17 8
1 4 22 9
7 4 65 8
4 3 17 31
5 3 17 63
1 4 33 63
4 3 17 61
6 4 26 63
4 4 30 60
3 4 36 63
7 4 39 62
6 4 54 60
1 4 56 64
4 3 17 75
8 4 40 76
7 4 39 78
4 4 52 76
3 3 18 13
7 3 18 30
7 4 28 29
1 4 36 27
6 4 56 25
6 3 17 30
7 3 16 29
4 4 19 28
3 5 33 28
4 5 36 28
1 4 69 27
4 3 15 29
5 4 52 29
4 4 67 31
6 3 18 34
5 4 50 32
6 4 64 31
6 4 67 34
5 3 18 41
1 4 31 39
2 5 46 38
7 3 18 67
2 3 18 72
1 3 18 75
2 3 18 90
4 4 18 91
3 3 16 91
3 3 19 3
5 4 50 3
8 3 19 11
2 3 19 13
1 3 19 55
4 5 63 54
7 3 19 89
3 3 20 11
1 3 20 20
3 6 19 20
6 4 27 23
8 4 52 19
8 3 20 21
3 5 49 20
7 3 20 20
7 4 49 19
7 4 80 18
2 3 19 20
6 4 46 18
4 4 58 20
7 6 64 20
7 4 58 20
8 3 20 26
7 4 23 25
5 4 31 27
5 4 33 24
5 3 20 52
2 3 20 77
4 3 20 77
6 4 40 78
1 3 20 79
3 3 21 16
2 3 21 28
4 5 24 25
3 4 50 26
1 4 51 27
2 3 21 33
5 4 19 33
1 4 47 34
4 3 21 49
4 3 21 59
7 4 30 60
2 4 32 57
6 4 42 59
6 3 21 83
5 3 21 87
3 3 22 65
7 3 22 84
6 4 54 83
2 6 52 83
1 3 23 1
6 3 23 20
2 4 36 20
1 6 35 21
5 4 39 21
7 3 23 41
8 3 23 72
4 4 41 70
6 3 23 74
8 3 23 77
6 4 52 78
2 3 24 32
5 5 32 30
6 4 31 30
7 3 25 7
7 3 25 17
2 5 26 17
4 3 24 19
1 4 50 20
8 4 52 20
6 4 52 21
4 3 25 15
4 3 25 30
3 3 25 51
5 4 53 51
3 4 56 51
4 3 26 17
5 4 26 16
3 4 70 14
6 3 25 18
4 5 33 16
2 4 33 15
4 4 44 17
1 3 26 33
5 4 35 34
7 3 26 34
1 4 31 35
1 4 35 36
3 3 26 33
8 3 26 59
1 3 27 61
1 3 27 87
7 3 28 10
4 3 29 38
5 5 32 37
6 4 54 36
8 3 29 41
4 3 29 58
8 3 30 18
6 4 33 19
4 4 54 17
5 3 30 44
6 4 45 43
6 3 30 68
1 3 31 14
4 3 31 13
1 3 31 12
6 3 31 48
6 3 31 74
2 3 31 78
4 3 32 3
5 4 36 4
6 3 32 6
3 3 31 6
7 3 32 47
5 4 35 46
6 4 65 44
2 3 32 48
5 3 32 62
4 3 32 84
1 4 33 83
6 5 58 82
7 4 56 83
2 4 68 80
2 3 32 87
2 5 61 85
8 3 32 94
1 3 33 55
8 4 45 55
4 4 44 55
3 6 44 54
7 5 44 55
3 3 33 85
1 4 31 87
7 5 33 86
8 4 32 85
6 4 38 83
3 3 33 93
6 4 33 93
5 3 34 14
7 5 35 12
1 3 34 97
1 4 61 95
4 3 35 32
7 3 35 34
8 3 35 78
2 4 52 76
8 3 35 95
2 5 45 92
4 4 51 94
6 3 36 2
6 3 36 66
8 3 37 30
2 4 40 32
1 3 37 61
1 3 38 27
6 4 58 27
7 4 57 27
7 3 38 59
5 3 36 60
8 3 38 89
1 3 38 91
7 3 39 7
2 4 64 6
3 4 63 6
7 3 39 33
8 3 40 25
8 4 60 27
7 3 40 44
4 4 40 43
5 4 62 41
1 4 69 43
5 3 40 49
6 3 41 4
1 4 51 5
6 3 41 27
5 3 40 27
3 3 41 64
7 3 40 63
8 4 48 64
6 4 58 63
8 4 64 62
2 3 42 43
1 4 56 44
8 3 42 56
2 3 42 57
5 3 43 7
5 4 54 7
6 4 54 7
2 3 43 22
1 4 42 23
7 4 47 22
7 3 43 44
5 3 43 54
3 3 43 72
7 3 44 55
1 3 45 9
6 5 46 9
7 5 45 9
8 5 45 8
6 3 45 29
5 3 45 91
6 3 45 96
2 4 50 96
6 3 46 21
8 3 46 24
2 3 47 32
8 3 45 32
4 3 44 32
7 3 47 68
4 3 48 61
3 3 49 9
4 3 49 24
2 3 49 25
5 4 64 23
5 3 48 25
6 4 56 25
8 5 69 24
4 3 49 28
5 3 49 63
2 3 49 62
6 3 49 66
2 3 48 66
6 3 48 66
5 3 47 66
6 3 49 84
5 3 50 4
8 3 50 4
2 3 50 6
2 4 51 3
1 4 55 1
6 4 58 4
4 3 49 6
8 3 49 6
3 3 50 3
7 3 50 7
3 3 50 6
8 3 51 83
8 5 54 82
7 3 52 5
3 3 52 29
4 3 52 40
3 3 52 41
1 3 53 54
4 3 53 53
1 3 51 54
8 3 53 64
6 3 53 84
1 3 52 85
7 3 53 95
6 5 59 93
2 4 60 95
8 3 54 10
2 3 53 12
8 3 54 36
4 3 54 49
8 3 55 13
2 3 55 29
3 3 56 43
2 3 55 44
8 3 57 36
3 3 57 63
4 3 57 66
6 4 62 67
2 3 61 2
6 3 61 11
2 3 61 51
1 3 60 50
4 3 62 37
1 3 62 40
3 3 62 41
1 3 64 24
8 3 65 37
4 3 67 44
1 3 68 82
3 3 69 70
2 3 70 47
6 3 71 71
6 2 1 6
5 3 2 4
2 4 44 2
8 3 2 5
5 4 23 6
5 4 27 7
1 4 27 8
2 3 7 5
7 4 44 5
7 3 7 5
4 4 11 4
7 4 19 2
2 3 9 6
8 3 16 2
6 3 18 5
8 3 24 1
4 4 45 2
6 3 25 3
3 3 29 6
6 3 30 9
4 3 35 8
1 3 39 2
4 3 38 1
7 3 37 1
8 3 38 2
7 3 39 2
6 4 42 3
7 3 42 2
1 3 43 9
4 3 50 1
1 2 1 15
1 4 14 14
3 4 29 13
5 4 48 12
6 3 9 14
8 3 32 16
5 4 59 16
7 3 36 17
5 3 38 17
8 3 41 18
4 4 48 20
7 3 46 13
1 3 47 14
8 3 49 12
2 3 49 15
1 3 50 20
7 3 57 16
6 3 59 13
5 2 1 19
4 3 5 19
3 4 20 19
3 4 36 18
2 3 31 18
4 3 31 19
7 4 37 17
6 3 41 21
3 3 48 15
8 2 1 22
2 4 38 21
1 3 2 22
2 4 2 21
2 3 6 23
1 4 66 24
6 5 66 24
3 3 8 23
2 4 34 24
8 5 34 23
8 3 10 23
1 4 16 20
6 3 12 25
2 4 27 25
4 4 53 23
7 3 22 23
3 3 22 22
6 3 25 21
7 4 25 22
7 3 27 20
8 3 38 27
7 4 47 28
8 3 41 18
5 3 42 24
8 3 46 27
3 4 53 26
2 4 51 26
7 5 51 24
5 3 49 24
2 3 48 25
8 3 49 26
8 3 53 17
4 3 53 17
1 3 53 18
6 5 53 16
1 3 52 17
7 3 54 28
1 2 1 26
1 3 9 24
3 3 28 26
6 3 29 23
3 2 1 29
1 4 18 28
7 4 18 29
4 4 33 29
7 3 2 29
1 3 20 28
2 4 35 27
4 3 21 30
2 3 20 29
6 5 21 29
5 3 25 29
8 3 28 26
8 3 30 32
6 3 34 32
2 3 34 34
2 3 37 26
3 4 38 25
7 3 37 26
4 4 42 25
6 3 37 25
7 3 56 36
4 3 57 37
2 3 58 36
7 3 69 38
1 3 67 38
8 2 1 28
4 4 38 28
7 3 30 27
8 2 1 32
7 3 4 31
6 3 4 32
5 3 4 32
2 3 4 31
2 4 24 29
8 3 8 31
8 3 8 33
7 3 25 27
4 3 27 25
2 3 30 29
1 4 38 30
2 3 33 28
1 3 38 23
8 3 41 23
4 3 44 35
7 4 47 34
5 4 47 34
3 2 1 31
7 3 6 32
1 4 10 30
2 3 13 33
3 3 12 34
7 4 35 32
8 3 26 31
2 3 33 32
6 3 56 35
6 2 1 32
7 2 1 33
1 3 7 33
5 3 16 34
4 4 20 35
7 5 20 36
1 3 27 38
6 3 26 39
3 4 42 38
4 3 36 39
7 3 50 38
5 4 52 40
1 4 55 36
2 4 56 36
5 3 49 39
6 3 52 38
3 4 53 37
5 4 53 37
6 3 54 36
7 3 52 36
4 3 54 39
6 2 1 34
5 3 4 35
8 4 14 35
6 3 2 36
7 3 12 32
8 3 15 31
6 3 15 36
6 5 20 35
1 3 15 36
7 3 21 34
4 3 26 29
6 3 32 36
5 3 39 35
7 3 42 34
1 3 48 38
8 3 48 39
3 2 1 35
3 4 23 33
4 2 1 37
1 2 1 45
2 3 10 44
1 5 38 42
4 4 42 45
1 3 29 44
4 5 29 43
3 4 29 43
1 4 47 43
4 4 48 43
2 4 56 43
8 3 32 43
5 4 36 41
3 3 32 43
1 3 31 43
6 3 38 44
3 3 43 44
8 3 43 45
1 4 43 45
6 3 51 42
8 3 59 40
7 3 64 47
5 2 1 55
3 4 10 53
6 3 28 52
7 3 36 56
8 4 48 54
6 3 46 53
4 2 1 59
3 4 34 58
5 3 9 57
3 4 37 59
7 3 31 58
2 3 44 62
3 3 47 61
7 4 46 62
4 6 51 61
5 2 1 59
3 3 14 60
5 3 26 60
4 3 31 61
6 3 33 58
2 3 47 61
7 4 47 62
1 3 47 62
7 2 1 67
3 4 44 68
6 2 1 70
1 3 35 70
7 3 34 72
5 3 41 72
8 3 49 71
8 2 1 70
5 3 9 69
7 3 46 70
4 3 47 72
3 3 58 67
6 3 61 69
3 3 59 69
5 3 58 68
8 3 57 68
6 3 58 69
1 2 1 69
8 3 8 70
4 4 16 69
2 3 15 68
5 3 19 70
2 3 26 66
1 3 40 68
8 3 52 70
1 3 52 69
5 3 53 69
6 4 53 67
7 2 1 72
7 4 31 72
2 3 2 72
7 3 12 71
1 3 14 70
6 3 14 71
6 3 32 70
6 2 1 71
1 3 26 72
5 3 28 69
3 3 27 68
1 3 36 73
5 3 37 74
2 3 56 67
7 3 55 67
4 2 1 72
8 3 17 73
2 3 21 70
4 2 1 79
6 4 28 77
2 3 2 78
6 4 9 78
3 4 28 77
8 3 8 78
5 4 48 79
2 3 15 77
3 5 41 75
2 3 25 78
5 4 27 77
5 4 62 76
8 3 27 80
2 3 32 80
8 3 42 79
7 3 41 78
5 3 52 81
6 2 1 81
8 4 1 80
1 3 22 80
4 3 23 81
1 4 41 78
3 3 35 82
7 3 33 83
3 4 38 83
4 4 37 84
4 3 35 81
2 3 46 82
3 3 48 81
2 3 49 80
4 2 1 95
7 3 11 94
3 3 12 93
2 4 11 93
5 4 54 94
4 4 52 96
1 3 13 92
4 3 22 91
5 3 21 91
6 3 26 94
2 4 51 94
6 3 37 90
8 4 37 91
7 3 39 92
3 3 48 95
8 3 48 94
7 3 59 89
6 3 59 87
4 2 1 97
8 3 13 96
5 3 20 97
5 3 26 94
5 3 29 96
7 3 35 93
5 3 42 97
7 3 47 95
1 3 46 95
3 3 49 97
8 2 2 2
2 3 15 2
2 3 36 1
7 3 43 1
7 2 2 9
8 4 5 7
6 3 2 9
5 4 13 9
2 4 29 8
1 4 28 8
4 5 33 10
8 3 7 6
3 3 15 6
5 4 26 6
7 3 13 6
4 3 18 7
6 3 27 7
2 3 35 8
1 3 35 13
4 3 34 15
4 3 38 9
5 3 37 9
2 3 38 7
7 3 41 10
3 3 42 16
3 3 43 18
1 3 45 17
3 3 46 11
3 2 1 9
2 4 6 9
3 3 5 10
4 3 16 7
8 4 15 6
2 3 15 8
1 4 30 9
7 4 34 11
8 4 34 11
5 3 21 11
3 3 24 8
7 3 25 9
2 3 28 10
4 3 35 13
1 3 35 11
4 2 1 9
7 3 7 8
2 4 20 7
8 3 19 6
4 3 19 7
5 4 22 8
5 3 29 5
2 3 40 4
5 2 2 16
4 3 2 17
2 3 17 14
7 3 23 15
5 3 24 14
3 3 26 15
6 4 33 14
3 3 29 17
1 3 32 17
2 3 33 13
7 2 2 19
8 4 8 17
4 3 9 16
6 3 14 20
5 3 14 20
2 3 15 17
2 3 26 17
2 3 28 18
8 3 33 17
1 3 40 18
1 2 2 19
8 3 12 19
3 3 23 20
8 3 23 21
5 2 2 20
6 2 2 41
2 3 2 42
6 4 31 40
1 3 8 40
7 4 13 39
3 3 14 42
5 4 35 42
7 4 37 42
6 3 21 40
2 4 32 39
3 3 26 37
6 4 35 38
4 4 41 37
2 3 25 39
8 5 30 38
4 4 34 40
4 3 28 38
4 3 29 35
6 3 36 36
8 3 37 38
7 3 38 42
7 3 47 42
4 3 46 41
7 2 2 42
8 3 1 43
2 3 12 41
2 3 14 39
3 3 14 38
2 3 15 41
3 3 20 37
5 3 23 38
7 3 23 37
2 4 30 36
1 3 24 36
3 3 32 36
4 3 38 39
3 2 2 43
1 2 2 45
7 4 29 45
5 3 6 45
6 6 15 44
1 3 14 44
3 4 29 42
2 3 19 45
5 3 20 45
8 3 26 45
7 4 37 43
4 3 27 46
2 3 27 45
4 3 26 44
1 4 37 42
8 3 40 46
7 3 40 48
1 3 39 48
2 3 39 47
3 3 45 49
5 4 60 50
6 3 59 47
7 3 58 46
2 2 1 45
4 4 16 44
4 3 6 45
8 3 9 44
8 4 10 43
1 4 9 43
8 4 23 43
2 3 8 45
7 3 9 44
1 3 16 43
8 3 22 44
2 3 24 46
3 4 32 46
8 3 40 46
7 3 42 48
2 3 40 49
8 3 57 47
8 2 1 45
6 3 10 46
3 3 51 47
3 2 2 57
2 3 35 56
4 2 2 65
8 4 5 64
1 3 6 63
8 4 27 65
8 3 20 65
1 3 33 65
7 3 42 65
7 3 43 68
6 2 2 67
4 3 18 65
7 3 20 68
6 3 25 64
3 3 24 63
8 3 41 62
2 2 2 68
1 4 20 67
1 3 13 67
8 4 39 67
7 3 26 66
2 3 29 66
8 2 2 69
4 3 20 68
3 3 26 67
7 3 27 70
3 3 38 66
3 2 2 72
6 3 2 71
2 3 9 72
3 3 18 71
3 3 20 73
4 3 34 73
1 2 2 71
4 3 22 70
6 3 22 69
5 3 21 69
2 2 2 72
7 3 12 72
8 3 19 74
8 3 34 74
2 3 34 73
4 2 2 73
4 6 4 71
6 3 13 75
3 3 12 75
7 3 12 75
4 3 17 73
8 3 17 74
1 3 16 75
7 3 15 75
6 3 35 75
4 2 2 76
4 4 17 75
7 3 2 75
3 3 14 76
7 5 26 75
8 4 25 75
6 3 26 77
6 2 2 78
5 3 15 77
7 3 15 76
2 3 14 76
8 3 19 77
4 3 18 78
3 4 29 76
1 2 2 82
1 2 3 1
6 3 43 1
7 2 3 1
2 3 8 2
2 3 32 3
3 3 40 1
8 2 3 5
3 2 3 5
1 3 9 4
3 4 38 2
7 3 15 6
3 3 25 2
4 3 33 1
7 3 35 1
7 2 3 7
2 4 2 7
8 4 10 5
6 5 11 6
4 2 2 6
6 2 1 6
1 3 23 5
1 2 1 6
2 3 16 4
7 2 3 5
1 2 3 4
4 2 3 4
5 4 5 2
6 3 4 3
5 4 10 2
8 3 6 3
2 3 10 5
3 3 14 2
1 6 28 1
5 3 20 1
8 3 22 1
3 3 24 2
6 3 24 1
2 2 3 14
1 4 19 12
6 3 5 13
6 3 11 14
1 4 20 12
8 3 28 15
2 4 39 13
7 3 30 13
1 2 3 16
3 3 42 15
4 3 41 15
3 2 3 18
5 3 10 18
8 2 3 21
3 3 9 19
2 3 28 18
5 4 28 19
6 3 31 16
1 2 3 22
4 2 3 38
1 3 2 38
5 3 5 39
7 4 4 40
5 3 8 41
4 5 8 39
2 3 16 37
6 2 3 39
7 3 6 37
5 4 8 36
1 2 3 38
6 3 8 39
3 3 21 38
8 4 26 39
8 3 24 40
6 4 32 40
7 2 3 38
2 3 6 39
1 3 11 39
8 3 9 40
5 3 15 38
5 3 17 40
3 3 16 41
6 3 21 38
2 2 3 40
1 3 15 39
2 3 17 41
4 2 2 40
3 2 3 41
2 3 13 39
3 3 15 38
1 3 15 39
7 3 16 42
2 3 19 42
2 3 30 42
3 2 3 45
7 2 2 45
1 4 4 45
5 3 10 44
4 4 14 42
3 3 21 40
5 3 27 42
7 3 27 42
7 3 35 47
5 3 36 46
8 4 39 48
8 3 46 48
3 3 58 51
8 2 3 48
3 3 3 48
2 3 46 49
1 2 1 49
5 3 2 48
2 4 1 48
5 4 39 49
1 4 39 49
4 3 2 47
1 4 24 47
2 4 23 48
8 4 26 48
3 4 25 46
6 4 24 46
5 3 4 47
7 3 2 49
1 3 6 47
4 3 5 46
2 5 5 45
3 4 7 46
7 4 5 49
4 4 16 48
8 4 15 48
2 3 18 50
8 3 19 50
6 3 19 50
4 4 23 49
8 3 25 47
2 3 24 46
1 3 38 50
8 2 3 46
5 3 9 45
6 4 10 43
3 3 10 43
3 2 3 46
5 3 20 46
4 2 3 48
3 2 2 48
5 3 2 47
6 2 2 46
1 4 2 46
7 3 8 46
4 2 2 48
6 3 2 48
2 3 8 49
6 3 6 49
8 2 3 47
4 3 5 46
1 2 3 50
8 3 5 48
7 3 4 48
6 3 40 51
8 3 40 52
8 3 50 54
4 2 2 51
1 3 11 50
4 4 16 50
3 4 20 51
8 3 20 53
4 3 37 53
1 3 37 54
5 2 2 50
4 3 26 50
6 3 27 52
3 2 3 49
6 3 16 50
3 3 23 50
5 3 22 51
4 3 44 52
6 4 45 52
5 4 43 54
7 3 42 53
5 2 3 51
1 2 3 58
6 3 13 59
7 2 3 62
7 2 3 73
1 3 6 72
5 4 14 71
2 3 9 74
3 3 13 76
4 3 14 76
3 3 18 78
3 3 19 70
2 3 40 79
3 3 39 80
8 2 3 77
7 3 6 78
4 4 7 78
3 2 3 84
3 3 8 85
4 4 26 84
2 3 22 86
3 3 36 84
2 3 44 87
8 4 57 88
7 3 45 83
3 3 45 82
8 3 46 80
2 2 3 86
3 4 42 84
1 3 6 85
5 4 30 83
5 3 16 85
7 3 23 85
7 3 35 85
2 3 37 81
5 3 45 86
4 2 3 85
1 3 26 84
6 2 3 91
4 3 5 89
5 3 14 88
1 4 16 88
4 4 36 90
2 3 17 90
4 3 24 89
2 4 25 89
5 4 27 88
6 3 27 90
8 3 28 88
3 3 32 92
6 3 33 92
1 3 48 88
1 2 4 7
3 3 12 6
5 2 3 7
3 3 7 7
4 3 8 7
1 3 6 8
3 2 3 8
4 2 4 9
8 3 7 9
3 3 8 10
3 3 20 12
5 2 4 13
4 3 5 13
7 3 6 15
3 4 12 16
2 3 4 15
4 3 4 15
1 3 6 16
5 3 7 14
4 3 9 16
1 2 3 14
8 3 3 13
1 3 5 11
8 3 11 14
6 3 31 13
2 2 3 13
3 3 2 14
2 3 35 11
7 2 4 12
6 3 12 11
6 3 15 13
1 3 16 15
1 3 18 10
7 3 17 10
3 5 17 9
4 3 16 10
8 3 17 8
7 3 27 16
5 2 3 12
6 3 15 11
4 2 4 14
5 3 5 15
8 4 3 15
5 3 20 13
7 2 3 15
2 3 5 16
5 3 17 17
7 2 4 16
8 3 3 17
3 2 4 48
5 3 4 48
1 2 3 48
3 2 4 53
4 3 19 54
2 4 41 53
4 3 23 52
4 3 29 54
1 3 29 53
2 3 30 52
7 3 30 54
3 5 30 52
1 3 37 52
8 2 4 58
8 3 6 56
1 3 25 57
1 3 32 58
6 2 4 66
1 3 27 64
3 2 3 66
4 3 23 66
7 3 24 65
2 5 24 63
1 3 24 62
2 4 31 61
7 3 23 61
2 3 24 61
3 3 24 60
4 3 23 61
8 3 24 61
5 3 25 66
5 4 31 64
4 4 32 62
1 3 29 63
5 2 3 65
5 3 7 64
8 4 28 63
8 2 3 66
3 3 16 65
2 2 4 68
2 3 33 67
7 2 4 67
4 3 4 66
3 2 2 67
6 4 3 66
4 4 17 67
1 3 8 66
3 3 12 65
5 4 14 65
2 4 19 65
7 3 13 67
1 3 15 67
3 3 15 67
7 2 2 66
5 2 2 67
3 4 5 66
8 3 20 64
8 2 3 68
5 3 33 68
3 2 3 69
6 4 3 68
8 3 13 67
4 2 1 69
1 2 2 68
8 2 3 68
6 2 4 65
4 3 15 64
6 4 17 63
7 2 4 65
5 2 4 77
2 2 4 77
1 3 9 76
6 4 11 75
7 3 8 75
7 3 8 78
2 3 8 78
4 2 4 76
5 4 10 75
1 4 9 75
2 3 6 77
2 4 9 75
7 3 8 77
2 3 22 75
7 2 3 76
2 3 14 74
4 2 3 75
3 5 3 74
6 3 6 76
6 3 8 78
5 4 28 80
3 3 25 80
1 3 32 80
4 2 1 75
5 4 14 73
1 2 2 74
1 3 13 74
4 3 13 73
7 2 2 74
5 2 1 74
3 2 2 74
6 3 15 73
4 2 1 74
6 3 4 73
2 2 2 74
8 2 4 80
7 3 33 81
4 3 33 80
6 3 31 81
6 4 35 81
4 2 3 80
8 3 16 80
2 2 4 81
3 3 9 82
8 4 8 83
1 3 9 83
6 4 25 82
2 3 14 84
8 3 21 79
2 3 20 79
2 2 4 84
4 3 6 83
5 3 5 83
5 3 10 82
5 3 32 81
7 2 4 89
7 4 24 88
1 4 24 88
3 4 24 88
3 4 28 87
1 3 28 88
8 3 37 87
5 3 36 88
5 2 4 95
6 3 11 94
5 3 12 96
3 3 15 95
3 3 19 93
8 3 25 97
3 4 42 96
2 3 41 97
3 2 4 96
4 3 5 96
6 4 4 96
8 3 9 96
1 4 13 95
7 4 12 95
6 3 17 97
7 3 16 96
6 4 30 95
5 2 4 96
6 3 9 95
2 4 8 96
5 3 7 95
7 3 12 95
6 3 15 94
1 3 17 96
4 4 19 93
7 3 25 93
4 5 26 92
6 2 5 3
1 3 9 2
4 2 5 4
1 3 7 4
4 2 5 34
8 3 4 34
1 2 5 47
2 2 5 57
6 3 8 55
2 3 12 56
1 2 5 59
2 2 5 59
6 4 27 59
4 3 6 59
6 3 20 60
7 3 23 61
6 3 26 62
7 3 24 64
2 2 5 64
6 4 22 63
6 3 13 62
3 3 16 62
1 3 15 62
7 2 5 75
4 2 5 75
7 2 6 7
1 2 6 16
4 3 10 17
8 4 18 16
6 4 17 17
1 3 18 15
8 2 6 18
8 2 6 22
2 3 15 22
8 3 22 20
7 3 21 19
1 3 22 23
1 2 6 25
3 4 13 24
3 4 26 25
7 5 25 24
1 3 13 25
6 5 12 26
4 4 17 23
7 2 6 27
8 3 5 27
1 3 16 25
6 3 29 28
7 2 4 27
5 3 16 26
6 5 15 26
1 5 20 25
8 3 13 28
8 3 17 27
6 3 26 24
5 2 5 27
2 3 9 27
6 3 22 29
4 2 4 27
4 3 9 26
3 2 5 28
5 2 5 27
7 4 9 27
3 4 7 26
5 3 25 28
3 2 6 31
3 3 17 32
1 4 17 31
1 2 6 30
4 2 5 31
4 2 6 38
7 2 5 39
6 2 6 42
2 2 6 50
3 2 6 56
7 2 6 56
3 3 19 55
5 2 6 66
5 2 6 78
7 2 6 81
5 3 26 82
4 2 6 83
8 2 6 89
6 3 15 90
6 2 6 88
6 3 26 87
7 2 6 96
2 3 34 97
2 2 5 97
1 2 5 97
5 3 16 96
8 2 4 98
4 2 3 98
4 2 4 98
3 2 5 96
2 2 6 95
8 3 14 95
7 3 14 95
5 4 14 94
1 3 14 94
8 4 18 93
5 4 17 92
5 2 6 97
6 2 7 1
2 3 15 2
7 2 7 2
4 3 7 2
6 2 7 30
2 2 7 29
5 2 6 30
4 2 7 28
2 2 7 27
5 2 6 27
3 2 6 27
7 2 7 32
4 3 20 32
7 2 7 37
2 3 25 36
8 2 6 38
4 3 14 37
3 2 7 36
7 3 9 36
2 3 9 35
5 3 8 36
5 3 15 35
1 3 24 34
1 2 7 35
3 2 7 39
7 3 20 40
8 2 7 52
6 4 21 51
1 4 21 52
7 4 19 53
3 3 20 54
6 2 7 51
2 4 19 52
1 2 7 59
1 3 14 59
3 2 7 64
6 2 7 66
2 2 7 65
5 2 7 64
1 2 7 64
2 2 6 64
1 3 18 64
1 2 7 82
3 4 21 80
1 5 29 81
8 3 24 80
4 2 7 82
4 4 20 83
6 3 7 83
5 3 18 80
6 3 18 80
7 3 17 79
7 2 6 83
2 3 18 83
6 3 22 83
5 2 6 85
5 3 24 84
3 2 7 84
4 4 22 83
8 2 7 83
5 2 7 87
6 4 31 86
3 3 6 87
4 3 27 87
1 4 30 87
3 3 26 87
5 5 27 86
8 3 26 87
1 3 26 86
7 3 30 87
8 3 30 87
2 3 34 89
5 2 6 87
5 2 7 95
5 2 8 4
3 2 7 5
8 2 8 8
2 2 8 19
5 3 15 19
3 3 30 20
7 2 8 19
4 3 8 19
1 4 11 18
3 2 7 20
7 3 6 20
6 3 6 19
3 3 9 20
8 2 6 19
4 4 10 18
2 3 15 19
4 3 19 21
3 4 19 21
7 2 6 18
6 2 6 17
4 3 17 18
8 2 8 17
6 2 8 32
4 3 23 32
5 2 8 31
5 3 9 32
2 2 8 31
7 3 14 30
4 2 7 31
3 2 7 32
2 2 7 31
8 2 8 33
7 2 8 53
1 3 17 52
3 2 8 58
8 3 7 59
8 3 15 59
5 5 13 60
6 3 15 60
1 3 21 60
6 2 7 58
7 3 7 58
6 2 6 59
4 3 12 60
5 3 23 62
4 2 6 60
5 3 5 60
4 3 18 61
4 2 8 57
5 2 8 57
6 2 8 65
6 2 8 68
4 3 13 68
2 2 7 68
8 3 11 68
4 2 8 67
1 3 8 66
5 2 8 66
4 2 8 66
7 2 8 67
8 2 8 86
7 3 29 87
2 2 8 85
1 3 11 85
7 2 7 85
8 2 6 85
5 3 15 85
6 2 6 85
4 2 7 86
3 3 9 84
1 2 6 86
6 3 14 86
3 3 14 87
3 3 18 87
2 3 23 88
7 2 8 89
1 3 36 89
4 2 8 96
3 2 8 95
8 3 9 94
2 2 8 96
8 2 9 8
4 2 9 15
5 3 11 15
7 2 8 16
5 2 9 23
2 3 22 21
5 3 21 23
1 2 9 24
5 3 18 23
8 2 9 43
7 2 8 43
5 3 9 42
7 3 13 40
4 3 18 41
6 2 8 44
6 2 9 87
7 2 8 87
4 3 10 87
1 2 9 86
8 2 9 86
2 3 9 85
1 2 8 85
3 3 7 85
8 2 7 86
5 2 9 84
8 2 8 84
7 2 9 84
1 2 9 89
3 3 13 87
6 3 21 88
3 2 9 93
2 2 8 94
5 3 26 93
6 2 9 94
7 2 9 93
8 2 10 4
4 2 9 5
1 3 16 3
7 2 9 5
8 2 10 8
7 2 10 9
4 2 10 12
7 3 25 12
8 2 10 11
1 2 9 11
8 3 11 11
3 4 13 10
6 3 12 11
5 2 10 13
7 2 10 13
2 2 10 12
2 4 16 11
8 2 10 14
7 2 10 17
7 2 10 25
4 2 9 25
4 3 18 23
3 3 21 22
2 2 10 31
1 2 10 32
2 2 10 50
3 2 10 51
2 2 10 51
7 4 10 50
8 2 10 49
3 3 14 50
7 2 9 49
5 2 9 49
4 2 9 50
5 3 8 51
7 3 24 52
4 3 23 52
2 2 7 51
5 3 6 51
6 3 20 51
7 2 6 51
3 3 6 50
7 2 5 51
6 3 6 52
5 3 6 51
4 3 6 50
2 3 6 51
7 3 17 53
8 3 17 53
1 2 6 49
4 2 6 51
1 3 6 51
4 2 7 49
3 2 7 53
5 3 7 53
5 4 15 53
8 2 6 53
4 2 6 54
3 3 14 53
1 3 12 54
8 2 7 52
3 2 7 52
5 2 8 51
7 2 7 51
6 2 7 51
8 2 7 52
5 2 8 54
6 3 33 55
1 2 9 54
2 3 23 55
4 3 22 55
3 3 25 55
6 3 24 57
5 3 24 56
3 2 8 55
7 3 11 55
6 3 11 54
6 2 9 53
4 2 8 53
8 2 8 53
5 2 8 54
4 2 10 58
1 3 9 59
5 2 10 69
2 3 20 69
7 2 10 81
1 2 9 82
3 2 11 9
6 2 10 9
5 2 11 30
4 3 17 29
5 4 16 29
6 2 11 44
1 2 11 65
3 2 11 70
7 3 13 68
7 2 11 92
3 2 10 92
3 3 14 91
1 2 9 92
7 3 21 91
8 2 9 92
1 2 12 3
7 3 13 1
2 2 11 3
7 3 15 1
4 2 12 2
4 3 19 1
3 2 12 4
5 2 12 3
4 2 11 4
8 2 11 3
7 2 12 38
8 2 12 39
6 2 12 41
4 2 12 41
6 2 12 57
2 2 12 87
1 2 12 97
4 2 11 98
6 2 13 26
1 2 13 42
5 3 12 43
6 2 12 43
2 2 12 42
6 2 13 57
3 3 20 56
1 3 24 56
7 2 13 62
4 2 13 64
2 2 13 70
7 2 14 5
3 2 14 4
1 2 14 18
3 2 14 21
6 4 14 20
7 2 14 24
4 2 14 34
8 3 18 34
8 2 14 40
5 2 13 40
6 2 14 55
4 3 14 55
5 4 21 56
6 3 19 56
8 2 14 60
2 2 14 81
8 2 13 82
5 3 14 81
2 3 12 82
2 3 18 80
3 3 19 79
8 3 18 80
6 2 14 80
1 3 14 81
4 3 16 80
7 3 24 79
7 2 13 82
5 2 12 82
8 2 11 82
1 3 10 82
3 3 14 81
6 2 13 83
6 2 14 88
4 3 22 89
5 2 15 18
5 2 15 68
4 2 15 68
1 2 16 3
1 2 16 22
7 2 15 23
2 2 15 22
6 2 16 23
3 2 16 30
6 2 15 31
8 2 16 30
1 3 16 29
3 2 15 31
5 2 16 29
2 3 15 30
6 2 15 30
8 2 15 29
3 2 15 28
7 2 15 29
6 2 14 29
1 2 16 60
5 2 15 61
2 3 17 61
4 2 16 61
5 2 16 63
5 2 16 69
2 2 16 72
8 2 16 71
7 3 15 72
2 2 15 72
1 2 16 89
3 3 19 88
3 3 23 89
2 2 17 63
5 2 17 69
6 2 17 81
8 2 17 89
5 3 18 88
5 2 17 90
2 2 17 89
7 2 17 92
7 2 18 2
5 2 18 37
4 2 19 13
1 2 19 13
2 2 19 23
3 2 19 24
4 2 19 23
4 2 19 46
7 2 19 56
8 2 19 58
2 2 19 57
3 2 19 57
5 2 19 76
1 2 19 79
2 2 19 97
1 2 19 97
6 2 19 97
3 2 20 1
4 2 19 2
4 2 20 25
6 2 20 35
5 2 20 46
7 2 20 58
3 2 20 73
6 2 19 73
2 2 21 26
3 2 21 36
5 2 20 36
1 2 21 64
7 2 22 60
7 2 22 64
6 2 23 23
1 2 24 11
5 2 24 33
3 2 23 33
1 2 25 13
1 2 27 24
7 2 27 24
4 2 27 34
1 3 27 34
6 2 26 34
8 2 28 47
6 2 29 57
2 2 29 71
2 2 31 93
6 2 32 77
7 2 35 98
5 2 34 98
8 2 36 1
5 2 37 1
6 2 57 1
