2078
121
1 15 2 7
2 12 6 4
3 11 6 2
4 9 9 14
5 9 9 22
7 12 5 23
5 8 9 9
4 7 1 10
1 7 9 22
8 10 10 20
6 8 8 23
4 10 7 20
7 7 10 12
4 6 1 1
8 6 2 13
6 6 4 11
1 7 6 10
6 8 8 8
1 6 6 13
7 6 8 20
4 6 9 6
1 6 9 6
2 5 2 18
6 6 1 16
7 5 2 21
1 6 5 22
1 5 6 1
5 5 6 20
6 5 4 18
1 5 4 19
6 6 9 16
7 5 5 19
5 5 8 8
8 5 8 7
8 5 9 2
2 5 9 9
1 5 11 2
4 4 4 5
3 5 3 5
6 5 3 5
5 6 5 5
5 4 4 14
7 4 3 13
8 6 6 14
6 4 1 14
3 5 1 13
5 6 3 14
2 5 1 14
3 4 7 8
6 4 7 19
1 4 8 3
7 4 10 2
3 5 13 15
1 4 14 15
1 3 1 15
5 4 7 15
4 4 7 15
8 4 10 16
3 3 1 15
2 4 2 14
2 3 2 8
8 6 3 6
5 5 2 8
2 3 2 10
2 4 8 11
6 4 5 11
1 3 2 10
6 3 1 10
4 3 2 22
1 3 3 4
7 3 3 16
4 3 4 12
7 4 6 12
3 5 4 13
5 3 3 12
4 3 3 12
1 3 4 13
4 3 4 24
2 4 8 23
7 3 6 1
5 5 4 1
7 3 6 17
6 3 8 1
8 3 8 5
4 3 8 20
1 3 9 18
2 3 9 20
8 3 10 18
6 2 1 1
5 2 1 1
7 3 1 2
4 2 1 1
8 2 1 1
6 2 1 5
1 2 1 4
2 2 1 5
1 2 1 18
3 3 1 17
6 2 1 23
2 2 1 23
1 2 1 22
3 2 2 5
5 3 5 4
8 2 2 10
8 2 2 15
4 2 2 15
3 2 2 16
5 2 2 17
1 3 2 16
8 2 1 16
5 2 2 22
1 2 2 23
6 3 2 22
5 2 1 23
8 2 1 22
2 2 3 1
3 2 3 16
7 2 4 3
6 2 5 11
7 2 4 12
4 2 8 3
