19345
1026
6 75 62 2
7 91 67 34
7 8 18 25
4 7 20 44
1 7 29 6
2 7 51 12
7 6 36 53
8 8 57 60
6 5 4 13
6 7 18 12
4 5 5 26
4 5 6 22
2 5 6 32
3 5 7 23
4 5 12 60
1 5 13 3
6 6 14 3
4 6 23 4
5 6 29 4
2 5 23 49
2 5 27 8
8 6 30 9
5 5 31 13
5 5 41 54
3 5 44 40
7 5 47 1
7 5 51 14
5 5 60 40
8 6 61 29
2 4 1 56
7 4 2 28
5 4 3 15
2 6 29 13
5 5 40 14
5 4 3 40
7 4 4 6
6 6 4 5
3 4 5 18
5 4 6 33
1 4 6 60
5 4 7 7
7 4 7 55
6 7 24 55
2 4 9 2
2 4 9 18
7 4 9 51
1 4 17 49
2 4 18 27
1 5 17 27
4 4 20 21
8 4 20 57
2 5 32 59
2 4 23 11
2 4 23 45
3 4 25 15
7 4 23 14
6 4 26 19
5 4 26 55
7 4 27 17
4 5 29 16
4 4 31 60
5 4 33 32
5 7 53 31
6 4 33 51
6 4 34 54
3 4 38 9
8 4 38 55
3 4 42 59
1 5 43 54
3 4 47 36
1 4 55 35
5 5 56 37
8 4 56 45
8 4 57 43
4 4 59 45
6 3 1 12
1 3 2 25
1 4 33 23
8 5 53 24
4 4 33 24
1 4 40 24
1 4 54 24
4 3 2 27
2 4 15 27
7 4 18 28
7 4 31 26
5 4 36 25
4 3 2 30
3 4 3 31
7 4 3 32
2 4 56 32
8 3 3 18
5 4 3 18
7 4 4 17
4 6 9 15
1 4 10 19
6 5 13 16
2 6 30 15
7 4 17 16
3 4 32 17
5 4 52 21
2 3 3 33
8 4 19 33
2 5 29 35
3 4 50 31
4 3 3 34
6 4 36 35
8 4 44 33
8 4 53 37
3 4 52 37
2 3 3 40
8 3 3 41
1 5 18 38
2 4 27 41
8 3 3 50
5 4 12 51
6 4 19 51
4 4 18 49
7 5 37 48
4 4 29 48
2 5 37 51
4 3 4 19
8 3 4 35
1 3 4 36
4 4 40 34
1 3 4 54
4 5 12 54
1 4 46 55
8 3 4 64
7 5 34 62
3 4 32 63
3 4 36 60
4 4 36 58
2 3 5 35
8 4 7 34
4 3 6 32
3 4 7 31
6 3 6 57
8 3 5 56
4 3 5 55
8 3 6 59
8 5 29 61
8 4 43 62
6 3 7 33
4 3 7 39
5 3 8 18
2 3 8 32
1 3 8 31
6 4 7 30
3 6 7 28
5 4 6 30
7 4 8 32
4 4 10 27
3 4 14 31
2 4 17 25
6 4 39 24
1 3 7 30
8 4 10 29
4 4 14 30
7 4 46 29
4 3 7 33
5 3 8 45
6 4 35 44
6 3 8 47
2 4 36 45
4 3 9 8
6 4 13 8
7 4 19 8
7 5 28 9
8 4 31 9
7 4 33 8
3 3 9 42
5 4 18 41
7 3 7 42
8 3 9 43
6 3 8 43
2 4 30 43
2 3 7 42
7 3 9 44
5 5 20 43
2 5 37 44
5 5 37 47
1 4 42 46
2 4 43 42
1 3 10 3
1 4 18 3
4 4 40 2
3 3 10 11
4 4 36 11
7 3 8 11
1 3 10 19
3 3 10 22
5 4 27 20
5 3 10 49
5 4 52 50
6 3 11 35
6 5 41 35
8 3 10 36
7 4 38 36
6 3 9 37
8 3 8 37
6 3 11 57
2 3 10 56
6 4 35 55
3 4 41 56
7 4 43 58
8 3 11 59
7 4 28 59
7 4 33 58
2 4 31 60
8 3 12 12
2 3 12 46
1 3 11 46
6 5 11 46
6 4 16 45
4 3 11 48
1 3 11 46
6 4 35 48
2 4 42 47
5 3 10 47
8 5 29 46
7 3 12 57
4 4 42 57
7 3 13 31
3 3 13 43
3 4 30 42
6 4 42 44
7 3 13 66
3 3 15 28
5 4 17 27
3 3 15 65
7 5 46 65
6 4 45 64
8 3 16 19
1 4 23 19
2 4 37 20
5 3 16 39
2 4 23 38
6 3 16 52
2 3 17 6
4 4 32 7
2 3 17 15
4 3 15 16
6 4 17 16
3 3 18 15
1 3 18 31
4 5 29 29
4 4 16 31
3 5 23 31
1 5 32 31
2 4 32 33
7 3 19 1
6 4 40 2
1 3 19 17
1 3 19 27
2 3 20 2
2 4 36 4
2 4 37 6
5 3 20 2
6 3 20 35
8 3 21 9
8 3 21 16
3 3 21 15
6 3 22 3
3 4 21 3
8 3 22 66
5 4 40 66
5 3 23 49
3 4 34 47
7 4 46 49
7 3 23 56
7 4 27 55
7 3 24 42
5 5 42 42
2 3 24 59
5 3 23 60
3 5 25 60
7 3 23 62
3 5 43 62
7 3 25 40
7 3 25 44
3 3 25 56
2 3 26 12
7 3 26 12
6 4 26 13
5 4 38 10
7 3 27 1
3 4 34 1
3 3 28 3
4 4 31 3
7 3 28 2
6 3 28 32
8 4 29 32
8 3 28 61
2 3 30 1
5 3 30 1
8 3 29 1
4 3 28 1
3 3 30 30
4 3 30 46
8 3 31 23
2 3 31 24
2 3 31 27
7 3 31 45
3 4 31 45
2 3 31 54
7 4 30 55
4 5 34 53
3 4 39 51
3 3 30 54
5 3 31 53
3 3 31 62
2 4 32 60
6 5 32 61
7 3 28 63
7 3 32 1
3 3 32 1
6 3 32 21
5 3 32 27
6 3 35 22
1 4 43 20
3 3 35 23
7 3 33 23
7 4 36 21
5 3 35 53
2 4 33 54
8 4 43 52
3 4 47 50
5 3 33 53
3 3 36 12
6 3 36 48
7 3 36 63
2 5 35 63
1 3 37 27
7 3 38 10
1 3 37 12
8 3 39 16
6 3 39 20
1 3 38 19
7 3 41 7
6 3 41 41
4 3 42 49
7 3 44 12
8 3 44 21
2 3 43 22
4 4 44 21
1 3 44 23
2 3 44 66
6 3 45 66
1 3 47 20
6 3 49 24
1 2 1 4
7 3 9 5
8 3 20 5
6 4 33 5
4 3 37 5
8 2 1 4
1 3 5 4
1 2 1 12
6 3 6 11
3 4 23 11
7 4 27 12
3 4 31 10
3 3 16 10
2 4 16 9
3 3 15 9
2 3 24 9
5 3 35 12
4 2 1 11
8 2 1 10
3 2 1 13
2 3 9 13
3 4 9 12
3 3 35 14
1 2 1 16
8 3 19 16
3 3 21 15
7 3 28 16
8 2 1 22
5 3 1 23
6 4 19 22
5 4 18 23
3 4 17 24
1 3 5 22
5 3 4 22
5 3 6 22
2 3 5 21
7 4 12 22
8 3 12 24
7 3 14 25
5 5 14 24
2 3 12 25
5 3 35 21
4 3 39 26
3 2 1 27
3 4 4 26
7 4 28 25
3 3 7 26
6 3 8 27
2 3 35 29
6 2 1 28
8 3 9 29
7 3 19 30
3 3 24 28
2 3 23 29
3 3 38 28
8 2 1 29
7 3 3 28
3 4 15 29
7 3 9 29
6 3 11 30
1 3 10 31
6 3 12 30
5 3 10 30
4 3 15 28
6 4 15 30
5 3 21 30
2 3 28 32
4 3 30 28
3 2 1 34
6 3 32 34
4 3 34 34
2 4 33 35
5 2 1 34
8 3 2 33
5 3 27 32
5 2 1 36
5 4 6 35
6 5 20 36
5 4 30 37
6 3 3 35
3 5 28 34
4 3 19 40
5 3 20 36
1 3 23 37
3 3 24 40
5 3 26 35
7 3 27 34
7 3 43 40
8 2 1 35
4 3 6 34
6 3 6 36
3 3 7 34
6 3 8 35
5 4 10 35
7 3 10 37
4 3 17 34
4 5 27 36
8 3 16 35
3 3 21 37
1 3 22 34
8 3 30 37
4 2 1 49
7 4 23 47
8 4 31 49
2 3 7 47
4 3 7 49
6 4 21 46
3 3 19 49
2 3 19 50
1 3 20 49
5 3 24 51
4 3 23 52
1 3 29 45
4 3 33 53
6 3 32 52
5 5 32 50
3 3 36 52
5 3 37 43
7 5 37 41
6 2 1 53
7 4 30 52
2 3 10 52
4 4 23 52
8 3 10 53
3 4 21 51
3 3 9 53
7 3 11 52
3 7 18 51
6 4 22 54
6 3 10 52
1 4 19 53
7 3 12 53
1 3 15 51
5 3 21 54
2 3 20 53
2 3 25 51
4 3 25 56
6 3 26 57
8 3 29 50
3 2 1 60
1 4 1 59
2 4 22 61
2 3 7 62
5 4 11 63
2 4 26 64
3 3 9 64
7 4 37 65
2 3 12 65
3 4 30 64
4 3 20 61
8 3 29 63
2 3 33 65
4 2 1 66
7 3 25 65
1 3 27 65
5 2 2 4
1 3 25 3
4 5 25 2
5 2 2 8
3 3 3 8
1 3 9 7
8 3 7 7
2 4 10 6
4 5 10 7
3 3 10 9
4 3 18 9
6 4 22 8
1 3 20 11
4 3 20 11
8 3 31 12
6 3 31 13
2 3 39 7
2 2 1 8
6 3 24 6
6 3 26 7
7 2 2 22
8 3 4 21
7 3 4 22
7 3 29 22
3 3 30 21
4 2 1 22
2 3 8 21
3 3 12 20
7 3 11 20
2 3 12 18
5 4 12 17
6 4 12 19
8 3 10 18
7 5 28 17
5 5 28 17
4 3 18 19
8 4 24 17
2 3 27 17
4 3 27 18
3 2 1 22
1 3 1 21
8 3 12 22
1 3 23 19
2 3 23 20
6 3 25 17
3 3 36 24
6 2 2 27
8 3 15 28
7 2 2 35
2 4 21 34
5 3 6 35
8 3 6 34
4 3 15 35
6 3 17 36
2 3 30 38
2 2 1 35
4 2 2 36
1 2 2 58
6 4 23 56
4 3 31 57
8 2 2 58
7 3 21 59
4 3 21 60
5 5 24 60
4 2 1 59
5 4 20 58
3 3 5 58
5 3 15 58
8 3 23 58
3 2 1 59
6 3 4 60
6 4 13 58
1 3 6 60
7 3 31 57
6 2 2 57
1 3 15 58
3 4 13 58
7 4 14 59
2 2 2 57
1 2 2 56
2 2 3 3
6 3 6 2
1 3 22 1
3 4 22 1
7 2 3 10
6 2 3 20
1 3 3 20
3 2 3 24
2 3 4 23
6 3 16 25
2 3 32 24
8 2 3 33
3 2 3 46
1 3 8 44
3 3 7 45
2 4 27 45
8 3 11 45
1 5 12 43
2 3 14 46
5 7 24 43
8 3 24 46
8 3 38 42
5 2 3 52
5 3 24 51
3 2 3 51
6 3 3 51
6 3 14 50
4 3 24 48
1 2 3 57
2 3 27 55
2 2 2 57
1 3 7 56
8 3 8 57
6 2 2 56
3 2 4 5
7 3 9 5
5 3 22 7
2 2 4 28
3 2 4 31
4 2 3 31
2 3 6 31
7 4 14 30
5 3 14 28
5 4 15 27
3 3 19 27
6 2 4 30
1 3 5 29
7 3 5 31
5 4 5 30
8 4 9 29
4 4 8 30
4 3 5 30
2 3 3 30
1 3 7 27
3 3 8 28
4 4 6 28
3 3 15 32
2 3 23 27
8 2 3 31
6 2 4 40
3 3 6 40
1 3 5 41
6 3 6 39
8 3 6 41
5 3 18 40
2 3 22 41
7 3 23 40
5 2 4 41
4 3 4 40
7 3 4 39
3 3 7 41
1 3 5 43
4 4 16 41
8 4 23 42
8 3 17 43
4 2 3 39
8 3 32 38
3 2 4 53
2 5 7 52
2 3 16 54
6 2 4 53
5 3 4 52
1 3 3 52
5 3 12 53
8 2 3 51
4 4 8 50
3 3 14 49
7 3 20 49
6 3 20 50
5 2 3 52
3 2 4 51
7 3 8 52
7 2 4 50
4 3 15 50
1 3 21 49
6 3 20 50
5 3 25 48
6 2 4 50
5 3 13 48
8 3 20 49
6 2 4 53
2 2 3 53
3 2 2 53
8 2 4 58
4 3 6 57
8 3 12 59
1 3 11 59
5 3 11 57
6 3 15 59
5 2 4 58
6 2 4 66
7 3 4 65
2 3 8 63
4 3 29 64
2 2 3 66
3 4 26 65
8 3 19 66
6 3 36 64
4 3 36 63
8 2 3 65
8 3 6 64
1 3 6 64
7 3 6 63
1 3 20 63
8 4 23 62
4 4 22 62
2 3 22 63
2 2 4 64
8 2 5 14
4 3 30 13
4 2 4 14
5 3 9 12
2 3 29 11
7 2 4 13
6 3 7 12
1 3 7 12
4 3 7 12
7 3 6 12
8 3 28 14
1 3 32 15
3 2 4 12
8 2 5 12
6 4 9 10
3 3 14 8
3 3 19 10
1 3 22 13
1 3 24 9
6 3 24 14
5 2 5 14
5 3 7 15
8 3 8 17
2 3 9 13
8 3 8 15
5 3 17 14
6 3 18 19
6 2 5 19
5 2 5 27
8 3 9 27
7 2 5 33
8 3 18 32
7 2 5 36
4 4 5 35
7 3 9 36
2 3 23 37
3 2 5 36
6 2 4 36
3 2 3 36
1 3 5 36
5 2 3 36
3 2 3 36
5 2 5 45
7 3 6 45
3 3 22 46
8 2 4 46
7 2 4 45
2 5 4 44
4 3 3 47
3 3 14 43
1 4 26 42
6 3 21 42
5 3 21 43
4 2 3 44
4 3 13 44
3 3 18 42
1 3 21 41
4 3 20 43
3 2 3 44
5 4 3 44
4 3 1 45
4 3 5 45
2 2 1 45
3 3 8 44
8 3 7 43
2 3 6 43
2 3 8 46
1 2 2 45
5 2 3 46
6 3 4 46
6 4 10 46
3 4 9 47
1 3 10 47
7 3 10 49
1 4 11 49
7 2 4 44
1 2 3 45
8 2 5 45
7 2 5 44
1 3 9 42
8 4 9 41
2 3 19 40
4 3 25 40
1 4 25 39
5 2 5 49
5 3 8 50
1 3 12 50
3 2 5 48
7 3 13 49
2 2 5 51
7 2 5 56
2 4 11 55
8 3 7 56
8 2 4 56
7 3 8 55
7 3 13 54
8 3 19 55
3 2 4 55
5 4 10 54
4 3 11 54
1 4 9 55
3 3 9 54
1 3 12 54
8 2 5 56
3 3 10 55
2 2 5 57
6 3 6 58
4 3 7 57
5 3 9 56
3 2 5 58
8 2 5 62
4 3 13 60
2 3 18 61
4 2 6 1
4 3 10 2
3 2 6 16
2 3 10 16
2 3 16 15
2 2 6 18
1 2 6 23
5 3 27 24
7 2 6 27
2 4 7 26
1 5 6 26
1 3 18 25
8 2 5 27
5 2 6 25
6 2 6 25
3 2 6 24
2 3 12 25
7 2 5 24
4 4 12 23
2 3 13 26
7 2 6 37
7 2 6 40
6 3 18 41
3 2 6 43
5 2 5 44
3 2 5 44
6 2 6 54
4 2 7 6
2 3 14 4
2 2 7 11
1 2 7 13
1 3 8 14
4 3 11 14
7 2 7 15
5 2 7 19
4 2 6 19
4 3 8 18
5 3 13 16
3 4 14 18
5 2 7 54
4 2 7 64
8 3 20 62
5 3 21 63
2 2 7 65
8 2 8 8
1 3 14 8
8 3 22 7
2 2 8 9
1 3 16 7
4 2 7 10
5 3 10 9
6 2 7 9
1 2 8 21
4 3 7 21
3 3 8 22
7 3 23 20
2 2 7 24
8 3 12 22
5 2 7 23
2 3 11 22
5 3 11 21
1 2 7 23
4 2 8 33
8 2 8 43
6 2 7 43
6 2 8 50
7 2 8 51
1 2 8 58
5 3 10 58
3 3 9 59
3 2 8 66
6 2 9 9
7 2 9 14
8 2 9 14
6 4 11 13
8 3 17 11
4 3 21 15
4 2 9 24
1 2 9 23
4 3 14 22
6 3 13 24
6 2 9 32
7 2 9 50
2 2 9 50
3 2 9 55
2 2 9 58
7 2 9 60
2 2 8 60
8 2 8 61
6 2 9 62
5 3 10 60
3 2 9 61
7 3 17 62
7 2 8 62
6 2 8 62
3 2 8 62
1 2 10 16
5 2 10 18
5 3 16 19
3 2 10 23
1 2 10 22
8 2 10 33
6 4 15 33
1 3 15 32
5 2 9 33
7 3 14 32
2 2 10 50
8 2 10 63
1 3 10 63
2 2 9 63
4 3 12 63
5 2 10 63
6 2 10 64
3 2 11 2
2 3 25 1
7 2 11 18
4 2 11 24
8 2 11 27
2 2 11 64
8 2 11 67
2 3 25 65
7 2 12 1
7 2 12 28
4 2 12 66
1 2 11 67
5 2 10 67
3 3 23 66
3 2 11 66
7 2 11 65
2 3 14 64
4 3 13 66
3 3 14 63
5 3 13 65
2 2 12 66
6 2 12 65
2 2 12 66
4 2 13 17
1 2 12 17
6 2 12 18
2 2 12 18
7 2 12 17
8 2 13 22
2 2 13 34
3 2 13 33
8 2 13 33
8 2 14 8
2 3 16 6
7 4 16 7
6 2 14 13
8 2 14 12
4 2 14 13
3 2 14 15
1 2 13 15
7 3 15 15
6 2 13 15
8 2 14 19
1 2 14 28
6 2 14 28
6 2 14 40
8 2 14 39
3 4 14 38
2 3 14 37
3 2 12 38
4 3 19 38
3 2 14 37
7 3 13 37
4 2 15 15
5 3 15 15
6 2 16 3
1 2 16 17
3 2 17 6
5 2 17 8
7 2 17 25
6 2 17 39
7 3 24 38
7 2 18 25
2 2 17 25
6 2 16 25
8 2 17 25
8 2 19 5
7 3 22 5
3 3 21 5
2 2 19 7
6 2 18 7
1 2 19 26
7 2 19 40
3 2 21 20
4 2 21 21
2 2 21 40
6 2 21 41
1 2 23 40
7 2 24 2
1 2 25 1
7 2 25 5
6 2 29 67
5 2 30 48
1 2 31 2
1 2 31 67
8 2 36 1
