39915
1877
6 82 12 34
6 42 28 66
6 37 20 62
6 51 100 13
6 36 68 17
6 34 4 85
6 29 12 15
6 26 12 70
6 27 41 47
6 22 9 57
2 23 44 75
6 21 4 26
6 23 35 25
6 21 27 79
6 20 20 1
6 22 50 62
6 17 24 41
2 17 45 40
6 16 13 98
6 19 27 92
6 19 58 97
6 16 26 14
6 16 41 79
6 16 62 49
1 15 18 45
1 16 32 45
6 16 61 41
6 15 76 7
6 19 81 57
6 14 3 50
6 14 19 81
2 14 36 53
3 14 73 21
6 13 4 6
6 13 22 26
8 13 27 35
4 13 51 69
6 13 56 80
8 15 81 14
6 12 1 74
6 12 27 36
6 12 46 41
6 12 49 51
6 12 62 72
6 12 66 89
6 11 28 26
1 11 37 57
2 11 39 46
6 11 41 33
6 11 50 1
6 10 4 66
6 10 12 1
6 10 17 82
6 10 19 6
3 10 26 39
6 10 36 34
6 10 38 34
6 10 43 74
6 10 47 57
6 10 50 7
6 10 50 89
6 10 57 89
6 13 64 1
2 9 21 11
2 10 83 3
6 9 27 50
6 9 33 74
6 9 51 42
3 9 52 17
6 9 56 17
6 8 3 98
6 8 10 26
4 8 16 48
2 8 24 76
7 8 25 73
6 8 26 58
3 8 30 21
2 9 45 20
1 8 32 82
6 8 33 1
6 8 36 54
6 8 39 89
8 8 46 42
3 8 75 11
5 11 75 11
8 7 4 81
6 7 4 90
6 9 18 89
3 7 8 91
2 7 11 11
8 7 11 82
3 7 14 33
1 7 14 43
5 7 17 57
7 7 17 62
6 8 42 60
6 7 19 41
7 7 19 59
6 7 25 2
1 7 28 29
6 7 30 18
2 7 31 25
6 7 30 26
6 7 32 50
4 7 30 48
6 7 35 10
7 9 62 7
8 8 74 8
2 16 78 5
6 7 36 66
2 7 39 2
6 11 40 1
4 7 39 52
8 7 42 83
6 7 43 54
4 9 37 55
2 8 42 51
3 11 38 51
2 7 45 70
7 7 49 68
1 13 50 67
4 7 51 63
2 7 60 14
2 8 61 11
6 7 61 8
3 7 71 78
5 8 79 6
7 6 1 6
2 7 67 4
5 6 1 29
6 6 4 16
5 6 5 39
6 6 5 90
6 6 6 42
1 6 7 17
1 6 9 25
2 6 13 26
5 6 14 15
6 6 15 44
6 6 15 58
6 7 33 58
7 6 17 51
4 6 17 76
3 6 20 78
5 7 43 79
8 6 25 31
6 6 28 98
2 7 34 98
6 8 32 98
1 6 29 85
1 7 82 85
6 6 33 89
3 6 34 64
1 6 38 15
5 6 40 57
2 6 41 15
7 6 51 51
2 6 55 6
2 6 66 12
4 6 79 91
1 5 1 57
2 8 5 56
1 6 14 58
1 5 2 1
4 10 1 1
2 6 14 3
2 9 22 4
5 5 2 85
2 5 3 19
4 6 5 18
6 7 3 18
2 5 5 16
6 5 7 10
6 7 11 8
3 5 7 37
2 5 9 28
4 5 9 27
7 5 9 63
6 5 11 66
7 5 11 73
8 6 50 75
2 6 47 76
6 5 10 74
5 5 11 73
7 5 12 66
6 5 13 66
8 5 13 84
2 5 12 84
7 6 73 83
4 5 14 43
4 6 30 41
6 5 15 2
8 5 17 43
2 6 44 45
6 5 18 33
2 5 18 46
6 6 50 46
6 5 16 44
6 5 19 98
2 5 25 46
6 8 28 46
6 5 26 13
8 5 26 48
6 5 27 58
3 5 28 17
6 5 30 61
8 5 30 99
2 5 32 62
6 6 47 63
3 6 78 63
3 5 34 8
7 5 37 79
2 5 38 94
4 5 40 53
6 5 43 54
7 5 45 22
6 5 46 10
3 5 46 27
8 5 49 91
2 7 49 92
3 7 56 91
2 9 76 91
7 5 50 64
2 5 52 67
1 5 59 43
3 5 65 9
3 5 69 91
6 5 69 93
6 5 73 68
8 6 73 67
8 5 73 91
6 5 83 59
8 4 1 52
7 4 1 57
4 4 2 42
2 6 6 41
5 4 3 2
5 6 23 1
7 4 3 65
2 5 35 62
6 5 65 62
2 6 65 62
6 5 72 62
6 4 4 18
2 4 5 1
4 4 5 11
6 6 11 10
2 5 40 8
2 5 57 7
2 5 61 11
3 4 6 33
8 5 5 32
2 5 6 31
4 8 28 30
4 4 6 55
8 8 74 55
6 5 70 52
2 4 7 71
2 6 28 68
6 5 63 67
2 5 73 71
2 4 7 89
7 4 8 8
2 5 73 6
6 4 8 50
3 4 10 69
4 5 12 67
1 5 37 71
5 5 54 71
1 4 10 91
8 5 63 67
2 4 11 8
3 6 33 7
2 6 31 10
4 6 46 11
2 6 44 11
6 5 63 12
2 7 64 11
1 4 11 12
5 4 11 71
1 4 12 1
4 4 12 3
7 7 67 3
8 4 12 7
2 4 12 44
8 4 12 98
6 4 12 98
4 4 13 26
4 5 20 24
3 4 13 25
6 4 13 66
4 4 13 97
2 4 15 70
1 4 15 99
1 4 16 50
8 4 16 74
6 4 16 92
3 4 17 47
4 5 19 47
2 4 17 90
8 4 18 11
6 4 18 10
5 4 18 51
8 5 32 92
4 5 39 51
2 5 41 52
4 4 19 7
2 4 20 14
7 6 24 13
4 5 53 11
7 5 66 91
2 7 72 92
1 4 20 40
6 4 20 42
2 4 21 56
6 6 31 54
2 5 64 51
6 4 23 52
2 4 23 64
7 4 24 57
5 4 25 35
4 6 58 36
7 4 25 61
2 5 36 60
1 4 27 12
2 4 28 23
6 4 27 21
2 4 29 6
8 4 29 8
3 4 30 15
7 4 30 92
3 4 33 60
6 5 40 93
6 7 51 94
2 6 55 59
1 5 70 93
6 4 36 61
2 6 54 62
2 8 61 59
2 4 37 22
8 4 38 43
2 4 38 70
6 5 37 70
2 5 53 70
6 5 71 71
7 4 38 75
1 4 39 4
2 4 39 67
1 4 41 37
2 4 41 54
4 4 42 15
2 5 64 14
4 5 62 15
5 4 42 30
2 5 56 30
1 5 67 29
2 5 68 28
4 4 42 32
2 4 42 30
1 4 42 62
3 4 43 37
2 4 45 28
6 4 45 67
7 4 46 65
2 4 49 40
2 4 50 46
6 4 50 70
7 5 68 70
2 4 56 54
4 4 57 39
2 5 69 37
6 4 57 43
2 4 58 22
8 4 58 83
1 4 64 91
4 4 65 27
7 4 65 37
4 4 66 76
7 4 69 57
1 4 70 87
7 4 72 72
7 4 74 75
2 5 75 94
2 4 79 24
4 4 79 31
2 4 77 32
1 4 79 80
1 4 80 99
2 5 80 99
6 3 1 1
4 4 4 3
4 3 1 1
3 3 1 7
6 4 49 6
2 3 1 22
6 6 52 21
2 4 8 21
3 6 17 21
4 4 11 19
2 6 74 19
4 4 22 20
3 4 61 23
1 4 64 21
3 3 1 27
1 4 2 26
2 4 59 27
4 4 81 28
2 3 1 54
2 4 19 54
3 3 1 57
1 3 1 73
4 4 9 74
1 4 16 73
7 4 39 72
2 4 68 75
6 3 1 82
3 5 12 82
6 5 10 82
1 3 2 20
6 4 31 20
5 4 40 21
4 4 41 23
4 3 2 22
7 3 2 67
5 4 5 66
2 4 57 67
6 3 3 54
6 4 43 53
5 4 51 55
2 3 2 54
2 4 31 54
1 4 59 55
7 3 3 83
8 3 3 84
2 4 18 84
2 4 52 84
5 3 4 18
3 4 16 17
6 3 4 61
6 4 24 63
2 4 28 60
6 5 46 62
2 3 4 64
2 3 5 28
7 4 29 27
6 3 5 38
2 4 11 38
3 3 6 27
8 3 6 80
1 4 20 78
6 4 49 76
4 3 7 15
4 4 19 15
1 4 19 13
2 4 22 13
8 4 28 11
2 3 7 18
2 3 7 77
8 5 51 76
2 3 8 12
8 4 33 11
6 3 8 30
4 4 22 31
2 5 20 30
5 3 8 81
7 3 8 95
2 6 29 93
4 5 50 93
2 4 82 96
4 3 9 32
4 4 61 31
2 4 59 30
6 3 9 42
1 3 9 50
3 3 8 50
6 3 9 90
8 5 7 90
6 4 6 90
2 3 9 98
6 3 7 98
4 3 10 7
2 4 38 4
7 3 10 21
2 4 20 20
4 3 10 48
8 4 13 47
5 5 62 47
7 3 10 65
7 3 10 69
4 4 14 67
2 3 9 68
6 6 19 68
6 4 28 68
5 4 34 69
1 3 11 2
4 4 18 3
8 3 11 3
4 4 30 4
6 4 54 4
2 3 11 77
6 4 41 78
1 3 12 5
6 4 27 6
4 4 48 7
1 4 56 8
8 4 55 7
2 3 11 6
3 3 12 27
1 4 55 27
7 3 12 49
7 3 12 67
8 3 12 66
5 3 13 39
2 3 13 45
2 4 39 46
2 3 13 59
3 4 11 59
1 4 15 58
4 4 24 59
4 3 13 72
8 4 28 72
2 4 37 70
4 3 14 34
4 6 21 34
3 4 20 34
2 4 39 35
4 3 14 43
4 3 15 17
5 3 13 17
6 5 13 17
8 4 42 15
5 4 43 16
8 3 15 15
6 5 21 14
6 4 30 14
3 3 15 33
5 4 19 31
3 3 15 38
4 6 59 35
8 3 16 1
2 3 16 8
3 3 16 9
8 3 16 16
5 4 43 15
7 3 16 37
8 4 35 36
4 3 16 40
8 3 16 73
5 4 17 73
6 4 14 74
4 4 24 71
4 4 53 75
2 3 17 37
3 3 17 56
8 3 16 56
2 4 25 55
6 4 35 53
3 3 17 69
6 3 17 86
3 4 40 87
5 4 46 85
6 5 47 85
2 4 44 84
2 4 72 84
3 3 18 36
7 3 18 47
2 3 18 60
7 3 18 83
7 3 19 1
5 3 19 10
8 3 19 87
6 4 52 84
2 4 51 86
6 5 59 85
2 3 21 8
3 3 21 19
6 3 21 21
7 3 21 85
7 3 21 87
6 4 20 86
6 3 22 6
2 4 22 5
3 4 42 5
8 4 47 3
8 3 22 4
8 4 32 3
8 4 50 3
6 3 22 10
4 3 22 27
4 3 22 32
5 5 58 30
3 3 22 48
5 3 22 49
3 3 22 53
2 3 22 86
7 4 32 85
2 4 31 84
5 5 76 87
3 3 23 11
7 3 23 67
7 3 23 88
8 3 24 47
7 3 24 73
2 4 26 72
7 5 29 71
4 5 28 72
7 3 24 79
7 4 40 78
6 4 57 76
2 3 24 93
4 3 26 49
2 3 26 56
3 3 26 56
6 3 26 62
5 3 26 78
2 4 54 78
3 3 27 13
3 3 27 21
2 4 44 20
3 3 27 47
4 3 27 59
8 3 27 60
7 3 27 75
2 3 27 84
6 3 28 54
1 3 28 83
5 3 29 44
2 4 36 44
7 4 63 43
6 3 29 46
2 5 28 46
2 4 37 43
6 4 36 46
1 3 28 48
8 3 29 67
4 3 30 4
6 3 30 46
2 3 30 45
3 4 30 43
4 4 51 43
4 3 30 55
4 3 31 19
3 3 31 95
6 4 40 94
6 3 32 29
3 4 46 29
6 4 45 30
4 3 32 30
3 3 32 39
7 4 46 39
3 3 32 47
2 3 34 14
4 3 34 15
2 3 33 16
3 3 34 31
4 3 34 36
1 3 34 35
2 3 34 35
3 4 34 35
4 3 34 67
3 3 34 68
2 3 34 93
2 4 37 94
6 3 32 94
2 4 47 94
7 3 35 13
4 3 35 27
4 3 35 71
1 3 36 62
5 4 38 61
1 3 36 78
8 4 51 78
6 4 63 78
2 4 60 78
2 3 35 77
3 5 55 77
8 3 37 64
4 3 37 65
7 3 37 93
4 3 38 44
6 3 38 67
2 4 47 68
8 3 38 84
4 3 38 83
2 3 39 24
7 3 39 61
2 3 39 80
5 3 40 22
6 4 51 20
3 3 40 23
7 3 40 31
3 3 40 52
2 3 40 72
4 3 40 80
4 3 41 16
6 3 41 61
2 4 40 62
6 3 39 62
2 3 38 62
3 3 42 13
4 3 42 20
4 3 42 63
8 3 43 12
2 3 43 78
8 3 43 80
6 5 47 78
2 4 47 76
2 4 53 80
8 3 45 43
7 3 45 55
4 3 46 68
1 3 45 69
2 3 47 20
6 3 45 22
5 3 47 91
8 3 47 93
8 3 48 31
8 3 48 63
3 3 48 65
2 3 48 85
6 5 58 83
3 3 49 36
6 3 49 37
7 3 50 77
8 4 53 75
7 3 50 79
6 3 51 4
3 3 50 5
2 3 50 6
6 3 49 6
3 3 51 29
7 3 51 81
6 3 52 30
8 3 52 86
4 3 53 27
8 3 53 36
4 3 51 36
3 3 53 51
2 3 53 87
2 3 53 100
2 5 65 99
4 3 52 99
2 3 54 85
6 3 53 86
4 3 56 95
4 3 57 20
4 3 57 44
6 3 58 75
2 3 60 80
3 3 61 25
2 3 63 14
2 3 65 91
8 3 65 92
3 3 67 19
3 3 77 88
4 3 78 96
6 2 1 2
8 2 1 3
1 2 1 2
2 3 9 3
4 3 47 4
6 2 1 2
3 3 1 1
2 3 5 3
7 3 33 5
2 2 1 4
2 2 1 18
3 3 4 17
7 3 3 17
4 3 4 16
6 3 4 18
2 3 16 14
2 3 21 15
8 3 24 15
2 4 28 14
6 3 30 14
5 3 56 13
8 2 1 20
8 3 3 20
7 3 3 21
2 3 21 21
4 4 23 22
1 4 32 22
6 3 21 22
6 4 25 21
8 3 25 23
8 4 39 20
1 3 34 24
2 3 38 19
4 3 53 23
6 2 1 25
2 3 5 24
7 3 11 25
3 3 19 24
8 4 30 23
2 3 26 23
2 3 32 22
4 3 38 24
4 2 1 26
5 2 1 26
6 2 1 26
1 2 1 33
6 2 1 54
2 3 12 53
2 4 24 52
6 3 10 54
1 3 21 53
5 3 34 55
2 3 46 55
4 3 50 55
1 2 1 61
6 2 1 62
2 3 13 62
3 4 20 61
6 3 12 62
2 4 16 62
2 3 31 59
2 2 1 62
2 3 6 62
6 2 1 74
2 3 10 74
4 3 34 75
4 3 40 75
5 2 1 76
4 3 2 74
6 3 18 76
6 3 45 77
3 2 1 98
7 3 39 99
2 3 36 100
4 2 1 98
6 3 71 99
2 2 1 98
8 3 2 97
7 3 2 97
5 3 5 99
4 3 9 96
1 4 41 95
2 4 39 96
4 4 39 95
8 3 27 95
5 4 40 96
1 5 62 95
4 3 26 96
8 3 48 95
3 4 47 95
8 2 2 4
7 4 46 5
6 3 11 5
2 3 31 6
6 4 41 4
2 3 42 3
1 2 2 18
2 2 2 18
4 2 2 19
2 2 2 22
6 4 2 21
5 3 25 22
2 4 27 20
7 3 30 23
3 2 2 25
7 3 24 24
4 3 30 23
6 2 2 34
4 4 4 32
2 3 12 30
2 3 24 28
6 3 32 29
1 3 34 30
8 3 36 29
8 3 55 27
6 3 68 28
5 2 2 43
1 4 12 42
6 3 11 42
2 3 44 43
4 2 2 51
8 2 2 58
4 3 10 59
8 3 16 59
4 3 49 59
6 2 1 58
1 4 1 57
2 2 2 56
6 2 2 60
8 3 59 59
8 2 1 60
3 4 35 59
6 3 15 59
1 2 2 66
3 3 5 66
1 4 3 66
3 3 4 65
4 3 7 63
2 3 18 67
8 3 19 69
8 3 21 64
1 3 20 65
8 3 27 67
6 3 40 64
3 2 2 82
8 3 11 82
6 2 2 82
2 2 2 84
1 4 44 83
5 3 26 84
4 3 25 84
8 3 30 84
1 2 2 99
4 4 3 97
2 3 2 99
5 2 1 99
3 3 40 99
6 2 3 2
7 2 3 1
8 2 3 3
4 2 2 4
6 2 1 4
6 3 21 4
2 2 3 6
6 2 2 6
2 4 17 6
6 4 17 5
3 2 2 5
4 2 3 12
8 4 37 11
6 3 18 12
3 4 27 14
2 3 17 14
6 3 15 14
2 3 15 13
7 3 30 15
4 2 3 28
3 4 6 29
2 4 42 28
5 3 28 30
2 4 27 29
4 4 39 28
1 3 30 30
2 3 30 29
4 3 58 27
2 3 59 28
8 3 57 28
2 3 56 27
6 2 3 34
7 3 4 33
5 4 3 33
1 3 4 32
3 3 4 34
5 4 32 35
7 3 8 35
2 4 39 36
8 3 10 32
2 3 10 35
4 3 14 36
8 3 15 36
2 3 13 36
2 3 16 32
4 3 17 37
6 3 35 38
6 4 58 38
3 3 42 39
2 4 59 38
4 3 43 40
6 3 49 32
4 3 57 40
2 2 3 38
6 4 43 38
2 3 4 38
4 4 8 36
2 3 26 38
6 4 29 37
2 5 37 35
7 3 31 40
8 3 30 40
2 3 41 36
4 3 53 35
2 2 3 46
4 3 9 46
6 2 2 46
2 3 24 45
4 3 49 47
6 3 60 43
2 2 1 46
2 2 3 50
6 2 3 50
5 2 3 58
3 3 12 58
2 3 31 59
4 4 31 60
5 3 29 59
4 3 34 59
6 3 46 59
8 2 3 64
6 3 45 64
4 3 50 63
6 2 3 66
2 2 3 70
2 3 7 69
6 4 48 67
6 2 2 70
6 2 3 70
2 4 14 68
8 3 16 67
2 3 39 67
8 3 38 68
5 2 3 73
8 3 18 72
1 3 18 71
3 3 17 71
7 2 3 75
2 2 3 78
6 2 2 78
2 4 14 77
8 3 4 78
8 6 11 76
8 3 33 80
2 2 1 78
6 2 1 78
2 4 24 77
6 4 27 76
1 3 6 78
2 4 25 78
1 3 18 78
6 3 19 78
2 3 17 78
2 3 48 76
2 2 3 94
2 3 13 94
4 5 15 92
8 3 37 91
8 3 59 95
1 2 3 95
6 3 51 94
4 2 4 7
6 2 4 13
6 2 4 34
2 3 4 34
6 2 4 56
8 3 5 55
8 3 20 55
4 3 38 56
2 2 4 56
6 3 45 55
4 2 3 56
2 2 4 58
4 2 4 76
1 2 4 97
3 3 14 96
2 3 45 94
2 2 5 6
6 3 4 6
4 3 36 7
2 2 3 6
6 3 2 6
7 2 2 5
8 2 3 4
2 2 2 4
1 2 4 5
2 2 3 6
5 3 14 5
4 3 23 3
1 3 22 5
6 2 2 6
2 2 1 6
6 2 3 6
2 2 2 6
6 2 1 6
3 2 4 7
8 3 31 7
7 2 3 7
1 3 15 7
8 3 22 7
4 3 27 8
8 2 5 7
3 4 7 7
5 2 5 6
8 3 10 7
1 3 16 9
2 2 5 10
2 4 15 10
1 2 5 14
6 3 10 13
6 4 34 12
2 3 23 13
3 4 28 13
6 3 22 14
2 4 28 12
6 3 25 14
6 3 27 12
3 2 5 15
1 2 5 16
2 3 4 16
8 2 3 16
3 3 19 16
8 2 5 16
7 3 9 15
4 3 19 14
8 3 22 14
2 3 21 14
2 2 4 16
8 3 15 15
8 2 5 19
8 3 46 19
5 2 5 25
4 3 40 23
7 2 5 26
5 2 5 35
7 2 5 38
6 3 4 38
1 3 17 39
6 3 36 38
2 3 41 38
6 2 5 42
1 2 5 50
2 2 5 53
5 2 5 53
5 4 30 51
4 3 42 52
4 2 5 54
6 2 4 54
2 3 3 54
6 2 2 54
2 2 1 54
3 2 1 53
8 3 29 52
6 3 28 51
1 4 47 51
2 3 37 51
2 3 46 51
4 3 44 52
6 2 4 54
2 2 3 54
6 2 2 54
2 2 2 54
6 2 4 54
2 2 3 54
6 2 2 54
7 2 5 55
2 2 5 60
8 3 31 59
6 3 34 59
8 2 4 60
5 4 11 59
7 3 10 59
8 3 10 59
4 2 4 59
6 2 5 62
2 3 4 62
6 3 16 62
7 2 5 73
8 2 5 76
6 3 32 75
2 2 5 78
6 2 4 78
2 2 3 78
6 3 2 78
2 2 5 80
4 2 4 80
4 3 20 79
4 3 28 79
4 3 33 79
6 2 5 82
3 2 6 3
2 2 6 8
7 2 6 9
2 2 6 10
5 3 13 9
4 3 36 11
2 2 6 14
4 3 6 14
2 3 11 16
2 2 6 14
6 2 5 14
6 2 6 22
2 4 11 20
2 3 6 21
6 2 4 22
2 2 3 22
4 2 6 26
4 2 6 43
4 2 6 56
1 3 17 55
6 2 6 58
4 3 5 58
6 2 6 62
2 3 5 62
8 2 5 62
6 2 6 70
2 3 5 70
1 3 12 69
6 2 4 70
1 3 19 70
2 2 3 70
6 2 3 70
2 2 3 70
2 2 4 70
6 2 3 70
2 3 20 69
1 2 3 70
6 2 3 70
2 2 5 70
6 2 4 70
2 2 3 70
6 2 3 70
7 2 6 71
5 2 5 71
8 2 4 71
4 2 6 72
5 2 6 74
6 2 5 74
6 2 6 74
1 2 6 75
3 2 5 75
4 2 6 79
4 3 11 80
4 2 6 83
2 3 12 83
4 4 41 84
8 3 18 83
6 3 29 85
7 2 6 83
1 2 6 91
8 5 12 90
4 3 9 90
6 3 28 93
2 4 25 94
7 3 46 92
5 2 6 90
8 2 6 90
8 2 6 94
6 3 15 94
2 3 18 94
6 3 16 94
3 3 35 93
6 2 5 94
6 3 8 94
2 3 11 93
4 3 18 95
8 3 28 94
4 3 37 95
2 2 4 94
2 4 5 94
6 2 4 94
8 2 5 96
2 2 4 96
8 3 4 95
3 3 17 93
4 3 19 95
1 2 5 95
4 2 7 11
8 2 6 12
4 3 26 11
8 2 7 15
5 3 13 13
4 2 7 23
5 2 7 25
8 3 34 24
2 3 33 24
8 2 7 32
5 3 10 31
1 2 7 42
7 2 7 57
6 2 7 64
4 3 23 63
7 2 7 75
3 2 7 75
6 2 7 87
2 4 44 88
8 4 70 88
4 3 11 87
4 2 7 87
3 3 48 85
8 3 51 87
1 2 7 87
1 2 7 93
2 2 8 10
5 2 8 13
2 2 8 22
6 2 7 22
5 2 8 28
6 4 10 28
2 2 8 30
6 3 12 30
6 4 22 30
8 3 14 31
8 3 16 31
2 4 27 30
6 3 25 30
6 2 7 30
2 2 6 30
2 2 7 30
6 2 6 30
6 2 7 30
2 2 6 30
3 3 9 29
7 2 8 31
4 2 8 31
6 2 7 32
7 2 8 37
6 4 20 38
2 3 19 38
2 3 24 37
5 3 30 35
6 3 32 37
6 2 7 38
3 3 16 37
2 2 6 38
5 3 18 37
8 3 35 36
6 2 5 38
2 2 4 38
6 3 13 37
7 3 18 37
4 2 8 60
7 3 24 59
7 2 8 61
3 2 7 61
8 2 8 62
2 3 7 62
6 2 6 62
2 2 5 62
6 2 4 62
6 2 8 70
2 2 7 70
6 2 6 70
7 2 8 77
6 2 7 78
2 2 6 78
6 3 5 78
2 2 4 78
6 2 3 78
8 2 8 88
4 3 31 87
4 3 56 87
2 2 7 88
8 4 27 87
2 3 26 88
3 3 46 87
2 3 47 86
8 3 64 88
8 2 6 88
4 2 9 16
6 2 9 16
8 2 8 16
6 2 7 16
2 3 6 16
3 2 9 19
2 3 45 19
7 2 8 19
1 2 9 47
8 3 47 47
2 2 9 48
2 3 18 48
2 3 25 48
6 2 9 48
4 3 39 48
2 2 9 59
1 2 9 61
6 2 9 76
8 2 9 80
2 3 39 79
2 2 9 80
8 2 9 86
6 2 8 86
6 3 20 86
2 3 19 85
5 2 8 86
4 3 17 87
4 3 39 87
2 2 8 87
8 3 20 88
1 3 19 89
4 2 7 88
8 2 9 90
6 2 9 90
8 2 9 96
4 2 9 99
2 2 8 100
4 2 10 9
7 3 10 9
5 2 9 9
6 3 9 9
3 2 10 23
7 2 10 25
7 2 10 35
6 3 10 35
7 3 14 35
4 2 9 36
4 2 10 36
2 2 9 36
4 2 10 40
6 2 10 48
4 3 21 48
2 2 9 48
3 3 13 47
6 2 9 48
8 3 21 47
4 2 8 48
1 3 42 47
5 2 10 57
8 2 10 63
2 2 10 72
3 2 9 73
2 3 11 72
4 3 13 72
8 2 10 71
6 2 10 72
8 3 17 71
2 2 10 75
8 2 9 76
7 3 19 76
2 2 8 76
4 2 10 79
5 2 10 79
7 2 9 79
8 2 10 79
3 2 9 79
1 3 29 79
1 2 10 97
4 2 9 97
8 2 11 3
6 2 11 22
2 2 10 22
6 2 9 22
2 2 8 22
5 2 11 37
2 2 11 43
8 2 10 44
6 2 11 56
6 2 11 60
6 3 20 59
2 2 11 86
6 3 20 84
2 4 19 86
1 2 11 95
8 2 11 96
1 2 12 9
4 3 17 7
7 2 11 9
6 3 19 8
3 2 11 9
1 2 10 9
3 2 12 9
1 2 12 9
6 2 12 14
6 2 12 24
3 2 12 35
2 2 12 38
1 2 12 40
4 2 12 41
5 2 12 43
1 2 12 44
2 2 12 43
6 3 21 44
4 2 11 44
3 4 27 43
2 3 25 43
8 2 12 43
3 2 12 45
5 2 12 45
7 2 11 45
8 3 44 43
5 2 11 45
6 3 43 43
2 2 12 46
8 2 12 52
2 2 12 64
3 2 12 75
3 2 12 79
8 2 12 79
2 2 11 80
5 2 12 86
1 2 12 93
5 3 16 92
1 2 12 99
8 2 13 24
4 3 23 23
2 3 39 23
1 2 13 35
2 2 13 38
6 2 12 38
2 2 12 38
5 2 13 39
4 2 13 44
6 2 13 46
5 2 13 53
5 2 13 55
8 2 13 68
4 3 22 67
7 3 20 69
3 3 18 69
7 2 12 69
4 2 13 67
3 2 13 75
2 2 13 80
1 2 13 81
8 2 13 84
1 2 13 91
4 3 38 91
1 3 37 93
2 2 14 7
5 2 14 17
7 2 14 19
4 2 14 20
8 4 14 19
1 2 13 19
2 2 13 19
8 3 18 20
1 2 13 21
4 2 13 20
6 2 12 20
8 2 12 19
5 3 32 20
7 2 11 19
4 2 11 19
5 2 10 19
3 2 12 19
4 2 12 19
8 3 20 19
7 3 19 19
3 2 14 23
8 2 14 28
3 2 14 41
2 2 14 48
8 3 24 47
7 2 13 49
5 2 13 49
4 2 14 55
5 2 14 57
2 3 14 56
3 2 12 57
2 2 12 56
6 2 12 56
8 2 14 60
7 2 14 63
7 2 14 65
5 2 14 71
1 2 14 87
3 2 13 87
7 2 14 97
1 2 14 97
6 3 18 96
2 2 15 8
5 2 15 9
3 2 14 9
5 2 13 9
8 2 13 8
4 2 12 8
8 2 12 7
2 2 12 8
7 2 12 9
5 2 11 9
6 2 13 8
5 2 15 40
8 3 43 39
7 3 43 39
4 2 15 40
2 3 14 40
5 2 15 43
7 2 15 43
2 2 15 43
3 3 14 43
2 2 13 43
8 2 15 56
1 2 15 57
4 2 15 76
8 3 26 75
8 2 15 95
7 2 14 95
1 2 16 3
1 2 16 11
4 2 16 12
2 3 16 11
7 2 15 11
3 2 16 25
5 2 16 45
8 2 15 45
6 2 15 45
5 2 16 57
8 2 16 68
4 2 15 69
7 2 15 68
4 3 31 67
1 2 16 83
2 2 16 83
4 2 15 84
1 3 45 84
4 2 16 86
6 2 15 86
6 2 16 94
8 2 16 93
1 2 17 5
3 2 17 7
7 2 17 15
1 2 17 17
8 2 17 31
8 3 22 32
7 2 17 31
3 2 16 31
4 3 22 31
1 2 17 36
3 2 17 59
1 2 16 59
2 3 34 59
7 2 17 71
4 3 20 71
8 3 23 71
7 2 17 81
3 2 17 85
5 2 17 87
5 2 17 93
2 3 31 91
3 2 16 93
4 2 17 92
7 2 17 93
1 3 24 92
7 2 18 13
1 2 18 17
4 2 18 20
1 2 18 59
8 2 18 60
2 2 17 60
6 3 16 60
5 2 17 60
5 2 18 65
2 2 18 68
4 2 19 12
5 2 19 31
4 2 19 48
8 3 28 47
5 3 26 49
2 2 19 48
6 2 18 48
2 3 24 48
2 2 17 48
5 2 19 53
8 2 19 55
3 2 18 55
2 2 19 59
7 2 19 59
3 2 18 59
5 2 19 69
7 2 18 69
3 2 19 69
2 3 25 68
6 3 27 67
4 2 19 88
4 2 19 91
5 2 19 91
8 2 20 4
1 2 20 31
1 2 20 43
5 2 20 69
8 3 24 68
8 2 20 68
2 2 20 68
8 2 20 76
7 2 20 79
2 2 20 86
6 3 19 86
2 2 18 86
6 3 17 86
6 2 18 86
5 2 20 91
3 2 21 21
8 2 21 20
3 2 21 23
8 2 21 23
4 3 26 23
3 3 24 25
6 2 21 24
7 2 21 29
2 3 22 27
7 2 21 31
3 2 20 31
8 2 21 60
2 2 20 60
4 2 19 60
2 2 21 72
4 2 21 71
3 2 20 71
6 2 20 72
8 3 25 72
3 2 21 75
1 3 20 75
7 2 19 75
2 2 20 75
3 2 21 79
3 2 21 87
4 2 22 35
5 2 22 49
5 2 22 51
4 3 26 51
8 2 22 75
4 2 22 92
2 3 21 92
4 2 21 91
4 3 26 91
7 2 22 93
1 2 22 97
4 3 34 95
4 2 22 99
8 3 46 99
3 2 23 7
7 2 23 31
3 2 23 33
1 2 23 33
4 2 23 39
1 2 23 52
2 2 23 51
1 2 23 61
7 2 22 61
7 2 23 71
5 2 23 75
5 2 23 77
1 2 23 99
8 2 23 99
3 2 24 1
2 2 24 1
7 2 24 23
2 2 24 39
8 2 23 40
1 3 36 40
5 2 24 39
8 3 25 39
5 2 24 41
7 2 24 51
3 2 24 63
5 2 24 71
7 2 24 75
4 2 24 80
2 2 24 83
1 2 24 95
7 2 25 13
6 2 25 23
8 2 24 24
4 2 25 28
8 3 43 27
8 2 24 28
6 3 25 27
2 2 25 55
5 2 25 57
7 2 25 63
5 2 24 63
4 3 38 63
1 2 23 63
8 2 25 87
4 3 39 88
3 2 26 29
3 2 26 31
3 2 26 47
5 2 25 47
7 2 24 47
4 3 23 47
5 2 26 47
2 2 26 51
3 2 25 51
8 2 25 52
5 2 26 51
7 2 26 63
1 2 26 91
3 2 27 3
1 2 27 35
1 2 27 39
6 2 27 43
8 2 26 44
4 2 27 44
2 3 33 43
5 2 27 53
7 2 27 67
6 2 27 80
3 2 27 80
8 2 26 80
7 2 27 93
5 2 28 29
8 2 28 35
6 2 28 52
4 2 28 76
4 2 28 88
2 2 28 88
1 2 28 97
8 2 28 96
3 3 31 95
4 2 29 3
4 2 29 36
7 2 29 45
5 2 29 57
2 2 29 64
8 2 29 80
2 2 28 80
4 2 29 95
1 2 29 99
3 2 30 21
6 2 30 28
2 3 36 27
3 3 34 27
5 2 30 43
2 2 30 47
5 2 30 51
1 2 31 1
4 2 31 24
3 2 31 27
5 2 31 29
8 2 31 28
6 3 39 27
7 2 31 27
4 2 30 28
5 2 31 27
5 2 31 47
6 2 31 47
4 2 31 75
2 2 31 91
5 2 31 91
2 2 31 96
6 2 32 35
6 2 32 40
7 2 32 65
1 2 32 89
1 2 32 91
2 2 32 91
4 2 31 92
3 2 33 15
8 2 33 15
4 2 33 19
2 2 33 72
8 2 32 72
3 2 33 84
8 3 41 83
6 2 33 95
5 2 34 35
5 2 34 45
5 2 34 49
6 2 34 52
8 2 34 56
7 2 33 57
8 2 34 64
1 2 34 67
3 2 35 17
7 2 35 77
6 2 35 91
2 2 35 99
1 2 36 7
4 2 36 39
5 2 36 63
2 3 36 63
8 2 35 63
3 2 36 85
4 2 37 24
7 2 37 83
1 2 38 89
3 2 40 11
7 2 40 73
6 2 40 84
4 2 39 84
5 2 42 41
5 2 43 27
1 2 43 35
6 2 43 99
1 2 44 13
3 2 43 13
8 2 44 24
1 2 44 41
8 2 44 88
7 2 43 89
5 2 45 39
7 2 46 81
1 2 46 83
8 2 47 33
7 2 47 97
3 2 46 97
4 2 48 99
6 2 51 99
4 2 52 89
6 2 53 83
5 2 55 1
5 2 57 1
