15891
2451
4 12 76 22
5 8 14 50
3 8 37 24
5 7 7 4
8 8 45 2
1 7 8 49
5 7 6 48
7 7 17 49
3 7 24 26
7 7 36 97
7 7 43 71
4 8 54 83
7 6 13 6
7 6 15 16
6 6 18 57
5 6 23 19
8 6 33 88
1 6 45 1
2 6 48 7
7 6 50 44
5 6 53 63
4 6 57 11
4 6 63 84
5 6 66 72
6 6 70 49
5 7 81 34
3 6 82 44
1 6 87 39
8 7 87 40
7 6 88 10
4 5 3 6
5 5 3 74
1 5 4 52
4 6 22 50
2 6 46 48
6 5 7 9
4 6 57 54
8 5 9 84
1 5 12 36
3 6 68 8
5 5 13 71
8 5 13 75
4 5 14 7
4 7 38 6
2 5 21 69
7 5 22 14
7 5 24 5
3 6 63 3
5 5 24 97
2 5 31 82
4 5 32 70
2 7 78 69
1 5 33 50
8 6 51 50
4 6 53 48
7 7 58 52
4 5 31 52
4 5 33 98
5 8 59 96
2 6 60 97
5 6 90 96
7 5 35 24
8 5 46 65
7 5 47 24
2 5 48 52
2 6 57 51
3 5 48 73
7 5 51 9
5 5 54 12
6 5 55 73
8 5 57 18
6 5 58 73
1 5 61 6
8 5 61 89
4 5 68 27
2 5 69 76
7 5 78 92
8 5 82 41
7 5 82 65
2 5 83 26
7 5 84 94
1 5 87 27
4 5 87 85
7 5 92 44
2 6 93 34
4 4 1 82
6 5 9 83
7 7 51 84
8 5 41 81
2 4 2 51
8 5 39 49
4 4 3 9
8 5 10 6
6 5 10 10
6 5 50 9
3 5 48 9
6 5 53 80
7 5 65 82
4 6 69 79
8 4 3 94
2 4 4 90
6 6 39 87
3 7 50 89
3 5 72 90
8 6 75 84
5 4 4 99
1 4 5 74
1 4 5 95
8 4 6 8
2 4 6 55
6 5 4 55
7 4 7 53
5 6 60 52
6 4 8 65
7 4 8 81
1 5 50 83
7 4 10 11
4 5 44 14
8 4 10 93
4 5 47 93
8 5 65 92
5 4 11 7
6 5 22 8
8 5 34 8
4 4 11 19
8 5 26 18
2 4 11 85
2 5 20 86
1 4 8 85
3 4 9 83
5 5 9 83
3 4 11 95
4 5 65 95
4 5 67 66
5 5 70 95
2 4 12 54
7 5 12 55
6 4 13 15
4 5 14 15
6 6 28 15
3 4 13 32
6 5 35 16
3 5 43 31
4 5 49 16
3 4 14 46
8 4 16 44
3 4 20 61
1 5 57 30
3 5 59 60
8 4 20 93
7 4 21 97
7 5 73 60
4 4 22 84
3 4 22 92
7 7 33 92
5 6 65 91
8 4 23 22
7 4 23 21
1 4 23 40
1 5 32 38
5 4 23 93
8 4 24 8
8 4 24 40
6 6 34 41
8 5 54 40
2 5 66 38
6 5 73 41
5 5 73 41
1 4 26 41
2 5 26 41
5 4 29 25
6 5 40 26
8 5 73 96
7 5 83 27
8 4 29 96
6 6 73 94
4 4 30 35
6 4 31 89
8 4 32 33
1 4 32 65
6 5 34 65
2 5 53 66
5 5 65 66
5 6 86 64
2 4 33 29
2 4 33 32
4 6 34 31
3 5 34 33
8 4 33 60
1 5 43 58
5 5 82 58
3 5 87 59
2 4 34 1
4 5 33 1
8 4 35 1
4 4 35 16
5 4 35 42
2 4 36 15
8 4 36 21
3 7 53 20
3 4 36 83
5 5 66 83
4 4 38 55
3 5 50 55
3 4 39 17
2 4 39 78
3 4 40 68
3 5 53 69
3 5 79 72
8 4 42 25
7 6 52 24
1 4 42 27
3 4 44 35
1 4 44 38
8 6 41 39
2 6 52 40
2 5 66 28
7 4 44 85
3 5 46 85
4 4 46 13
7 4 47 13
3 4 47 53
2 4 47 67
7 6 68 66
8 4 48 83
3 5 65 82
8 4 50 22
4 5 75 37
6 5 81 20
6 4 49 22
7 4 51 6
7 4 51 39
7 4 51 100
1 4 53 5
5 5 61 6
7 5 69 4
3 4 56 38
1 4 57 64
3 5 73 20
7 5 72 18
8 4 57 65
3 7 69 64
1 5 70 67
7 4 58 93
3 4 59 84
1 6 63 84
1 7 85 87
5 4 59 98
8 4 59 98
1 4 60 13
6 4 61 91
4 4 62 93
8 4 63 3
1 4 64 82
4 4 65 94
1 4 66 52
3 4 66 55
4 5 81 56
6 4 66 88
2 4 69 1
6 4 69 3
5 4 69 73
7 5 69 73
8 5 78 72
8 5 85 62
7 4 71 98
8 4 72 25
8 4 72 54
5 4 74 40
2 4 76 77
2 4 77 93
4 4 79 27
1 4 82 75
8 5 84 75
2 4 84 29
1 4 86 2
6 3 1 18
4 3 1 22
3 4 8 22
4 5 6 23
1 6 9 22
2 6 60 23
5 4 47 23
5 4 68 25
1 4 76 23
7 5 75 24
4 4 76 21
4 3 1 45
3 4 70 43
8 3 1 70
3 4 14 69
8 4 21 67
3 4 47 64
4 4 72 65
7 3 2 11
8 4 25 11
2 5 30 11
4 4 35 13
1 3 2 41
5 5 26 40
7 5 26 39
2 6 39 42
3 4 10 40
6 4 11 39
3 4 22 42
4 4 31 37
3 4 37 43
8 4 41 38
6 4 42 39
5 5 43 38
5 4 47 45
3 4 55 40
4 3 2 51
3 4 38 49
5 3 2 61
3 4 43 63
7 4 52 64
8 4 73 65
7 4 79 68
1 3 3 41
5 4 21 39
2 3 3 45
2 4 8 46
8 3 3 78
7 3 3 85
3 5 2 84
7 4 5 85
1 5 39 85
8 4 8 84
3 4 49 87
1 4 52 86
2 4 53 83
1 4 52 84
7 4 58 84
7 4 59 84
1 3 2 82
3 4 43 84
7 4 50 83
6 3 1 82
6 5 15 82
7 6 42 83
1 4 67 81
2 3 4 1
5 4 45 1
1 5 58 1
7 3 4 10
1 4 4 10
3 5 53 9
5 3 4 9
1 4 63 9
6 3 2 10
3 4 44 11
8 4 63 8
2 3 2 10
2 3 4 63
5 6 69 61
1 3 4 70
8 4 44 72
8 4 66 72
3 4 69 69
7 3 3 72
1 4 40 72
4 4 40 73
4 4 58 71
8 3 4 73
4 6 21 74
5 4 24 72
7 5 34 71
8 6 72 74
8 4 22 74
6 5 27 74
6 4 59 74
4 4 63 69
1 4 63 68
5 4 70 75
4 3 5 14
5 4 9 15
8 6 75 15
4 4 52 15
6 4 53 15
6 5 70 13
2 3 4 14
5 3 5 58
3 4 72 58
1 3 5 78
6 3 4 78
4 3 3 77
3 5 58 78
6 4 63 79
5 3 5 86
4 4 26 88
5 4 37 87
8 4 40 87
3 4 52 88
2 4 51 90
4 4 51 92
1 4 55 91
2 3 5 93
7 3 5 97
4 6 51 96
5 4 29 96
1 4 31 98
3 4 46 98
7 4 53 99
4 5 66 97
8 4 67 98
3 3 6 24
6 4 23 25
3 4 36 23
6 4 45 24
8 4 59 22
7 3 6 69
3 3 6 88
2 4 61 86
4 4 61 86
7 5 65 87
5 5 73 88
7 3 7 7
4 3 7 10
7 3 7 25
3 4 10 26
4 4 72 26
2 4 74 26
6 3 7 40
7 4 14 38
7 4 29 36
8 4 58 37
6 4 59 33
7 3 7 64
8 3 7 64
4 6 48 61
8 4 64 64
1 4 73 62
6 3 8 23
5 3 8 42
3 5 20 42
7 3 8 72
8 4 62 73
6 3 8 93
2 3 8 93
6 4 13 91
6 4 17 90
6 4 75 89
8 4 75 90
5 3 7 94
3 4 8 92
1 4 23 93
8 5 33 93
6 4 35 92
3 4 35 89
1 4 36 94
4 4 65 90
2 3 9 3
1 4 38 3
6 4 38 3
7 4 56 5
6 4 81 2
6 3 7 3
5 6 68 1
6 7 68 2
7 7 68 3
6 4 33 2
4 4 51 1
6 4 61 1
1 4 61 1
2 3 7 3
2 4 22 5
6 7 51 2
2 4 49 8
4 4 55 8
2 3 10 17
7 3 10 20
1 4 38 20
3 3 10 31
3 5 48 28
4 3 8 31
6 5 9 29
6 4 20 29
5 4 32 29
6 4 51 30
3 4 63 27
6 4 65 26
3 4 64 28
1 4 68 29
8 4 71 25
1 4 82 32
5 3 10 31
4 4 35 31
5 5 66 30
1 3 10 44
4 4 64 45
6 4 79 43
4 3 10 100
7 3 11 9
2 4 26 8
1 4 24 8
3 4 39 6
5 3 11 31
7 5 34 30
4 6 54 31
2 4 19 29
5 4 45 33
1 4 52 32
3 5 54 30
8 4 68 32
6 3 11 52
1 5 42 50
6 3 11 68
7 4 35 67
2 5 62 66
5 4 63 65
3 3 11 83
8 4 42 82
5 3 11 89
8 4 50 87
3 3 12 28
2 4 40 27
7 3 12 70
8 4 44 71
7 4 65 71
7 3 13 12
6 4 12 12
8 3 13 46
5 5 27 44
6 5 54 44
6 5 86 47
6 3 13 52
7 4 14 53
5 4 13 53
5 4 42 51
6 4 42 50
8 3 13 79
7 4 13 79
6 3 13 92
5 3 10 93
3 4 52 91
8 3 15 19
7 3 15 26
8 3 15 35
7 3 15 34
6 4 16 32
7 4 66 32
2 3 15 35
5 3 15 38
6 6 20 37
8 4 19 39
1 4 36 38
6 5 42 37
6 3 15 60
5 4 56 60
8 6 66 59
7 3 15 96
6 4 27 96
3 3 16 18
1 5 28 16
7 4 36 19
3 3 16 46
6 4 70 47
6 3 16 68
5 4 24 67
8 3 17 13
4 4 70 14
1 4 77 13
6 3 17 18
1 4 17 16
4 3 17 86
2 3 18 1
8 4 67 2
4 3 18 8
7 4 46 8
5 4 53 7
4 4 57 10
2 3 18 27
4 4 40 27
5 3 18 69
4 3 18 78
6 4 54 76
4 4 62 74
4 4 75 76
4 3 18 89
5 7 27 87
1 6 36 90
5 4 36 89
4 4 38 89
8 4 54 93
1 3 18 88
3 4 18 88
4 4 28 89
7 3 17 90
3 4 28 90
5 4 55 90
2 3 19 6
4 3 19 40
8 4 35 41
7 4 36 38
3 4 53 37
7 4 51 39
6 5 61 37
1 3 19 39
6 5 39 37
4 4 36 38
2 5 47 39
4 5 56 36
4 4 63 36
6 4 67 36
4 3 19 68
2 4 68 65
2 3 19 87
7 3 20 81
2 3 18 82
5 3 19 80
1 3 21 1
7 3 21 50
6 3 22 9
3 4 25 10
2 3 22 76
3 4 23 74
8 5 33 73
1 4 66 76
8 3 23 51
1 4 47 52
8 4 49 51
4 3 22 51
7 3 23 95
2 4 57 96
4 4 55 98
7 3 24 28
1 3 24 36
3 4 35 37
8 4 63 35
8 3 23 37
4 5 47 38
6 3 24 38
4 5 27 40
3 3 24 43
2 3 24 75
4 3 23 75
1 4 45 75
7 3 24 76
8 3 24 77
4 3 24 75
1 3 24 87
8 4 62 87
4 3 25 6
7 3 25 8
8 3 25 13
6 4 54 11
2 5 53 11
8 3 25 44
2 4 28 43
3 4 41 44
5 4 44 46
8 3 25 83
1 3 25 97
2 3 26 17
6 6 56 14
6 4 63 16
4 4 62 17
7 4 67 14
1 4 65 15
5 4 64 14
7 3 26 32
2 3 26 41
8 3 26 42
5 3 26 70
2 4 60 69
2 3 26 99
8 4 24 99
6 3 27 2
7 4 28 1
1 3 27 29
6 3 27 39
6 3 27 87
1 3 27 89
5 4 27 90
2 4 59 87
1 3 27 96
6 4 46 95
7 3 28 16
7 3 28 53
2 3 29 66
1 4 34 66
4 3 29 76
6 5 78 77
5 3 30 79
7 4 30 78
3 4 42 79
4 4 55 79
7 4 72 80
4 3 28 80
1 4 28 80
4 3 31 63
1 4 56 61
3 3 31 71
8 5 33 68
6 3 31 97
4 3 32 53
5 3 32 69
6 4 32 69
1 4 60 71
5 4 59 69
4 5 60 70
2 4 60 71
4 3 32 91
7 3 33 77
2 3 33 75
3 3 33 94
5 3 35 11
7 4 34 11
7 3 35 65
4 3 35 84
2 4 35 83
5 3 34 82
8 5 34 81
1 4 33 83
6 4 39 83
4 3 34 83
6 3 35 81
2 3 35 90
8 3 36 19
1 3 35 18
1 3 36 59
6 5 70 58
8 4 71 59
6 3 36 67
4 5 39 65
3 3 37 1
6 3 36 2
5 4 64 2
1 3 37 16
2 3 37 24
7 4 52 24
2 5 56 23
8 3 37 54
8 3 37 61
3 3 38 56
2 4 50 55
5 3 38 58
3 4 48 57
6 4 62 58
7 3 39 45
2 4 79 47
5 3 40 48
4 4 50 49
7 3 40 73
2 3 40 76
8 3 41 17
3 4 41 15
8 3 41 34
1 3 41 94
3 4 56 95
4 3 42 3
4 4 61 4
8 3 42 34
2 5 64 33
7 4 72 35
5 3 42 76
1 4 57 76
7 3 42 85
7 3 43 15
1 3 43 48
2 3 43 61
6 3 43 64
5 3 43 86
7 3 43 87
2 3 44 62
8 4 53 60
8 4 76 58
1 3 44 94
7 4 52 92
5 4 57 94
4 3 45 3
3 4 44 3
1 3 45 27
5 3 45 33
5 3 45 43
2 3 46 5
7 3 46 57
6 4 46 56
1 4 70 58
3 3 46 85
7 3 48 32
3 3 48 49
3 3 48 80
2 4 49 79
4 3 49 5
1 3 49 60
6 3 49 98
2 3 51 76
1 3 51 93
7 3 51 97
6 3 52 7
2 3 52 13
7 3 51 14
2 3 52 80
4 4 67 79
6 3 53 23
5 3 52 23
3 4 56 22
1 3 53 61
5 4 62 59
4 3 54 1
4 3 54 55
2 4 55 57
2 3 54 63
7 3 55 42
1 3 55 73
1 3 55 78
5 3 55 78
7 3 53 79
8 3 53 80
2 3 56 17
5 3 55 18
2 4 61 19
1 3 56 96
4 3 56 95
7 3 57 71
6 3 55 73
4 3 56 72
5 3 58 15
3 3 58 69
1 3 59 29
5 3 59 46
8 3 59 45
1 4 64 43
1 3 59 81
8 3 60 33
1 3 59 33
7 3 61 28
5 4 69 28
6 3 61 61
5 4 68 60
4 3 60 62
8 3 64 80
7 3 63 80
8 3 66 36
3 3 68 28
1 3 69 33
8 3 72 47
7 3 72 63
4 3 71 63
8 3 75 20
5 2 1 13
6 3 14 12
4 3 18 12
1 4 55 11
1 3 34 10
4 3 48 9
6 3 54 13
6 2 1 12
8 4 42 10
5 3 3 13
8 4 5 15
5 4 23 10
8 3 2 13
3 5 40 11
3 4 44 9
5 3 12 17
7 3 15 14
6 3 22 18
7 3 23 11
5 4 39 12
1 3 24 20
5 3 29 21
1 4 65 19
1 3 30 13
8 4 34 12
4 6 35 11
1 4 35 13
7 4 40 11
2 4 50 14
7 3 35 12
3 3 34 14
5 4 46 12
8 3 39 11
3 3 43 11
7 3 43 20
2 3 41 21
4 3 39 21
4 3 45 16
7 3 48 15
4 3 48 14
7 3 51 14
3 3 64 20
7 2 1 12
6 3 2 13
1 4 1 13
5 4 24 10
2 4 41 14
4 3 2 14
3 3 22 16
1 3 27 9
6 3 30 14
4 3 30 13
1 4 28 14
2 3 27 13
1 3 37 16
7 3 38 15
2 3 40 11
6 3 49 18
2 2 1 16
6 4 21 16
6 4 40 14
4 3 18 16
5 4 35 16
5 3 31 18
1 3 41 19
8 2 1 21
2 4 52 19
1 5 51 19
6 3 3 20
8 3 3 22
4 3 7 19
3 3 8 23
8 4 7 24
2 3 11 19
5 4 38 19
8 4 45 22
4 6 50 22
1 3 16 24
2 3 15 24
7 5 33 25
5 3 18 26
6 4 46 25
3 4 45 26
8 3 19 20
7 4 51 18
6 3 25 26
8 4 43 24
4 3 27 19
6 3 29 25
2 4 40 25
2 5 45 25
4 3 30 24
1 4 42 23
1 3 30 27
5 3 33 22
3 3 36 26
8 3 36 27
8 3 37 23
3 4 40 23
4 3 39 28
5 3 45 29
3 3 51 20
5 3 51 19
8 3 51 30
7 3 52 20
5 3 53 28
6 4 55 28
4 3 56 31
3 5 60 30
4 2 1 28
3 3 17 27
6 3 22 29
1 3 34 28
5 3 36 27
7 3 39 26
4 3 40 29
5 3 40 29
2 6 55 29
8 3 61 32
1 2 1 27
5 3 25 26
2 2 1 29
1 4 29 30
2 4 31 31
7 3 32 29
5 3 49 33
7 3 48 33
8 4 49 33
7 4 59 34
7 3 49 33
4 3 53 33
3 3 55 35
1 3 61 34
6 2 1 28
2 3 29 26
3 3 49 29
6 3 49 29
5 2 1 38
1 3 17 36
5 3 24 37
1 5 34 36
4 3 34 37
3 3 46 35
1 3 46 35
6 3 45 36
2 3 47 34
6 3 56 34
1 2 1 45
1 3 11 43
4 4 23 42
7 5 62 45
4 3 11 42
1 3 30 41
2 3 32 41
3 3 34 43
1 3 49 46
8 3 54 43
2 3 59 48
3 3 62 47
2 3 63 44
3 3 74 48
2 4 74 47
6 2 1 51
4 4 6 50
1 3 10 52
4 3 14 50
3 4 54 48
5 3 25 49
5 4 34 49
6 3 24 49
6 3 28 53
1 4 28 53
6 3 29 49
5 3 30 52
7 3 32 48
2 3 36 48
4 3 39 49
6 3 41 49
4 3 42 52
7 3 43 47
7 3 58 48
4 3 59 47
8 3 60 46
6 3 60 46
6 3 60 55
4 3 68 56
2 2 1 50
5 3 3 49
4 4 3 48
7 4 1 49
6 4 6 48
1 3 3 51
8 3 7 51
7 4 6 51
2 3 5 51
7 4 18 49
2 3 6 53
8 4 24 52
1 3 8 52
5 8 21 49
4 5 20 51
3 5 24 48
7 4 29 51
1 5 40 52
3 3 11 53
5 7 39 52
7 3 11 53
2 3 17 46
4 3 16 47
4 3 20 47
7 3 21 49
6 3 22 53
6 3 28 52
3 3 30 55
5 3 29 56
4 3 31 52
7 3 40 49
4 3 47 47
8 3 54 54
1 3 53 54
2 4 56 55
5 5 53 56
6 3 62 55
3 2 1 53
2 3 1 53
3 4 21 54
4 4 22 57
8 3 23 52
5 3 42 56
7 3 41 57
4 3 52 54
7 3 53 57
8 3 56 56
4 2 1 69
2 4 40 70
3 3 2 70
5 4 26 68
1 4 31 71
2 4 46 71
5 3 1 70
3 3 19 70
3 3 26 67
7 3 31 70
5 3 54 68
2 2 1 80
8 4 13 81
7 3 26 83
6 4 26 82
4 3 27 80
3 4 31 81
3 3 26 81
5 4 33 81
7 3 32 81
3 4 52 79
5 3 49 81
8 2 1 84
4 3 2 83
3 3 7 83
7 3 15 83
3 4 29 83
2 3 16 85
5 3 14 85
2 4 27 85
2 3 18 83
5 5 20 83
8 3 31 87
5 3 32 85
8 3 49 86
6 3 54 87
4 2 1 86
4 3 19 85
8 3 24 86
4 3 29 87
6 3 40 86
3 3 40 86
1 2 1 86
8 3 16 87
2 3 47 89
6 4 47 90
8 2 1 91
2 3 31 91
7 3 31 92
8 2 1 100
8 3 43 99
3 3 46 99
6 3 56 99
7 2 1 99
5 2 2 16
8 3 22 15
5 4 26 15
1 3 20 15
7 3 19 14
2 4 22 15
8 3 28 14
3 4 28 15
8 3 45 17
2 3 43 17
4 2 2 20
1 3 16 21
2 3 19 18
6 3 23 20
6 4 38 19
4 3 33 22
8 3 44 22
2 3 48 19
4 3 48 21
7 2 2 22
2 4 8 22
7 4 30 21
2 3 2 22
5 3 2 22
5 3 4 23
8 3 5 20
5 3 4 19
3 3 3 20
3 5 10 18
3 3 21 19
1 3 25 21
3 3 30 24
8 3 29 24
3 3 32 20
8 2 2 22
8 3 24 20
6 3 34 23
1 3 40 24
8 2 2 27
2 2 2 32
4 3 5 32
7 4 8 31
3 4 41 31
1 4 42 32
4 4 42 30
1 3 9 31
1 5 14 30
3 3 8 31
1 4 25 31
8 3 7 30
5 3 6 29
8 5 16 28
8 3 10 29
5 4 15 28
8 4 28 27
3 4 28 26
8 3 18 28
4 4 19 27
5 3 21 31
8 4 23 32
6 3 19 32
1 5 21 30
2 5 33 27
1 4 32 28
3 3 21 32
4 3 28 34
4 3 37 33
3 2 2 36
5 5 12 35
6 3 2 35
2 4 26 36
3 3 12 35
3 3 24 38
2 3 47 38
1 3 47 37
7 2 2 39
8 3 4 37
7 3 12 36
2 4 17 35
1 3 13 35
7 3 23 40
8 3 23 39
4 3 22 40
3 3 28 38
2 3 31 36
7 3 29 36
6 3 34 34
2 4 35 33
7 3 37 31
7 3 40 36
2 3 47 34
2 2 2 54
7 3 31 54
2 3 35 55
7 3 34 55
8 3 37 57
2 4 63 57
8 3 50 56
4 3 61 59
3 3 62 58
5 3 63 57
1 2 2 55
6 3 2 54
8 4 26 52
2 5 41 54
4 4 53 57
5 3 1 54
5 3 17 55
8 4 34 55
6 3 28 57
7 3 31 51
5 5 30 50
3 3 41 54
2 3 41 55
5 3 40 54
6 3 52 58
7 2 2 53
5 3 24 51
4 2 2 56
7 3 7 57
1 3 6 58
7 4 13 57
5 4 17 59
7 4 34 60
7 3 37 61
6 3 66 63
7 2 1 56
1 3 10 56
5 2 2 58
5 4 9 57
3 3 3 57
3 3 6 58
2 3 20 57
1 3 47 58
2 5 47 57
6 3 45 59
8 2 2 60
1 4 3 61
7 4 12 61
2 4 46 61
1 3 13 61
4 3 12 63
6 4 15 64
1 4 21 63
2 3 13 64
3 4 50 63
8 3 16 63
3 4 40 61
6 4 47 62
7 4 46 64
2 3 22 60
4 3 25 62
7 3 25 62
8 3 43 64
6 3 47 62
8 4 51 60
7 3 47 62
1 3 45 62
2 3 47 65
7 2 2 61
8 4 14 60
1 3 8 60
5 3 6 60
7 4 6 58
2 2 2 96
2 3 8 96
4 3 19 97
5 3 27 95
3 3 28 97
6 3 35 95
6 3 46 94
3 3 47 96
2 4 47 97
1 3 48 97
3 2 1 96
1 3 15 96
4 4 49 94
7 2 3 2
5 4 35 3
4 3 21 3
7 3 26 5
4 3 30 1
8 4 34 2
2 3 30 3
8 4 52 5
7 3 30 3
3 4 37 4
8 4 41 1
5 3 39 3
3 3 40 3
2 2 2 3
4 4 27 2
6 3 2 2
1 4 10 3
5 3 3 3
7 3 5 2
1 3 4 2
5 3 12 5
8 4 18 5
5 4 27 5
4 4 36 6
1 4 40 5
2 3 12 5
2 5 34 3
4 3 12 4
4 3 13 6
1 6 29 3
7 4 12 6
2 4 29 2
3 3 22 1
3 3 24 7
8 3 27 4
3 3 34 4
6 3 34 3
2 3 35 6
8 3 39 5
1 2 2 5
8 3 26 5
1 3 33 5
2 3 49 7
3 2 2 5
6 3 1 5
2 3 15 5
7 3 26 3
3 3 28 3
4 3 27 4
6 4 27 5
4 2 2 4
4 4 25 5
8 3 3 4
5 3 25 3
4 3 27 3
1 2 1 5
5 3 20 5
6 4 22 5
8 4 20 6
3 4 22 4
1 3 21 6
8 4 28 6
6 3 23 6
7 3 24 3
5 3 32 8
3 2 2 5
4 3 14 3
1 3 23 2
6 3 22 3
3 2 3 4
6 3 12 5
4 2 3 3
6 3 5 4
2 3 13 2
5 3 25 1
3 2 3 3
1 2 3 9
7 3 17 8
2 3 28 9
1 3 29 7
6 3 40 10
5 2 3 10
6 2 3 11
8 3 9 10
8 3 29 9
4 3 28 9
3 2 3 12
7 4 3 11
1 3 2 11
5 3 4 12
6 4 18 11
2 3 12 13
8 2 1 11
4 3 2 10
3 3 4 12
8 5 10 12
1 3 4 14
5 4 4 12
4 3 4 14
2 3 3 14
6 3 6 16
7 3 19 17
8 3 22 18
5 3 34 8
1 2 1 11
6 2 3 9
2 2 2 10
1 2 3 9
5 3 6 10
6 3 8 8
1 3 8 9
5 3 11 7
1 3 16 8
3 3 18 11
3 3 23 12
2 2 3 27
7 4 30 27
4 4 30 28
7 3 3 28
3 3 16 29
1 3 14 30
5 3 23 27
7 3 33 31
4 2 2 28
1 3 5 27
8 2 3 27
6 3 16 26
2 3 17 26
8 3 21 25
4 3 22 25
4 2 3 27
4 2 3 30
7 4 9 30
7 3 5 28
2 2 3 37
8 4 9 36
3 3 10 37
4 4 10 37
4 4 36 36
1 4 36 36
7 3 9 38
5 5 26 37
8 3 13 35
1 3 17 36
3 3 24 39
6 3 24 41
3 4 24 41
7 3 21 42
8 3 25 39
4 3 31 33
1 3 34 35
6 3 47 42
4 2 3 36
2 3 27 36
5 3 27 35
6 3 25 35
2 3 31 33
6 3 30 35
2 2 3 39
4 3 16 37
6 2 3 58
2 3 3 58
6 3 22 58
5 3 22 59
4 4 28 60
1 3 27 57
7 3 35 63
1 2 2 58
8 3 21 58
7 3 25 60
6 3 25 62
8 2 3 57
4 3 7 57
7 4 12 56
5 3 10 55
7 4 32 56
5 3 12 56
1 4 29 55
7 2 3 63
6 3 3 63
3 3 13 63
7 3 13 64
8 4 34 64
3 3 22 65
6 4 25 64
5 3 21 65
4 3 25 66
4 3 30 66
2 3 52 66
4 3 53 67
8 2 3 62
5 4 26 60
6 3 26 62
6 3 28 61
3 3 27 60
1 3 27 59
5 2 3 64
2 3 33 65
7 2 3 66
4 3 4 66
3 3 3 66
4 4 17 65
7 3 17 65
7 4 22 65
5 3 19 64
1 4 22 64
1 3 34 67
3 2 3 71
5 3 4 72
3 3 4 74
3 3 16 70
1 3 21 70
5 3 21 75
3 3 30 68
1 4 29 68
5 3 28 69
6 3 30 70
4 3 38 74
4 4 42 75
3 3 38 74
7 3 44 72
5 3 46 75
4 3 49 77
3 3 54 77
8 3 55 78
8 2 2 72
6 3 39 71
4 2 3 73
2 3 3 74
3 3 11 71
4 3 12 73
1 3 17 74
3 4 32 75
1 4 34 76
4 4 33 76
7 4 42 76
5 3 24 76
7 3 28 76
2 5 29 74
6 3 32 74
5 4 32 73
3 3 34 69
6 3 33 69
8 4 37 69
2 3 35 77
3 3 37 74
8 3 40 69
1 2 3 74
6 3 13 72
3 4 12 74
1 3 11 75
3 3 28 71
8 3 28 70
1 4 35 69
2 3 37 68
5 3 39 73
6 3 43 67
8 2 2 74
4 2 2 74
7 4 5 74
6 3 4 75
3 4 2 76
2 3 5 73
7 3 11 77
1 4 13 78
6 4 17 75
6 3 13 78
1 4 23 77
6 3 47 79
3 2 3 76
6 3 24 76
8 3 22 77
3 3 23 76
6 2 3 79
5 3 28 80
2 3 41 77
2 2 3 78
3 3 10 79
4 4 25 81
7 3 17 78
8 3 23 81
2 3 23 83
6 3 25 80
1 2 3 88
6 2 3 89
6 3 6 88
1 3 12 89
8 3 24 87
2 4 26 89
3 3 40 90
2 3 39 91
8 3 40 90
1 3 45 92
5 3 44 92
7 3 44 91
1 2 3 90
2 3 22 91
3 3 44 93
7 2 3 90
6 3 9 89
3 3 9 91
4 3 9 91
7 3 8 92
2 3 22 88
3 3 22 87
1 3 22 92
2 3 25 85
4 3 29 93
1 3 44 95
7 3 44 95
3 2 2 90
3 3 9 88
4 3 9 87
1 3 8 86
6 3 20 89
4 3 30 86
5 3 31 90
4 2 2 89
5 3 20 88
8 2 3 92
3 3 12 92
1 4 25 91
8 3 13 91
2 3 14 91
7 4 22 90
5 3 24 92
1 3 28 89
6 2 4 1
5 3 5 1
3 2 4 2
5 3 11 1
2 2 4 1
4 2 4 8
3 3 13 7
6 2 3 9
8 4 7 8
3 2 4 16
5 3 17 17
3 3 25 17
7 3 27 18
7 3 34 17
6 2 4 18
5 2 3 18
7 4 20 17
8 3 12 16
8 3 27 15
4 3 31 18
1 2 3 18
1 4 29 17
2 3 2 18
4 4 20 17
1 3 13 17
7 4 14 17
2 3 12 17
3 3 25 18
4 2 2 18
7 3 3 18
6 3 12 17
3 4 17 16
8 3 11 19
5 3 10 18
8 3 14 18
2 3 19 19
8 3 23 19
5 2 1 19
7 2 4 19
4 3 6 18
3 3 6 17
6 3 4 18
2 3 6 19
5 3 20 20
8 2 3 19
4 3 10 19
6 2 3 19
5 2 3 18
4 3 10 16
6 3 12 18
3 3 13 15
8 3 12 16
1 2 4 17
2 2 4 20
2 3 17 20
8 3 17 20
4 3 29 22
1 3 32 22
7 3 35 22
4 2 3 20
3 3 6 20
2 3 30 21
1 2 4 22
2 2 4 23
5 3 4 22
8 3 4 23
4 2 4 28
2 3 5 26
7 3 26 24
4 3 25 26
5 3 26 24
6 2 4 27
3 3 20 26
1 3 24 24
4 3 29 25
8 2 3 28
2 2 4 30
5 3 7 28
3 3 7 30
4 3 9 31
6 3 10 30
5 4 9 30
5 3 13 29
7 2 4 32
3 3 6 32
6 3 6 33
1 3 5 33
3 3 16 34
1 3 30 34
8 4 30 33
4 4 29 34
3 3 29 33
2 2 4 32
6 2 3 32
8 3 6 31
1 3 6 30
2 4 6 29
5 3 5 32
4 2 3 33
5 3 21 31
6 3 20 32
7 2 2 33
7 3 14 33
5 4 18 31
5 2 4 37
3 5 4 36
4 3 6 35
6 3 8 37
6 3 13 39
7 2 4 40
1 3 10 40
5 3 13 40
1 2 4 40
8 3 12 41
4 3 11 41
1 3 38 42
4 2 4 41
8 3 14 40
8 2 4 42
6 3 19 43
6 3 21 41
3 4 44 43
2 4 46 43
5 3 37 42
8 3 44 43
7 4 46 44
3 3 47 45
3 2 3 43
2 2 4 42
8 3 45 43
2 2 4 53
6 3 13 52
4 4 13 52
2 3 22 52
3 3 22 51
8 2 4 54
2 5 10 53
4 4 14 53
4 2 4 60
2 3 26 59
4 2 4 63
8 3 13 64
8 3 17 66
5 2 4 63
1 3 13 62
8 3 13 64
5 3 21 62
5 3 27 60
4 3 31 59
6 2 4 65
5 2 4 67
7 3 9 66
7 3 35 68
7 3 36 66
6 2 4 67
2 3 19 68
8 3 17 69
1 2 4 67
5 3 4 67
2 3 6 66
6 3 19 65
4 2 4 69
4 3 14 69
2 4 33 69
3 3 32 69
7 3 32 71
1 4 31 71
5 3 31 72
5 2 4 75
4 2 4 74
8 3 3 75
5 2 4 82
6 2 4 85
6 3 19 83
3 3 19 84
7 3 21 81
7 4 40 80
5 3 20 82
7 3 21 82
2 3 24 86
6 3 26 85
4 3 29 80
4 2 4 95
5 4 40 94
5 3 6 96
4 3 18 95
6 3 18 94
2 3 26 98
7 3 29 93
8 3 32 95
3 3 36 93
4 3 36 98
3 2 4 94
8 2 4 94
2 3 12 93
4 4 33 93
1 3 15 95
8 3 26 96
2 3 31 93
8 3 30 94
4 2 5 10
4 3 20 9
8 2 5 17
2 2 5 24
7 3 17 24
2 3 19 25
8 2 5 23
1 3 24 23
7 2 4 23
7 3 24 21
6 3 23 21
8 2 5 27
6 2 5 28
4 2 5 32
5 4 9 31
5 3 13 34
7 2 5 32
8 3 4 33
3 3 4 33
2 3 5 31
8 3 6 29
5 3 27 34
8 2 3 32
4 2 5 29
1 2 5 37
8 3 6 36
7 2 5 37
7 3 8 35
1 3 9 34
8 3 12 37
2 3 12 36
8 3 17 34
3 3 20 37
1 2 5 40
6 2 5 46
7 4 10 45
8 3 6 46
3 3 9 44
5 3 10 42
4 4 41 44
2 3 16 43
1 3 22 42
5 3 33 48
1 3 40 43
1 3 46 45
3 2 5 52
5 3 4 52
1 3 9 52
5 3 9 51
6 3 31 50
7 2 5 62
5 3 13 60
3 4 27 60
8 3 21 62
2 3 29 59
1 3 29 60
3 3 30 59
8 3 28 59
8 2 4 62
2 4 16 61
6 2 5 63
1 2 5 67
5 3 22 65
2 3 22 66
8 3 23 68
7 3 26 70
3 2 4 67
7 2 4 67
6 3 15 68
3 3 24 67
5 3 25 68
8 2 4 68
7 3 16 66
1 2 3 68
6 3 3 68
8 4 3 67
5 4 3 66
3 3 18 65
6 3 27 65
2 3 26 66
2 2 2 66
7 2 2 65
1 3 1 65
5 3 10 66
6 4 13 65
4 2 2 68
3 2 3 64
8 3 5 63
7 3 20 62
4 3 24 62
1 3 24 60
5 2 4 64
1 2 4 63
4 5 17 62
2 3 9 64
4 4 13 65
2 3 13 68
1 3 15 68
4 3 14 69
5 3 17 63
7 2 3 64
8 4 7 62
6 3 3 63
3 3 11 60
1 3 11 60
8 5 11 59
6 4 23 57
7 3 11 61
4 3 20 60
3 2 3 64
5 3 8 65
1 5 7 65
7 3 8 66
4 2 3 65
3 3 7 66
1 3 6 67
8 4 6 67
5 4 7 68
2 2 2 66
3 3 6 66
1 2 2 65
2 2 2 66
6 2 3 66
1 2 3 65
3 2 2 65
7 2 3 67
5 2 4 63
4 3 4 62
2 3 4 61
2 3 7 59
7 2 3 64
3 2 4 60
2 2 4 64
3 2 3 64
8 2 3 64
3 2 3 64
4 2 2 64
2 2 4 69
6 3 9 68
4 2 3 69
4 3 6 68
8 3 6 67
7 2 3 70
1 2 3 70
3 2 2 70
6 4 1 70
2 3 24 71
4 2 5 60
3 3 12 59
2 2 5 76
7 3 20 75
4 3 22 74
2 3 29 72
3 3 37 77
7 3 36 77
6 3 36 78
3 3 47 78
7 2 5 77
4 2 5 85
6 4 22 84
2 3 5 84
7 3 4 84
4 3 6 83
3 3 12 83
8 3 17 84
1 3 16 84
2 2 4 83
1 5 13 81
1 4 36 80
1 3 3 83
5 3 4 83
3 3 3 83
7 3 7 82
4 2 5 90
4 3 16 89
1 2 5 89
6 3 14 88
6 3 18 87
2 2 5 88
5 2 5 93
6 3 5 92
6 3 21 94
3 3 20 94
5 3 20 93
8 2 5 99
1 3 24 98
6 4 30 98
7 2 6 3
2 2 5 4
5 3 6 3
1 4 8 4
6 3 7 6
2 3 14 6
8 2 5 4
2 3 9 4
7 2 5 4
6 2 5 3
4 3 5 4
7 3 10 5
8 2 5 6
2 3 5 7
6 3 11 8
8 3 10 9
5 2 5 8
5 3 9 7
1 2 4 8
8 2 6 2
3 2 5 3
5 3 10 2
7 3 16 1
1 3 24 1
6 2 6 7
4 2 6 7
4 3 10 6
7 3 12 7
5 2 6 9
5 2 6 14
5 3 7 13
6 3 6 14
4 2 6 15
2 2 6 16
6 2 6 30
4 2 5 31
7 2 5 30
8 3 6 30
1 2 4 31
2 3 5 30
6 2 5 32
7 3 5 31
2 3 6 33
3 3 6 32
4 2 4 33
1 3 4 33
7 2 5 34
2 2 5 34
6 2 6 30
7 2 6 29
3 2 5 30
4 2 4 30
2 2 6 39
7 2 6 38
7 2 6 41
1 3 11 40
5 3 11 40
6 2 5 41
4 3 16 40
7 2 6 53
5 2 6 52
2 3 9 51
1 3 14 50
1 4 16 49
2 3 16 48
3 3 15 48
4 3 15 49
5 3 15 49
8 3 18 47
5 3 35 48
2 3 38 47
3 3 47 46
6 2 6 51
1 2 5 52
3 2 6 50
2 2 6 57
6 3 15 56
7 3 23 57
6 2 6 57
1 3 8 56
2 3 11 54
3 3 21 58
3 2 6 61
8 2 6 78
5 3 15 78
1 3 19 77
3 2 6 80
8 2 6 88
1 3 14 86
5 3 25 86
6 2 6 88
7 3 17 87
5 3 31 86
2 2 6 93
6 2 6 96
3 3 32 96
1 2 6 95
6 3 34 95
3 3 36 97
4 3 36 98
4 3 43 99
4 2 5 96
6 3 9 95
5 3 24 94
2 2 5 96
7 3 17 95
2 3 26 96
1 3 28 97
8 2 4 97
5 3 11 97
6 3 14 97
4 3 14 95
5 3 26 98
8 2 6 100
3 3 9 99
3 2 7 10
8 2 7 27
3 2 7 41
7 3 10 40
2 2 7 43
5 3 19 43
7 4 46 44
7 2 6 43
7 3 22 42
1 2 7 79
4 3 12 78
6 2 7 79
5 3 10 80
1 3 17 81
1 3 24 77
5 3 26 80
6 3 28 81
2 2 7 81
2 3 25 79
5 2 7 80
8 2 7 79
2 3 8 80
3 3 11 78
6 2 8 3
6 2 8 8
5 2 8 7
7 2 8 7
3 2 8 9
4 2 8 11
8 2 7 11
8 2 8 43
4 2 7 44
1 2 7 43
8 3 10 42
2 4 10 41
5 3 10 41
7 2 8 56
3 4 8 55
6 2 8 59
1 2 8 60
3 2 7 61
1 2 6 61
6 3 11 60
4 3 10 59
6 3 11 57
2 3 9 59
5 3 10 57
8 3 15 55
7 2 6 61
4 2 7 62
2 3 11 61
1 3 10 60
5 2 8 71
7 2 8 73
3 2 7 74
1 3 20 73
4 2 8 73
7 4 12 71
6 3 9 74
6 2 8 83
4 2 7 84
8 2 8 93
6 3 23 92
7 2 9 2
7 3 31 1
4 2 9 52
8 2 9 54
7 3 10 54
8 4 9 56
5 3 11 53
5 3 14 55
6 2 9 55
2 3 17 55
4 3 16 56
3 3 16 57
1 2 9 57
6 4 19 55
3 3 17 57
7 3 17 58
3 2 9 56
8 3 16 57
8 2 9 79
4 4 12 80
8 3 25 77
5 3 24 78
3 2 9 80
4 3 21 78
8 2 9 80
7 2 9 82
4 2 9 84
6 2 9 87
5 4 15 86
8 2 9 90
8 2 9 99
1 2 8 99
4 3 10 98
2 3 13 97
8 3 13 95
7 3 14 99
5 2 10 15
1 2 10 23
2 3 22 24
1 2 10 26
5 3 18 25
7 2 10 27
7 2 10 34
1 2 10 34
7 2 10 34
1 2 10 44
6 3 39 45
2 2 9 45
6 2 8 45
7 2 7 45
4 3 16 44
6 2 10 50
8 2 9 50
6 3 20 49
7 3 32 48
5 4 31 48
3 2 10 51
5 2 10 57
7 2 9 58
7 2 10 78
2 2 9 79
1 3 28 78
8 2 10 87
4 3 13 86
3 3 12 87
8 3 11 88
4 2 10 86
4 3 13 87
7 2 9 87
7 3 23 86
6 3 26 86
2 2 10 97
3 3 10 97
1 3 9 99
5 2 10 98
6 2 10 99
8 2 11 1
1 2 11 11
6 2 11 45
4 3 29 45
7 2 11 54
2 2 11 58
1 2 10 58
3 2 9 58
1 2 11 67
4 2 11 74
5 3 18 74
7 2 11 97
5 2 12 34
2 3 11 34
6 3 10 34
8 2 12 37
1 2 12 38
6 2 11 38
7 2 12 37
5 3 13 35
1 2 12 36
6 2 12 47
7 2 12 47
2 2 12 50
8 3 20 49
3 2 11 50
4 2 11 50
4 3 22 49
6 2 10 50
2 2 9 50
1 3 14 49
5 2 9 50
1 3 20 49
4 3 20 49
8 2 9 51
2 3 16 50
3 3 15 50
2 2 9 50
7 3 9 50
2 2 12 56
3 2 11 56
1 2 11 55
2 2 10 56
4 2 12 59
8 2 12 76
6 2 12 87
1 2 12 96
1 3 14 95
2 2 13 11
5 2 13 10
8 2 13 15
6 2 13 14
5 2 12 15
1 3 13 15
3 2 13 15
4 2 13 23
5 3 21 23
4 2 13 25
5 2 13 24
3 3 20 23
7 2 12 25
4 2 12 24
6 2 12 24
6 2 13 45
3 2 13 45
6 2 13 49
4 2 13 72
2 2 12 73
1 4 12 72
8 3 14 72
4 2 10 73
5 3 13 73
8 3 15 72
8 2 12 74
3 2 13 72
4 2 13 73
2 2 13 98
7 3 15 98
2 2 14 44
5 3 18 43
5 2 14 44
5 3 28 43
5 2 14 46
7 2 14 48
7 2 14 73
7 2 14 91
3 2 13 91
3 3 21 89
8 3 19 90
5 2 13 90
2 3 21 91
4 4 19 91
6 2 13 91
1 2 15 6
6 2 15 24
2 2 15 25
5 2 15 38
4 2 15 72
6 2 15 71
6 2 15 74
2 2 15 75
8 2 14 75
7 2 14 76
8 2 15 90
2 2 15 90
7 2 15 90
4 2 14 91
1 2 14 91
5 2 13 91
4 2 15 94
8 2 14 94
6 2 16 36
8 2 16 44
1 2 15 44
3 3 25 43
7 2 16 98
6 2 17 26
8 2 17 42
6 2 17 42
6 3 19 43
6 3 24 43
3 2 16 43
2 3 15 43
5 3 22 44
4 3 23 45
3 2 15 42
1 2 17 62
7 2 17 71
6 2 17 89
3 2 17 93
1 2 18 12
5 2 18 26
6 2 18 78
1 2 17 78
2 3 26 78
3 2 18 77
7 2 17 78
2 2 18 78
3 3 25 79
3 2 18 87
2 2 17 88
1 2 18 86
5 4 17 86
8 2 18 87
8 2 19 7
3 2 19 81
2 2 18 82
1 2 18 81
3 2 20 7
5 2 20 13
5 2 20 48
5 2 21 10
5 2 21 93
7 2 21 95
7 2 22 79
6 2 23 79
3 2 23 94
7 2 24 21
8 2 24 39
4 2 24 89
6 2 25 12
7 2 26 54
5 2 28 1
4 2 30 1
3 2 30 100
1 2 30 100
1 2 32 47
7 2 32 100
2 2 34 48
4 2 34 47
8 2 33 48
3 2 34 46
7 2 35 47
8 2 36 1
4 2 45 1
1 2 48 100
6 2 48 100
