76654
1515
7 37 9 28
7 35 34 76
4 34 26 70
2 39 58 64
5 34 29 80
2 33 35 24
6 40 62 38
5 30 38 52
2 30 58 88
5 29 81 91
7 25 25 52
2 24 9 59
7 24 2 53
2 29 13 51
1 24 43 18
4 23 27 45
6 23 30 89
6 22 30 77
3 24 80 68
8 21 2 48
1 28 2 45
5 21 15 22
8 21 17 23
6 22 17 16
1 23 26 20
6 21 73 9
8 20 64 67
6 19 25 42
4 19 34 66
5 20 89 32
4 18 16 58
6 18 20 8
7 18 20 33
2 24 33 10
1 17 31 1
6 21 62 1
7 17 52 14
6 16 5 1
3 24 29 3
8 16 5 31
8 20 50 33
3 15 8 97
5 18 42 94
1 15 24 69
4 15 32 32
5 28 28 31
2 19 30 33
6 28 49 31
1 16 41 33
7 15 37 88
5 15 69 29
2 19 62 32
1 14 4 87
8 15 6 88
8 19 13 91
2 15 7 91
7 16 76 84
8 14 6 18
5 15 46 18
1 14 6 70
8 30 9 69
4 15 35 74
4 29 80 73
4 15 72 65
1 14 6 74
1 18 52 72
8 14 12 40
4 18 37 43
7 19 45 38
4 17 30 38
3 18 79 44
5 14 17 12
3 14 18 83
6 15 76 79
7 22 68 76
4 14 19 33
3 14 19 31
5 14 35 48
7 14 48 71
6 15 63 71
8 14 53 75
1 16 56 77
5 14 54 13
3 15 79 60
8 13 8 54
3 13 30 15
8 17 41 17
4 13 28 13
6 13 40 60
3 16 40 62
8 15 55 60
5 18 70 61
2 13 69 13
4 13 68 15
4 14 80 6
2 25 80 7
8 12 3 90
3 17 38 90
3 12 4 84
4 13 26 82
2 12 2 85
4 18 32 84
5 14 28 87
1 12 11 86
1 12 14 27
1 12 14 60
4 15 20 24
3 13 64 21
2 12 10 61
6 19 17 58
8 12 17 9
5 12 10 11
8 13 41 62
8 14 46 13
2 12 19 36
5 13 63 37
6 12 23 51
4 14 67 60
5 12 22 49
2 16 62 46
4 18 61 48
1 12 38 30
6 12 41 47
2 12 49 95
8 12 50 96
3 14 48 96
4 12 57 88
4 12 60 37
5 12 63 5
2 12 65 43
7 12 68 82
4 21 67 80
6 12 66 76
6 16 72 96
3 11 2 77
8 14 1 75
1 18 39 78
7 11 5 64
3 13 65 64
6 13 62 66
2 11 5 88
7 11 10 28
8 12 8 28
8 11 14 36
2 12 60 36
3 11 19 23
4 11 32 46
8 20 45 49
1 15 49 51
5 12 65 52
3 16 65 51
8 11 38 92
8 11 42 46
4 11 58 69
6 11 64 63
5 13 70 97
1 11 71 9
5 11 75 98
3 10 4 91
7 10 6 55
2 13 5 54
8 10 9 11
6 11 16 6
3 16 68 6
1 10 12 45
6 11 11 45
1 11 10 44
7 11 32 46
8 11 33 49
5 12 41 47
6 10 7 43
3 10 13 81
2 17 12 81
8 11 14 40
6 10 11 38
7 10 12 39
3 11 25 36
7 10 16 90
4 10 28 68
1 10 37 49
7 17 36 49
4 11 59 52
2 10 41 82
5 10 46 20
3 10 62 58
8 9 1 42
5 9 4 11
7 10 1 10
8 9 5 75
6 9 6 47
7 9 5 44
5 9 7 18
4 12 27 19
5 12 57 43
7 9 7 22
8 13 4 21
6 9 8 34
1 10 5 34
7 9 8 51
2 9 10 97
1 10 6 96
7 10 29 32
5 9 14 91
4 9 11 91
6 11 32 93
1 12 42 94
3 10 43 95
6 9 19 97
3 9 25 51
7 12 50 89
6 14 56 53
3 9 27 67
7 10 42 67
6 9 25 69
2 9 29 1
4 12 63 64
7 9 30 31
7 9 35 97
4 9 32 98
8 9 36 99
7 12 52 95
7 10 54 96
3 9 40 79
8 9 41 23
5 9 45 46
5 9 45 91
1 9 48 22
7 8 3 59
1 13 1 60
1 12 2 58
7 9 6 56
1 10 4 55
6 10 51 58
5 9 8 56
4 11 53 56
6 9 16 55
2 9 34 61
8 8 1 56
8 8 2 62
1 8 2 64
2 15 9 63
2 8 4 98
2 8 5 46
3 8 5 95
8 14 36 94
6 10 36 96
3 10 37 92
4 9 25 95
6 9 25 95
3 9 34 98
7 8 6 33
6 8 7 15
5 12 8 14
8 14 4 14
3 9 26 17
8 10 43 17
3 9 50 15
2 8 10 11
3 8 12 70
7 8 16 3
4 10 36 5
8 14 46 3
8 8 14 1
2 11 66 2
3 9 22 1
4 12 59 1
7 8 21 73
2 8 23 20
6 8 31 20
1 8 34 81
3 9 34 83
7 8 38 17
2 11 45 18
6 8 38 37
3 10 48 36
2 8 38 85
6 10 62 84
2 8 40 77
8 10 38 78
1 8 42 42
7 9 42 44
1 8 50 41
7 8 51 5
6 8 53 56
3 8 56 12
4 8 60 88
3 8 64 41
5 8 66 72
3 10 67 2
4 10 67 3
1 17 63 3
3 8 64 1
8 7 1 70
7 13 1 68
1 8 7 73
2 8 45 73
2 7 1 73
6 7 2 39
1 7 3 51
3 7 3 85
8 9 7 85
8 9 34 82
3 10 34 85
2 12 44 84
6 8 48 87
7 7 4 61
7 9 44 63
7 7 5 3
6 7 5 14
1 7 5 26
7 9 5 25
2 8 15 26
7 9 29 23
5 10 27 23
7 7 3 25
1 10 3 26
2 9 19 24
5 8 14 27
7 11 36 25
6 11 37 27
8 11 37 26
4 13 54 23
2 17 57 26
3 8 52 26
8 7 7 50
2 7 7 77
1 8 4 80
8 8 11 80
2 8 10 79
1 13 10 78
3 9 20 81
7 10 20 78
8 7 4 81
2 7 7 96
8 8 13 98
6 10 40 97
6 7 10 32
2 7 11 46
5 7 13 6
1 8 28 5
7 8 34 4
2 7 13 22
3 7 16 73
5 9 13 73
4 9 21 76
5 7 16 72
5 7 20 40
3 7 23 44
7 7 23 93
1 8 29 93
5 7 28 11
1 7 28 62
1 7 30 87
2 8 30 88
1 8 31 37
1 8 32 37
4 10 41 39
7 7 34 18
1 7 34 22
1 7 34 60
3 7 35 33
4 7 35 46
3 7 35 88
8 7 37 65
1 8 36 65
2 7 38 47
3 8 35 46
3 8 39 21
3 7 43 31
3 7 43 52
6 9 42 51
6 7 44 5
5 8 41 4
8 6 1 37
6 7 10 38
2 8 19 36
2 8 33 34
2 6 1 66
5 7 24 66
2 6 1 78
1 7 1 79
6 6 2 38
8 7 4 35
4 7 16 39
4 7 36 34
6 6 3 22
6 6 3 32
6 7 6 30
4 7 9 32
5 8 10 31
4 7 30 31
1 7 46 29
5 10 53 27
8 7 50 8
3 9 55 28
7 6 4 38
1 7 2 39
1 6 4 49
7 9 1 47
8 7 4 46
2 6 5 73
8 10 30 74
1 7 1 75
7 8 2 72
3 8 6 75
8 7 5 75
4 9 14 70
6 8 17 72
2 7 15 41
7 7 23 72
2 7 27 71
6 7 30 71
3 6 11 70
3 6 12 23
8 6 12 33
8 8 16 34
5 6 15 52
8 6 16 7
5 10 17 5
2 9 20 7
1 8 34 8
6 8 42 43
7 6 16 67
6 8 16 66
4 6 16 66
4 6 17 28
5 6 17 98
7 7 18 98
3 6 19 18
7 8 44 8
4 6 21 66
5 6 21 68
3 6 26 88
4 6 28 71
4 6 29 8
5 7 36 9
4 7 52 10
4 6 29 96
5 7 28 96
3 6 31 2
8 9 41 2
2 6 31 52
7 6 32 67
7 6 33 60
6 6 34 16
1 8 43 15
6 6 37 72
4 6 38 28
5 6 38 28
4 6 38 93
7 6 43 1
2 6 44 24
3 6 47 25
2 6 48 10
2 7 52 20
7 5 1 16
8 7 6 15
7 10 8 16
1 6 46 17
3 9 52 19
8 5 1 27
6 7 2 29
1 7 8 24
4 6 11 24
1 7 14 23
5 6 11 27
6 6 15 27
6 6 16 23
7 7 23 24
5 6 17 20
1 7 29 23
6 5 1 49
6 9 19 47
6 6 5 49
3 6 6 48
2 8 7 49
5 6 7 46
3 7 33 51
8 5 1 52
1 7 5 53
3 9 6 55
4 6 7 49
1 6 15 56
8 7 12 58
1 7 22 55
8 7 27 55
5 5 2 5
1 5 2 28
8 5 2 28
2 7 10 27
3 5 2 82
6 6 17 23
2 5 2 96
5 8 17 96
1 5 3 31
3 6 9 32
6 9 12 30
2 6 7 32
3 5 3 93
5 6 15 93
6 7 13 91
3 6 19 80
8 5 8 73
5 5 9 53
8 6 22 91
6 6 29 91
4 6 33 93
4 7 36 53
3 5 9 63
8 8 23 62
8 5 10 30
8 5 12 8
1 8 18 10
4 8 22 8
4 6 25 31
1 7 43 6
7 5 14 6
5 5 14 38
2 5 14 58
5 5 14 78
2 5 15 14
1 7 14 14
4 7 38 16
4 5 15 63
7 9 22 62
6 5 15 99
8 5 16 24
4 5 17 93
4 5 18 5
4 6 21 4
7 5 18 77
3 9 23 77
2 6 24 98
1 7 25 98
6 5 14 77
6 7 29 77
1 5 17 75
7 6 27 80
6 5 18 80
4 5 18 89
3 5 20 41
6 5 21 27
2 5 21 55
4 5 21 83
2 5 22 70
4 5 22 79
5 7 23 78
8 5 23 28
2 5 23 56
1 5 24 54
7 7 23 56
8 5 21 55
1 5 26 29
7 5 26 37
8 5 28 68
5 6 34 76
5 7 39 66
3 10 36 66
4 7 33 66
8 5 31 3
7 5 32 10
6 5 31 12
3 5 31 13
6 5 32 66
6 5 34 68
1 5 34 84
4 5 36 88
5 5 39 94
2 5 51 43
1 5 62 1
5 4 1 18
8 6 1 17
5 6 23 18
2 7 38 20
4 5 43 17
3 5 40 18
8 4 2 4
6 8 1 2
7 6 8 3
2 7 26 1
6 5 3 5
5 7 24 5
7 5 3 6
6 5 6 4
3 5 14 5
7 6 22 5
5 5 38 2
5 4 2 6
7 4 2 19
5 4 1 21
1 4 2 34
5 4 2 47
3 4 2 79
8 4 3 65
6 5 18 63
5 7 17 64
7 5 21 65
2 4 3 79
1 5 4 78
7 5 17 80
8 4 1 78
8 4 3 96
3 6 3 97
1 8 2 95
6 4 4 16
7 5 27 17
1 4 4 48
1 4 4 92
7 5 28 90
6 4 5 26
3 4 5 39
5 4 3 39
4 5 13 38
2 6 17 39
7 5 17 36
4 4 4 38
5 4 6 8
7 5 13 8
4 5 14 9
3 5 16 10
6 7 17 10
8 6 24 8
6 6 24 7
4 4 6 25
3 6 5 25
7 5 7 26
8 5 8 25
4 7 25 24
2 6 25 24
8 4 7 7
7 4 7 57
4 5 27 57
5 6 27 58
4 4 8 62
4 6 15 63
5 5 21 61
5 5 34 63
7 4 8 68
5 5 12 69
1 6 26 67
6 5 17 67
8 7 18 67
3 6 15 66
4 5 26 69
5 5 26 70
6 4 8 76
4 4 9 91
7 4 10 1
1 6 23 2
4 5 45 1
2 5 48 2
7 4 10 30
1 5 9 30
2 5 16 32
4 4 10 28
2 6 11 29
5 4 10 35
7 4 10 45
5 5 16 44
8 5 24 44
1 6 26 43
8 10 29 43
3 6 40 43
4 4 10 61
6 5 11 61
5 5 11 62
3 4 11 11
1 5 34 11
5 4 11 44
2 4 10 44
4 6 16 42
5 6 15 42
7 6 19 44
2 5 22 42
3 8 56 41
4 5 26 44
8 5 32 41
7 4 11 71
4 4 12 43
2 5 13 43
8 5 24 41
2 4 12 67
1 4 12 70
1 5 22 71
4 4 12 85
8 8 29 85
7 5 10 86
5 6 33 88
5 8 41 84
2 5 30 86
7 6 42 85
6 7 45 84
4 5 40 84
5 5 41 85
4 4 8 86
4 4 12 95
6 6 11 95
7 6 13 95
4 4 13 15
6 4 14 25
7 6 12 25
2 4 14 80
4 4 15 59
7 4 15 84
5 4 15 89
4 4 15 89
2 6 22 88
3 5 22 89
3 5 27 90
7 5 27 91
6 4 16 45
5 5 27 43
5 4 16 54
5 4 17 10
3 4 17 12
5 4 17 37
8 4 18 6
4 4 18 14
6 4 18 36
1 4 18 44
8 5 18 44
7 4 18 94
5 4 15 94
2 7 16 92
8 5 16 93
2 4 19 16
3 4 19 36
2 6 18 37
8 5 18 36
2 5 24 35
5 6 22 35
5 4 18 34
3 5 19 35
4 4 18 33
7 4 20 6
6 4 20 12
5 4 20 44
6 4 20 87
6 4 20 92
8 5 21 91
5 5 19 92
6 5 21 91
7 4 21 70
5 4 24 17
7 4 24 65
8 4 24 89
1 4 27 9
2 4 27 13
4 7 46 14
2 4 27 16
2 4 28 84
4 4 29 42
5 6 36 41
3 4 29 73
2 4 28 75
6 4 30 2
2 5 44 1
8 4 28 1
2 4 30 17
2 4 31 29
8 4 31 41
7 4 32 78
3 4 32 86
4 4 33 83
4 4 38 57
1 4 39 19
4 5 46 41
2 4 49 14
1 4 50 14
5 3 1 7
2 4 13 5
1 4 15 8
4 5 19 5
4 4 23 7
8 3 1 9
6 4 2 9
3 4 7 9
1 4 16 11
6 4 23 8
3 4 27 8
3 4 29 12
4 4 28 12
8 4 30 13
6 3 1 19
5 3 1 29
7 4 18 29
2 4 22 28
6 3 1 46
4 3 1 46
4 4 17 44
3 4 16 45
2 4 19 44
2 3 1 46
1 4 14 44
3 3 1 49
1 3 1 69
7 6 13 69
2 4 15 68
3 5 21 70
7 3 1 68
7 4 3 66
7 4 6 65
6 4 12 64
2 3 1 78
4 4 6 79
3 5 8 79
7 4 16 80
4 3 1 95
4 4 14 96
7 3 2 23
6 7 8 23
4 4 6 23
6 3 2 26
8 3 2 37
3 3 2 38
2 3 1 39
7 5 13 40
3 5 18 42
5 4 38 41
7 3 1 39
6 4 21 41
8 3 2 48
5 4 2 48
8 4 6 49
6 4 8 51
5 3 2 70
4 3 2 79
6 3 2 81
2 5 3 80
7 4 10 82
3 3 1 80
1 3 2 84
5 7 20 83
6 7 19 84
4 4 18 86
7 4 28 87
8 3 3 2
7 4 2 1
5 6 23 1
5 4 9 1
4 4 13 3
1 4 26 3
1 4 27 3
4 4 26 3
8 3 3 2
7 5 5 1
8 4 6 1
1 4 14 1
5 4 18 1
4 4 28 2
7 3 3 23
7 3 3 42
5 4 11 43
1 3 3 41
8 3 3 60
3 4 26 59
8 3 3 62
3 4 6 62
1 5 7 62
4 4 7 64
3 4 10 64
1 4 17 61
2 4 18 64
1 3 3 65
1 3 3 71
2 3 3 77
8 3 3 85
1 4 4 83
7 5 18 85
8 3 3 88
1 4 2 88
3 4 2 89
3 6 5 90
1 4 2 90
2 4 2 91
8 4 8 90
1 4 7 89
8 4 5 89
7 5 10 88
2 3 2 88
6 3 4 2
7 3 4 9
4 4 7 7
3 4 7 8
7 3 4 11
4 5 16 11
3 5 21 9
1 4 26 13
7 4 24 14
2 5 38 14
1 4 37 14
4 3 4 26
1 3 4 47
8 3 4 56
6 4 26 57
1 3 4 67
7 3 4 74
7 5 5 73
7 6 8 75
5 4 21 76
4 4 27 75
6 3 3 75
2 4 5 74
4 5 13 73
4 4 18 76
3 4 19 76
5 4 29 73
5 3 4 79
2 3 4 81
2 3 4 84
6 3 5 3
7 4 14 2
4 4 16 2
7 3 5 37
8 4 11 37
6 3 5 36
1 3 5 49
4 3 5 55
5 4 17 55
6 3 5 56
4 4 8 55
3 5 7 53
8 4 13 56
8 4 21 51
2 3 5 95
1 3 6 6
3 4 6 5
4 4 4 6
2 3 6 5
1 3 6 11
3 4 24 12
4 5 24 12
5 4 24 14
6 4 23 14
1 4 28 15
6 3 6 71
5 3 5 71
8 3 5 70
7 3 5 69
3 3 5 69
1 3 6 99
8 3 7 1
5 3 7 10
2 4 19 9
8 3 7 20
4 6 12 18
1 6 12 20
1 5 25 20
3 5 25 20
5 5 25 17
8 3 7 31
4 5 14 32
7 3 7 31
5 3 7 44
7 6 8 42
3 4 6 43
8 4 16 41
8 3 7 77
7 3 8 11
4 3 8 13
2 6 13 11
1 4 15 14
6 4 17 15
7 3 8 19
8 4 20 18
2 3 8 19
6 5 17 19
3 3 8 34
7 4 9 33
3 3 8 59
3 4 13 61
6 5 12 61
2 3 8 62
5 3 8 67
8 3 8 67
1 3 8 82
5 4 11 82
6 3 8 88
7 4 9 86
4 3 9 1
8 3 9 5
4 3 9 29
6 3 9 42
8 3 9 52
4 3 9 54
7 5 13 55
3 3 9 53
4 4 7 53
1 4 14 52
6 3 5 53
2 5 7 52
4 4 16 53
3 3 5 52
6 4 14 53
2 4 12 52
6 3 3 52
1 5 5 51
5 4 13 52
2 3 3 52
7 4 4 51
6 4 12 50
8 3 3 51
3 4 11 50
7 3 9 58
3 3 9 61
5 4 8 60
4 3 8 60
7 3 7 61
2 3 7 61
4 3 9 84
8 4 21 84
5 3 9 86
1 3 9 88
4 3 8 88
3 3 9 93
3 3 10 11
2 3 10 66
7 3 10 66
1 3 10 90
1 3 11 18
1 4 19 18
4 4 19 17
3 3 11 21
8 4 13 20
5 5 16 20
8 3 11 28
3 4 21 28
4 4 19 28
8 3 11 65
3 4 21 63
6 3 11 82
4 3 12 18
5 3 12 40
4 3 12 45
2 3 12 57
8 3 13 11
5 3 13 35
2 3 13 42
2 3 13 98
8 3 12 98
8 3 14 9
3 3 14 14
7 5 16 13
5 5 16 12
3 3 15 27
8 4 16 28
4 3 15 42
3 3 15 58
4 5 13 58
8 3 15 74
3 3 16 86
1 4 16 85
7 4 24 83
1 3 17 17
4 4 21 15
1 3 17 41
1 3 17 73
3 4 23 73
2 3 17 86
7 3 17 85
5 3 18 8
7 4 17 7
2 3 16 7
1 3 18 7
4 3 17 8
4 3 18 40
7 3 19 2
1 3 19 12
3 3 19 15
2 3 20 59
4 3 20 64
3 3 20 74
6 3 20 74
7 3 19 75
4 3 22 21
2 4 21 22
3 3 23 41
2 3 22 41
3 3 23 56
5 3 23 56
6 3 23 94
7 3 25 83
4 3 26 41
5 3 27 51
8 3 28 60
1 3 26 60
8 2 1 6
2 3 12 7
6 2 1 7
7 2 1 10
7 4 12 9
2 2 1 9
6 2 1 13
1 4 9 12
1 3 3 12
2 3 2 12
7 4 6 13
8 3 14 14
5 2 1 12
5 3 3 12
8 4 1 12
2 3 9 11
4 2 1 17
5 3 1 18
6 5 5 16
2 3 7 15
5 3 9 19
7 4 11 19
2 3 13 17
7 3 13 16
5 2 1 24
6 5 3 23
8 4 1 24
5 4 7 24
3 3 8 22
2 3 12 24
7 2 1 24
1 3 13 24
1 2 1 29
2 3 2 28
1 3 10 27
3 3 12 29
1 4 13 30
3 3 13 28
3 3 18 30
4 2 1 29
7 3 5 30
1 3 7 31
7 3 9 31
2 3 8 30
3 2 1 30
6 4 9 29
7 4 8 29
5 4 11 29
5 3 8 31
6 4 7 32
6 4 10 34
6 2 1 30
6 3 6 30
4 3 10 29
8 2 1 34
4 4 6 32
6 3 2 35
1 3 5 34
3 3 8 36
7 3 9 36
4 6 9 34
3 2 1 39
3 3 8 38
1 2 1 50
2 3 2 50
7 2 1 53
5 3 1 52
8 3 4 53
5 4 4 53
1 3 3 53
3 2 1 54
1 3 1 54
2 3 1 53
3 5 1 54
1 3 6 54
7 2 1 56
5 3 5 57
1 4 9 57
2 3 9 56
4 3 17 56
3 3 27 59
5 4 25 59
3 3 23 59
3 2 1 60
4 2 1 61
6 3 5 62
5 3 5 64
1 2 1 60
5 3 6 59
2 2 1 63
1 3 10 64
6 3 9 65
6 3 13 63
2 3 12 63
5 2 1 62
3 2 1 65
8 2 1 66
2 3 6 67
4 3 7 65
2 2 1 69
8 3 2 68
6 2 1 68
4 3 3 68
1 3 7 70
6 2 1 70
3 2 1 75
3 4 10 74
6 3 16 72
8 2 1 78
7 3 6 77
5 3 6 77
5 3 13 75
7 3 14 77
5 2 1 80
8 2 1 81
8 2 1 85
5 3 19 86
6 3 18 87
2 2 1 85
6 3 12 84
5 3 21 83
3 2 1 85
4 2 1 87
7 3 1 88
4 4 5 90
8 3 1 90
4 4 8 90
4 3 3 87
2 3 6 91
5 2 2 1
3 3 9 2
3 2 2 5
2 2 2 5
6 2 2 8
8 2 2 7
5 3 5 5
4 3 4 6
8 3 4 7
6 4 4 7
2 2 2 22
4 2 2 23
3 3 2 22
5 3 6 21
8 2 1 22
4 2 2 21
4 3 15 20
7 2 2 26
1 2 2 26
8 3 6 26
3 2 2 27
4 3 5 26
5 2 2 38
1 2 2 45
7 3 6 44
3 2 2 48
4 3 4 49
1 3 7 47
5 2 2 50
8 2 2 50
2 2 2 49
3 2 2 49
5 3 2 48
7 2 2 54
5 2 2 60
8 3 4 60
3 3 10 59
5 3 14 62
3 2 2 60
2 2 2 66
6 2 2 72
5 3 11 71
2 2 2 71
5 2 2 72
3 2 2 76
3 3 5 75
4 3 4 76
1 3 5 75
1 3 13 74
8 2 2 82
5 2 1 83
1 2 1 83
3 3 3 81
6 5 5 82
1 3 2 83
3 3 1 84
1 3 6 82
8 4 7 81
4 2 2 88
3 3 5 88
6 3 6 88
3 2 2 88
1 4 1 89
1 3 4 88
5 3 3 87
6 3 4 89
7 3 11 86
2 2 2 94
2 3 13 93
3 2 2 96
4 2 2 96
1 2 2 97
7 3 10 98
3 3 21 98
5 2 3 2
5 2 3 4
3 3 6 4
7 2 3 9
4 3 12 8
7 2 3 12
8 2 3 17
5 2 3 19
7 2 3 27
2 4 4 26
3 3 4 28
2 3 7 30
8 2 2 27
4 3 2 27
5 3 2 26
5 2 3 29
1 2 3 28
4 2 3 30
5 2 3 35
3 2 3 36
7 2 3 42
3 2 3 46
6 3 4 46
2 3 6 46
8 2 3 46
4 2 3 54
3 2 3 54
5 2 2 54
4 2 3 56
3 2 3 56
8 3 4 56
3 2 3 60
3 2 3 63
8 2 3 65
1 2 3 66
2 2 3 71
2 3 10 72
8 2 3 81
3 2 3 81
5 2 3 84
4 3 3 83
5 2 3 82
7 2 3 82
4 2 3 81
5 4 3 80
8 2 3 84
2 2 3 85
3 3 4 85
1 2 3 85
8 2 3 87
1 2 3 92
8 3 5 92
5 3 4 93
3 4 8 93
2 3 7 93
5 5 8 93
3 3 9 95
4 3 10 91
7 2 2 92
8 2 4 3
4 2 4 4
1 2 3 4
1 2 4 6
4 2 4 7
7 2 3 7
7 2 4 12
5 2 4 14
8 2 4 20
8 2 4 23
3 3 11 24
4 3 9 24
8 2 4 31
7 2 4 40
6 2 4 43
2 2 3 44
5 3 4 42
7 2 4 42
8 3 16 41
8 2 4 48
6 2 4 54
2 5 5 53
1 3 4 55
1 3 6 55
7 2 4 53
6 2 4 64
3 3 3 65
2 2 4 66
7 2 4 71
5 2 4 71
4 3 4 72
1 2 4 82
4 2 4 82
6 2 4 83
7 2 4 82
6 2 4 96
2 4 4 95
1 2 4 95
4 3 7 93
3 2 3 95
5 2 4 97
2 2 5 3
2 2 5 7
5 2 5 8
3 2 4 8
8 2 5 12
3 2 5 19
1 2 5 23
7 2 5 34
4 2 5 36
8 2 5 41
6 4 9 40
5 3 5 40
7 2 5 39
2 2 4 40
8 2 4 39
4 3 3 39
1 2 4 40
4 2 5 43
2 3 9 41
4 2 5 57
6 2 4 58
4 3 15 58
8 2 4 57
7 2 4 58
7 2 5 58
8 3 4 58
5 3 8 58
4 4 9 58
2 2 5 63
1 2 6 1
2 2 6 3
6 2 6 17
7 2 6 18
5 3 8 19
8 3 6 20
1 2 5 20
2 3 5 19
6 2 6 38
4 2 6 42
8 2 6 47
6 2 6 56
6 2 6 85
5 2 5 85
4 2 7 1
8 2 7 24
3 2 7 24
2 2 7 28
6 2 7 69
4 2 7 78
6 2 7 82
6 2 7 89
5 2 6 89
6 2 6 89
5 2 7 96
3 2 6 96
4 3 6 96
6 2 8 9
1 2 8 16
6 2 8 19
7 3 9 17
8 2 8 20
7 2 8 21
5 2 8 22
8 3 7 22
3 2 8 33
5 2 7 33
8 2 8 42
5 2 8 43
7 2 8 45
5 2 7 45
4 2 8 50
5 2 8 55
8 2 8 62
8 2 8 70
5 2 7 71
7 2 9 1
6 2 9 3
1 3 8 3
3 2 7 3
2 2 7 3
5 2 9 10
8 2 9 14
3 2 9 47
5 2 9 47
2 2 8 47
1 2 9 53
6 2 10 4
6 2 10 16
3 2 10 15
4 2 10 18
1 2 10 41
4 2 10 73
6 3 12 73
1 2 10 74
2 2 9 75
7 2 8 75
1 2 10 91
3 2 9 91
8 2 9 91
4 2 10 99
2 3 20 98
4 3 18 99
1 2 11 10
4 2 11 10
2 2 11 14
6 2 12 1
3 2 12 53
2 2 12 59
4 2 12 86
2 2 13 15
6 2 13 50
5 2 13 99
6 3 14 98
8 2 13 98
3 2 13 98
5 2 14 50
4 2 14 50
6 2 14 59
4 2 15 50
5 2 15 59
4 2 15 62
3 2 16 1
3 2 16 50
4 2 18 41
7 2 19 98
5 2 21 98
