109973
131
1 120 5 1
1 120 15 3
1 119 8 2
1 113 15 4
1 116 18 5
8 95 5 1
1 115 21 6
2 54 2 5
2 54 2 12
2 54 2 19
2 54 2 26
2 54 2 33
1 42 1 1
2 48 1 40
3 5 1 3
5 6 5 3
6 8 5 2
4 9 4 3
3 5 1 10
5 6 5 10
6 7 5 10
4 9 4 10
3 5 1 17
5 6 5 17
6 7 5 17
4 9 4 17
3 5 1 24
5 6 5 24
6 7 5 24
4 9 4 24
3 5 1 31
5 6 5 31
6 7 5 31
4 9 4 31
3 5 1 38
4 6 4 38
6 5 2 4
6 5 2 11
6 5 2 18
6 5 2 25
6 5 2 32
5 5 4 38
6 7 3 37
1 6 17 44
5 4 1 4
5 6 2 2
6 7 2 1
7 8 1 1
3 4 1 3
5 4 1 9
5 6 2 7
6 6 2 7
7 11 2 3
3 4 1 9
5 4 1 15
5 6 2 13
6 6 2 13
7 11 2 9
3 4 1 15
5 4 1 21
5 6 2 19
6 6 2 19
7 11 2 15
3 4 1 21
5 4 1 27
5 6 2 25
6 6 2 25
7 11 2 21
3 4 1 27
5 4 1 33
6 4 1 33
7 5 2 27
4 5 2 33
5 6 2 31
3 4 1 33
7 6 2 31
6 8 2 32
7 7 1 33
4 6 1 31
7 4 1 34
4 5 1 34
7 5 1 34
4 4 1 34
7 4 1 34
4 4 1 34
7 4 1 34
4 4 1 34
7 4 1 34
1 4 21 36
6 3 1 3
3 3 1 3
4 5 1 1
6 4 1 4
3 3 1 5
4 3 1 5
6 4 1 7
3 3 1 8
4 3 1 8
6 4 1 10
3 3 1 11
4 3 1 11
6 4 1 13
3 3 1 14
4 3 1 19
7 3 1 19
4 3 1 19
7 3 1 19
4 3 1 19
7 3 1 19
4 3 1 19
1 3 8 19
2 3 8 19
2 3 15 20
1 3 15 20
5 2 1 2
6 3 1 1
7 2 1 1
5 2 1 1
6 2 1 1
5 2 1 2
6 2 1 2
7 2 1 1
5 2 1 1
6 2 1 1
7 2 1 7
4 2 1 7
7 2 1 7
4 2 1 7
7 2 1 7
4 2 1 7
7 2 1 7
