15700
2430
5 13 13 62
2 8 81 58
5 7 2 16
7 7 29 30
8 7 35 90
8 7 42 89
7 7 86 40
6 6 2 15
7 6 8 50
8 6 21 71
3 6 23 25
4 6 27 21
1 6 34 77
7 6 41 20
4 6 46 57
1 6 58 25
2 6 74 23
2 6 79 70
3 6 87 6
1 6 89 64
2 5 1 45
8 5 2 17
8 6 89 17
7 5 3 45
8 6 56 43
3 5 4 68
1 5 11 24
3 5 19 22
7 5 23 51
5 5 24 5
7 5 24 60
1 5 28 10
4 5 28 8
5 6 73 6
6 5 38 11
4 5 39 68
5 5 43 35
8 5 46 30
6 5 48 48
3 5 49 89
2 6 70 87
2 7 90 87
8 5 52 66
3 5 53 50
5 5 66 12
2 5 66 65
7 5 66 70
8 5 67 26
8 5 70 34
3 5 71 13
7 5 71 13
6 5 75 99
3 5 80 94
8 5 79 94
2 5 84 48
6 5 86 48
7 5 88 27
1 5 90 28
1 5 91 32
7 5 93 92
5 5 96 40
1 4 3 2
6 7 14 2
2 6 21 1
5 5 55 4
1 6 65 4
8 4 3 8
3 4 3 55
5 4 5 85
3 7 48 85
3 4 5 86
6 5 26 87
3 4 6 84
5 7 84 81
4 5 75 83
3 5 72 83
8 5 74 83
4 4 7 20
3 7 66 19
1 6 68 18
5 5 69 21
4 4 7 79
5 4 9 14
3 4 8 15
7 7 28 13
5 7 67 13
2 4 9 49
7 4 9 49
5 5 27 49
4 5 35 15
5 6 54 12
8 5 53 47
5 6 64 18
4 5 64 19
4 4 8 50
1 7 49 50
6 5 36 48
1 4 9 88
4 5 25 86
3 5 51 86
3 5 58 89
8 5 59 87
8 4 8 89
2 6 48 87
5 4 11 38
2 5 82 12
3 4 11 42
4 5 76 40
5 4 11 53
7 4 10 54
7 5 38 52
8 4 13 32
8 5 41 32
1 5 48 33
6 4 13 50
8 4 13 82
8 4 13 93
7 5 41 92
7 5 65 93
8 5 75 82
8 4 14 10
5 5 39 9
1 5 60 11
1 4 15 67
7 5 81 66
3 4 14 67
2 5 46 66
6 5 63 66
5 4 15 74
1 6 16 73
1 5 18 72
3 5 34 74
3 5 85 94
4 4 16 11
3 5 26 11
1 6 28 10
7 4 16 37
5 5 39 35
2 5 53 39
4 4 16 98
8 6 23 97
1 4 17 31
5 4 16 33
6 4 17 79
1 4 17 94
5 4 18 46
1 4 19 15
5 4 17 15
3 4 22 55
8 4 22 67
2 4 22 80
2 4 22 85
7 5 71 83
5 4 23 33
3 5 23 34
6 5 82 96
4 4 24 10
4 6 52 9
1 5 61 7
5 4 24 45
3 4 24 52
6 4 24 78
1 4 25 54
8 5 79 53
8 4 23 53
3 4 25 66
6 6 68 64
2 4 26 32
1 4 25 32
6 6 67 31
7 4 28 7
8 4 28 11
2 5 29 11
4 4 31 19
4 5 45 6
5 4 31 73
5 4 35 94
7 4 37 5
4 5 59 16
8 4 37 11
7 6 53 12
3 4 37 37
3 5 76 35
6 4 36 38
7 4 38 46
1 5 38 43
4 6 63 47
5 5 64 46
2 4 40 1
4 4 41 46
4 4 43 2
1 4 43 12
5 5 73 12
1 4 43 53
7 5 61 51
2 4 43 82
3 4 45 66
1 4 46 67
2 5 63 65
4 4 48 26
2 6 56 25
6 5 58 26
4 5 69 26
8 4 49 42
6 4 49 87
4 4 47 87
7 4 51 73
4 4 52 11
2 4 53 93
2 5 60 93
7 4 55 95
4 5 77 6
6 4 58 59
7 5 55 59
4 4 58 79
4 5 73 80
8 4 59 3
3 5 59 1
4 5 60 5
7 4 59 29
6 5 75 26
2 4 59 55
6 4 59 84
6 4 62 4
8 4 63 70
4 5 77 94
2 6 78 67
2 4 63 84
1 4 63 91
1 4 65 25
4 4 67 45
5 4 67 67
4 4 67 68
4 4 68 14
5 4 65 14
6 4 68 26
7 4 68 74
1 5 68 74
5 4 69 91
3 4 70 4
3 4 72 80
6 5 73 73
4 4 73 95
7 4 72 94
1 4 74 35
4 4 75 48
3 4 78 47
1 4 78 64
2 4 78 78
8 4 77 77
5 4 80 20
1 4 80 39
4 4 78 39
8 4 81 7
6 5 84 36
8 4 84 1
5 4 85 38
4 4 86 40
8 3 1 11
7 4 34 11
6 4 52 12
8 5 51 11
1 4 69 9
1 3 1 30
1 4 34 29
7 4 78 30
5 4 78 31
4 4 79 27
7 3 1 43
4 4 24 43
4 5 28 45
8 4 27 44
5 4 35 42
2 5 56 40
1 4 41 44
1 4 41 48
8 4 42 50
7 4 48 41
4 4 52 42
4 4 69 44
3 4 74 48
5 4 79 39
4 3 1 50
6 4 8 48
1 5 8 49
4 4 7 49
2 5 9 50
8 5 29 47
4 4 56 50
8 4 68 48
7 4 72 45
6 3 1 50
5 7 61 49
2 4 4 48
4 4 63 50
8 3 1 60
1 4 4 59
6 6 73 60
4 5 74 62
1 4 10 57
5 4 62 61
8 6 65 61
8 6 84 59
3 4 91 63
4 3 1 69
5 4 27 68
2 5 27 69
7 4 45 67
4 4 54 73
3 5 53 72
5 4 58 72
6 4 58 72
8 4 80 70
3 3 1 74
1 4 77 75
1 3 2 19
1 5 55 17
1 6 68 18
7 4 67 17
8 5 77 20
3 6 79 21
1 4 82 23
7 3 2 20
4 4 42 20
3 4 68 20
6 4 68 19
7 3 2 32
4 5 7 32
5 4 5 34
8 5 35 33
3 4 11 34
3 6 61 31
2 4 12 34
6 5 15 32
4 4 42 35
8 5 41 35
2 6 80 37
4 3 2 45
6 4 35 43
8 4 38 42
5 4 42 41
4 4 78 42
7 3 2 91
6 4 19 90
7 3 3 68
1 4 3 66
6 6 20 67
1 5 45 69
2 5 57 68
2 4 6 69
3 4 17 69
4 4 20 66
6 5 28 68
2 4 37 71
6 5 47 64
8 5 56 72
3 4 45 69
3 4 45 73
5 4 47 67
2 4 54 72
4 5 79 63
4 3 3 67
5 4 15 66
8 6 22 65
5 5 24 66
2 4 23 66
6 4 30 63
6 4 40 64
1 4 47 68
2 4 48 63
5 4 48 62
5 3 4 42
5 4 28 43
3 4 28 43
4 4 37 41
7 4 41 39
6 5 54 42
2 4 75 38
6 4 76 37
8 3 4 43
6 4 32 42
7 4 47 43
7 3 2 43
1 4 63 43
1 3 4 77
3 4 15 78
7 4 16 76
4 3 2 78
6 4 4 77
8 4 6 74
5 6 64 76
3 6 76 78
2 3 5 8
8 4 29 8
8 5 47 9
4 3 5 12
6 4 4 11
3 4 42 12
2 5 46 9
6 4 49 7
4 4 61 14
8 4 61 13
2 4 60 13
1 4 67 15
7 3 4 10
2 4 10 8
7 6 21 6
8 5 20 7
4 4 50 7
1 4 60 7
2 3 5 12
2 6 50 10
7 3 5 18
1 4 11 17
3 4 22 20
3 4 28 19
6 5 62 17
8 3 5 25
6 4 14 26
5 4 44 25
7 5 67 23
5 5 70 27
1 4 75 28
3 4 78 28
4 3 5 59
5 4 17 60
3 4 38 60
1 4 67 60
3 5 69 61
6 3 5 74
6 4 15 74
2 4 32 75
6 4 36 78
3 5 47 77
6 4 56 74
7 4 60 78
6 4 60 77
4 4 70 73
8 4 73 77
7 5 73 76
7 3 5 88
8 4 19 88
5 6 71 85
2 4 31 89
6 4 42 87
4 5 53 85
5 7 53 87
7 4 42 86
8 4 44 87
1 8 63 85
1 4 47 88
2 4 68 85
7 4 78 84
1 3 6 3
8 5 23 1
7 3 6 12
3 4 19 10
2 4 40 12
6 4 62 14
5 3 5 12
1 3 6 23
1 4 17 21
1 4 23 23
8 4 31 21
2 4 34 22
8 5 65 24
6 3 6 36
5 4 72 34
3 3 8 6
8 4 66 6
4 3 6 6
3 4 22 5
7 4 23 6
4 4 35 4
7 4 45 6
7 4 63 4
5 3 8 89
6 4 39 90
1 3 7 89
1 4 10 88
6 5 42 88
6 3 9 22
8 4 10 21
4 4 14 21
6 4 23 21
3 3 9 23
2 4 14 22
8 5 13 21
5 4 16 23
7 5 16 22
3 5 44 20
4 4 72 23
7 3 8 23
5 4 58 23
2 3 9 47
3 4 59 48
7 3 9 65
1 4 48 65
8 3 9 87
1 3 10 1
2 5 55 1
2 4 57 1
6 4 61 1
4 3 10 52
5 5 42 53
4 4 58 54
3 3 8 52
3 4 34 51
3 4 35 50
2 5 39 52
5 4 39 51
8 4 50 54
8 4 62 55
5 3 9 52
1 4 46 52
1 3 9 53
2 4 42 54
7 4 63 54
3 3 10 54
3 4 19 55
6 4 20 56
6 4 37 53
4 4 58 52
3 4 58 51
2 4 68 56
7 3 9 54
2 4 10 52
8 4 14 51
7 4 18 55
5 4 17 56
2 4 33 57
6 4 39 58
8 4 48 57
7 4 72 55
7 4 79 58
5 3 10 52
8 4 53 50
1 3 10 65
8 4 42 64
8 3 11 44
1 5 19 44
7 4 44 42
2 4 60 46
6 3 12 59
1 5 24 59
8 4 22 62
8 4 31 62
7 4 32 57
7 4 49 63
5 3 12 69
8 4 33 68
5 5 32 68
6 4 50 68
5 3 12 73
7 4 25 72
3 4 29 74
7 4 47 72
6 3 13 11
2 4 12 11
6 5 31 9
1 4 31 11
8 3 13 23
4 4 32 24
8 4 42 22
3 4 68 25
2 3 13 97
3 4 22 97
2 4 51 97
1 4 64 98
5 4 64 97
5 4 86 97
6 3 14 66
8 4 47 64
7 3 14 66
1 4 32 64
5 4 43 64
8 3 13 68
2 6 25 66
2 4 52 63
5 4 52 69
8 4 51 71
1 3 14 79
1 4 23 79
1 4 66 81
7 4 74 82
6 6 74 83
4 4 74 82
8 3 13 79
1 4 38 77
8 6 62 75
6 4 42 77
7 3 14 82
8 4 17 82
4 4 30 81
2 4 30 82
2 4 46 83
5 4 63 82
3 4 69 84
3 3 13 81
3 4 15 80
5 5 51 78
8 4 52 77
8 3 14 85
1 5 15 85
6 3 13 88
1 4 44 89
2 3 15 14
6 4 19 11
2 4 31 13
3 4 43 9
5 3 15 29
6 4 22 27
4 4 44 30
3 4 47 30
2 4 79 28
1 3 15 70
3 4 17 68
7 5 32 65
8 4 33 68
6 4 36 70
5 4 44 71
7 3 14 70
5 4 19 70
7 5 45 69
2 3 15 74
2 4 20 74
6 4 32 74
2 4 37 74
3 5 47 72
2 4 62 77
1 6 61 75
1 3 14 75
2 6 46 73
4 4 45 76
3 4 50 76
3 3 15 85
1 4 59 82
2 3 15 99
3 4 23 99
6 4 42 97
6 3 16 60
3 4 49 60
1 4 48 58
2 4 51 59
1 3 16 66
3 6 31 64
2 4 30 65
5 4 37 63
6 3 16 66
2 4 37 63
3 3 16 71
8 3 13 72
3 3 16 88
5 4 48 89
4 4 70 90
7 3 16 92
5 4 44 92
8 4 57 94
2 5 69 93
6 4 75 91
6 3 17 19
3 4 56 18
5 4 64 18
2 4 69 16
3 3 17 22
4 4 27 21
2 5 42 20
8 5 45 19
7 3 17 42
6 4 58 43
2 3 17 63
7 3 16 64
4 4 35 63
1 4 39 62
3 5 60 61
6 3 17 82
6 4 33 82
3 3 18 7
1 4 42 8
1 4 59 8
8 3 18 16
1 3 17 15
4 4 37 14
8 3 18 57
2 3 18 64
6 3 18 65
3 3 17 65
6 4 25 66
4 4 30 67
5 3 17 66
3 3 18 69
6 3 19 7
4 3 19 16
2 4 29 17
6 6 44 16
7 4 43 14
8 3 19 34
8 4 68 35
3 3 19 34
5 4 20 35
3 4 32 37
7 5 63 33
5 3 19 90
3 4 46 90
2 5 47 89
7 3 20 4
7 3 20 58
4 3 20 73
3 3 21 8
6 4 26 7
5 3 21 13
1 5 29 13
6 3 21 47
7 4 55 47
7 3 21 98
8 5 40 96
6 4 26 98
2 5 70 98
1 4 70 95
2 3 22 83
6 4 25 84
5 3 22 85
2 4 44 84
7 3 23 69
4 3 23 89
1 3 22 89
8 5 48 88
2 3 24 91
8 3 25 21
6 4 30 22
3 4 30 20
1 4 32 19
2 3 25 28
8 4 44 29
2 7 45 29
5 4 43 30
4 4 56 27
4 4 63 30
5 3 25 54
3 3 26 26
3 4 50 24
3 3 26 46
3 4 30 47
8 4 40 48
3 3 26 70
1 4 26 72
6 4 48 72
3 3 26 80
7 4 42 79
7 3 26 92
1 4 44 93
4 3 26 90
5 3 27 9
4 3 27 43
7 5 50 42
7 3 27 76
1 3 27 84
4 4 34 84
3 3 28 8
3 3 28 13
5 3 28 74
6 4 43 73
4 3 28 74
2 4 28 72
4 4 33 72
3 5 32 70
4 3 29 32
2 3 29 60
7 3 29 61
4 5 67 58
6 3 29 69
6 3 30 39
8 4 28 39
1 6 31 37
8 4 67 38
8 3 29 38
8 4 63 40
5 3 32 5
7 3 31 6
4 3 30 6
8 4 41 5
7 4 40 5
2 4 50 5
3 4 59 3
2 3 31 7
6 3 32 40
5 3 32 58
8 4 32 58
3 4 31 60
3 4 35 60
4 4 46 59
5 5 46 59
7 5 48 56
7 4 49 61
5 4 56 62
2 4 56 60
1 3 30 59
1 5 54 60
2 3 33 40
1 4 56 39
2 3 33 48
6 3 33 59
7 4 42 57
6 6 47 55
1 3 32 59
5 3 33 89
7 3 33 90
6 3 33 92
4 4 34 91
1 4 33 91
2 3 34 58
6 4 42 56
8 3 34 68
3 3 34 86
5 3 35 21
1 4 47 22
5 3 35 77
7 3 34 78
6 3 35 90
5 4 44 88
8 4 48 91
1 5 58 91
4 3 35 95
1 4 62 96
2 5 76 97
5 3 35 99
4 3 36 9
5 3 36 10
2 3 36 50
4 3 36 71
1 3 36 94
5 4 63 95
3 3 36 93
3 3 38 34
8 3 38 59
4 4 42 59
7 3 38 65
1 3 38 67
8 3 38 68
2 3 39 5
6 3 39 4
7 4 40 2
7 3 39 50
5 3 39 51
2 4 53 52
1 3 39 73
7 6 38 73
6 3 40 25
1 3 40 63
6 3 42 27
3 4 43 28
3 4 48 29
7 4 65 25
6 3 42 31
1 3 40 32
1 3 42 38
1 3 42 60
8 3 42 76
8 3 43 1
8 3 43 18
3 4 42 19
7 6 47 17
8 3 43 52
4 4 45 50
2 4 45 51
2 3 43 56
2 3 43 75
5 3 44 50
4 3 45 7
3 3 45 27
8 3 46 15
6 3 46 18
3 3 46 23
6 3 46 23
1 4 57 24
1 3 46 47
5 3 46 45
3 3 46 58
5 3 47 21
2 3 47 90
1 3 48 31
2 4 48 30
8 3 48 84
5 4 58 83
7 3 48 91
4 3 48 91
3 5 52 91
4 3 49 15
8 3 47 15
5 3 49 14
8 3 49 17
3 4 60 16
7 3 49 16
4 3 49 20
2 3 49 39
4 4 53 38
8 3 49 80
5 3 49 92
3 3 48 93
7 3 49 91
1 3 50 15
2 3 50 20
7 3 49 20
6 3 50 61
8 4 54 61
3 3 51 83
8 4 56 84
2 3 51 98
8 3 52 54
3 3 51 55
5 3 53 76
6 3 53 76
4 3 53 77
6 3 53 79
8 3 54 32
1 3 54 34
1 3 54 39
7 3 55 1
5 4 62 3
4 3 55 2
1 3 55 3
2 3 55 76
5 3 56 97
2 3 57 93
6 3 59 53
6 3 60 17
2 3 61 5
6 3 61 28
8 3 61 40
2 3 62 41
8 3 63 55
2 3 63 80
4 3 64 33
5 3 64 80
4 3 64 80
4 3 66 1
6 4 66 2
5 3 70 28
3 3 71 3
6 3 71 2
5 2 1 10
3 3 1 10
1 3 4 10
8 3 4 11
7 3 8 12
1 3 10 12
8 3 17 11
5 3 40 8
3 3 45 13
7 2 1 10
1 4 12 9
8 4 36 7
7 5 49 6
7 3 11 11
4 4 13 10
6 3 12 8
2 3 20 7
1 3 24 6
2 3 27 5
8 3 41 6
6 3 43 5
8 3 53 4
2 4 54 3
3 4 57 1
4 2 1 10
2 3 11 9
8 3 10 8
7 3 11 10
4 3 45 8
5 3 44 8
1 3 44 7
5 3 45 6
7 2 1 10
8 4 7 9
5 3 6 9
6 6 29 8
2 3 10 10
8 3 15 10
3 4 21 10
6 4 23 11
4 3 25 11
8 3 26 12
3 3 31 6
3 3 33 5
4 3 39 4
3 3 40 13
6 4 48 15
1 3 39 15
5 3 48 3
2 3 49 17
3 3 47 17
8 3 46 17
2 3 47 18
8 3 46 19
6 3 45 19
4 3 54 16
2 2 1 11
7 3 18 11
4 3 18 9
6 2 1 30
1 3 21 29
6 3 22 30
4 4 39 31
7 4 51 32
8 3 39 30
6 4 42 30
4 5 40 29
3 3 41 31
1 3 54 29
3 2 1 33
6 3 37 31
8 3 44 34
5 3 44 36
7 3 47 37
1 3 48 38
2 3 53 38
6 3 56 37
4 4 56 37
7 4 56 39
1 3 55 39
8 3 57 36
4 2 1 33
5 3 1 32
8 4 13 33
7 5 35 32
7 3 15 31
5 4 49 33
6 3 31 34
1 3 32 32
7 3 51 34
8 2 1 31
6 3 3 30
3 3 6 32
2 4 13 31
1 4 36 29
6 4 35 29
8 4 50 28
6 4 49 27
1 3 23 34
2 3 23 35
5 4 51 35
5 3 24 28
2 3 24 29
8 3 24 34
2 4 42 32
6 3 25 29
5 3 33 35
6 3 44 35
2 3 44 36
4 3 49 28
7 3 58 27
4 3 63 37
6 2 1 34
3 3 10 34
6 3 19 33
5 3 26 35
3 4 44 33
4 3 25 34
2 3 31 36
6 4 44 38
8 3 31 36
8 4 34 37
6 3 44 34
3 3 44 36
8 3 45 36
2 2 1 35
7 2 1 36
2 5 2 35
4 4 28 37
7 3 3 37
8 4 2 37
3 3 3 38
2 4 2 40
4 4 3 37
6 6 4 36
1 4 4 38
8 6 32 39
1 4 6 33
1 4 21 40
8 4 25 39
7 5 30 41
2 4 35 36
1 4 36 37
1 3 7 39
5 4 28 36
1 3 12 39
1 3 22 38
2 4 26 36
7 3 22 37
6 3 24 37
6 4 27 35
4 3 24 42
2 4 35 40
4 4 41 40
7 3 25 36
3 3 26 32
8 3 27 36
4 3 30 32
7 3 30 39
8 3 45 43
3 3 44 44
1 4 46 45
2 3 44 46
8 3 53 45
2 2 1 41
7 3 8 42
7 3 12 40
4 4 33 41
5 3 14 42
6 4 22 42
2 3 23 44
6 3 24 46
3 3 27 40
8 3 29 39
5 3 29 39
5 3 32 44
1 3 35 42
5 3 66 46
3 2 1 42
6 3 2 43
5 4 18 40
8 4 20 44
1 3 12 44
5 4 28 43
8 3 13 44
2 4 24 43
7 4 22 45
3 3 37 45
4 3 52 46
8 3 57 47
7 2 1 48
6 4 43 48
7 3 30 48
3 3 33 47
7 3 34 47
8 3 34 46
6 3 34 48
1 3 33 48
3 3 40 46
4 3 44 47
2 3 45 44
6 3 46 49
1 3 44 50
3 2 1 47
4 3 9 47
7 3 41 48
3 4 40 49
6 2 1 46
2 4 41 45
3 3 16 44
1 3 16 43
3 4 25 44
6 4 38 44
1 3 22 45
1 3 27 45
8 3 26 46
6 3 26 47
5 3 26 45
3 3 25 45
8 3 26 43
1 3 34 48
8 2 1 46
7 4 15 45
2 3 2 45
2 4 20 45
3 4 25 46
4 3 24 44
5 3 25 44
6 2 1 54
1 4 43 55
4 3 12 52
7 3 25 53
6 3 33 54
3 3 50 55
8 2 1 57
6 4 20 56
3 4 20 55
6 3 11 56
6 4 22 57
1 4 23 55
6 3 14 56
1 3 14 55
3 3 21 56
4 3 21 55
5 3 19 55
3 4 27 54
7 3 27 54
5 3 38 57
7 3 39 58
1 3 40 53
2 2 1 57
8 3 37 58
3 4 35 59
4 3 45 56
3 3 56 57
4 2 1 57
3 2 1 58
7 4 21 56
5 3 22 59
3 4 21 58
1 3 30 56
5 3 38 55
8 4 37 56
2 3 38 55
3 3 37 55
2 2 1 60
2 3 12 59
3 3 40 61
3 3 45 62
3 2 1 69
4 4 7 68
5 3 4 69
8 3 13 68
3 3 26 68
2 3 31 68
2 2 1 69
5 3 1 68
7 3 5 70
2 3 9 71
7 3 22 66
6 3 27 67
4 3 28 68
7 3 27 68
1 3 34 70
6 3 36 71
3 2 1 69
4 3 14 68
2 3 25 67
1 3 24 68
3 3 24 67
2 2 1 77
7 3 5 75
3 4 30 77
6 3 8 75
1 3 9 74
8 4 30 74
1 3 12 78
3 3 11 78
2 4 37 78
1 4 47 79
3 3 16 77
7 3 15 76
5 3 15 75
8 3 14 74
1 5 27 73
5 3 22 78
7 3 25 77
7 3 28 75
4 4 32 77
3 4 31 79
3 3 27 74
8 3 27 75
2 3 30 72
2 3 30 78
5 3 35 80
4 4 34 80
8 3 37 80
4 3 39 71
2 3 40 80
7 3 41 79
4 3 40 79
5 2 1 77
8 3 23 78
8 3 28 75
4 3 28 74
5 3 29 74
8 3 31 78
1 3 35 79
5 3 38 80
4 2 1 91
7 4 20 91
2 3 3 92
4 3 2 92
4 4 15 92
5 3 3 93
6 3 5 90
6 4 29 91
7 4 32 91
4 4 33 88
7 4 44 91
8 4 45 93
4 3 5 89
3 4 17 88
7 3 6 88
4 3 8 86
2 3 14 93
1 3 20 85
7 3 24 86
2 4 27 88
8 3 28 90
7 3 29 88
4 3 36 92
1 3 45 95
5 3 46 94
2 3 48 90
7 3 54 85
4 3 57 94
2 2 1 95
2 4 29 94
8 3 9 94
3 4 31 93
8 3 29 93
6 3 29 92
1 3 30 93
6 3 37 93
2 4 38 94
5 4 46 93
7 3 37 97
6 4 37 97
3 4 42 99
8 3 45 94
3 3 48 95
6 2 1 99
2 4 45 98
4 4 49 98
5 2 2 12
4 4 1 12
2 3 18 13
4 4 21 13
6 3 19 14
2 3 19 15
1 3 20 13
5 4 20 11
2 3 21 16
5 3 35 15
6 3 36 14
2 4 35 14
7 3 35 14
3 3 53 16
2 2 1 12
1 3 2 13
6 4 28 13
6 3 1 13
1 4 14 13
4 3 2 14
4 4 10 13
5 3 6 12
5 3 7 13
8 3 12 15
7 5 10 15
4 4 13 15
5 3 18 14
8 4 18 14
3 4 19 16
8 3 19 17
5 3 41 18
1 3 40 20
4 3 45 16
8 2 1 14
8 3 8 13
3 2 1 14
6 3 7 15
1 3 23 16
2 3 35 17
3 3 34 17
6 3 34 17
2 2 2 21
8 3 32 19
7 3 32 21
4 3 40 22
1 2 1 22
6 4 11 22
5 3 6 22
2 3 18 20
6 3 21 23
5 4 22 24
2 3 30 23
4 3 45 24
6 3 43 24
6 3 46 25
5 3 47 26
8 3 49 24
5 2 2 20
5 2 2 26
7 4 45 24
5 4 44 26
8 4 44 25
5 3 35 26
1 3 34 26
3 2 2 25
1 3 37 24
2 3 37 26
4 2 1 25
6 3 6 24
7 3 19 22
8 2 2 30
5 3 1 31
7 4 32 28
3 3 1 31
8 4 3 31
3 3 11 29
8 4 18 28
4 4 20 28
6 3 16 29
8 3 20 28
2 3 21 33
1 3 24 35
5 3 28 29
2 3 31 30
3 4 35 28
6 2 2 31
1 4 11 29
4 5 12 28
6 3 18 27
1 3 22 28
8 3 21 29
2 4 24 28
2 4 25 28
3 3 24 30
6 3 29 25
5 3 42 24
3 3 40 25
2 3 41 25
7 2 1 32
5 3 10 31
2 3 17 31
5 2 1 31
4 2 2 30
7 3 1 30
8 3 15 31
1 3 18 28
7 2 2 35
7 4 14 33
3 4 31 32
8 2 1 35
1 2 2 37
1 3 17 36
4 3 29 36
6 2 2 38
2 2 2 42
6 3 2 41
4 3 2 43
2 3 12 40
3 3 42 41
3 2 1 45
3 3 6 45
5 3 11 45
1 4 10 45
8 4 19 45
1 3 16 47
1 3 35 47
6 3 34 47
1 2 1 44
5 3 5 44
7 2 1 44
2 3 5 45
6 3 4 44
2 3 12 47
2 3 15 43
4 3 18 48
1 3 21 42
2 3 30 47
5 2 1 43
7 3 7 44
8 2 2 42
5 2 2 41
5 3 14 42
8 2 2 42
1 3 11 42
2 3 14 42
3 4 13 43
6 3 15 41
6 2 2 42
4 3 18 42
3 2 2 43
5 3 12 42
4 2 2 53
1 3 3 53
3 4 38 51
4 3 9 55
5 3 12 54
4 3 15 57
2 2 1 54
7 4 9 54
8 3 7 53
8 4 21 54
4 3 10 55
6 3 18 53
7 3 39 52
6 3 38 51
1 3 40 51
5 3 38 52
3 2 2 53
4 3 28 53
2 2 2 52
7 2 2 56
5 3 2 55
8 3 7 56
7 3 7 56
8 3 11 55
8 3 25 54
2 2 1 56
2 4 12 54
5 3 21 57
2 2 2 56
6 4 12 55
1 3 8 56
1 3 12 57
6 3 16 56
8 3 27 58
1 2 1 57
8 3 3 57
2 4 16 58
5 3 15 60
7 3 17 60
6 3 16 61
4 3 24 59
4 2 2 60
5 3 1 60
1 5 15 59
8 3 24 61
4 3 28 62
1 2 1 60
2 3 28 60
6 3 47 62
7 2 2 60
6 2 1 61
6 3 14 60
8 3 12 60
2 3 34 62
6 4 33 62
4 4 40 63
1 3 32 62
7 3 32 63
6 3 32 63
3 2 2 62
1 3 14 62
7 3 18 64
1 3 24 61
7 3 29 64
5 3 32 61
8 2 2 65
3 3 1 66
8 4 7 64
2 3 23 64
5 3 23 65
8 3 32 63
7 3 33 62
5 2 1 65
4 3 19 65
7 3 18 65
7 2 1 64
5 3 22 63
4 3 23 64
1 3 22 66
8 3 21 66
1 2 1 66
3 4 20 65
2 3 2 66
6 2 2 69
1 3 10 67
8 3 14 68
2 2 2 76
7 3 11 74
1 4 11 72
5 3 17 73
5 3 18 75
5 3 25 72
4 4 24 72
8 3 23 72
3 3 25 73
2 3 25 73
5 3 43 76
5 2 2 75
1 3 13 76
7 3 35 76
7 2 1 75
7 2 2 83
6 4 26 81
7 3 29 82
4 4 45 83
1 3 28 82
6 3 31 81
8 4 54 81
2 2 2 83
7 3 34 82
3 2 2 88
1 2 2 90
2 3 6 89
7 3 14 89
8 3 14 88
5 2 2 90
7 3 7 91
1 3 21 90
6 5 33 90
1 3 26 89
8 3 25 89
3 3 38 92
2 2 2 89
5 3 29 89
2 3 32 91
8 3 31 91
4 2 2 96
7 3 6 95
6 3 10 95
7 3 12 95
3 3 11 94
7 3 14 97
2 4 38 98
7 3 15 92
7 3 16 96
2 3 23 97
2 3 25 90
3 3 27 91
4 5 27 91
1 3 29 93
8 3 30 95
8 3 32 98
6 3 31 98
8 3 46 96
3 2 3 7
8 2 3 8
7 3 29 7
1 3 28 8
8 4 28 9
4 2 3 7
8 3 6 5
5 4 14 6
4 3 14 5
1 4 14 4
2 3 15 4
4 4 42 3
1 3 16 3
5 4 15 3
7 3 17 7
3 3 16 9
2 4 37 6
7 3 25 8
5 3 26 2
4 3 42 1
1 4 44 2
2 2 3 8
5 3 2 8
5 3 22 8
3 3 29 7
5 2 3 8
7 3 26 8
6 2 3 18
2 3 5 18
5 2 3 21
2 3 5 22
7 3 36 23
1 2 3 20
7 3 5 19
3 3 7 19
4 4 8 17
5 3 6 19
1 5 11 19
1 3 7 16
3 3 7 15
3 3 13 15
6 3 12 16
4 3 12 15
1 3 15 20
1 3 34 16
3 2 3 23
4 3 10 23
6 3 15 23
2 3 30 22
5 2 3 29
7 5 18 27
1 3 18 28
7 3 33 26
8 2 3 39
5 3 5 39
3 5 5 37
8 3 21 39
4 2 3 38
7 3 7 37
6 3 12 36
3 4 13 38
1 2 3 44
2 2 3 57
7 2 3 61
5 2 3 65
3 3 3 64
2 3 6 62
5 3 25 62
1 2 2 64
6 3 12 63
6 2 1 64
7 2 2 64
8 3 13 63
5 3 13 61
1 3 19 59
8 3 24 62
4 3 28 63
1 2 3 66
3 4 9 66
2 4 9 67
4 2 2 66
6 3 6 66
7 4 7 67
8 3 5 68
5 2 1 66
4 2 1 66
3 4 6 65
8 3 1 65
2 3 2 64
7 3 27 63
5 2 1 66
5 2 3 69
8 2 3 72
6 2 3 75
8 3 6 74
6 4 15 73
4 3 9 76
5 3 14 74
1 4 13 74
4 3 13 74
2 3 13 76
5 2 2 75
8 2 2 75
8 3 10 76
1 4 25 77
3 3 15 77
1 3 21 77
7 3 26 78
4 2 2 75
7 3 13 73
2 2 3 75
1 2 3 88
6 5 3 87
1 3 43 85
1 2 3 86
5 3 2 87
5 3 22 86
6 3 22 87
8 3 27 86
3 3 35 85
7 3 37 86
5 4 37 85
6 4 37 85
5 3 37 85
3 3 37 86
4 2 2 86
6 3 5 85
2 3 5 83
5 3 8 85
4 3 8 87
1 3 20 86
4 3 18 86
2 3 24 82
6 3 32 86
3 2 2 88
1 2 2 87
4 2 3 91
1 2 3 97
7 3 4 97
4 3 4 97
6 3 2 97
5 3 6 96
4 4 27 96
6 3 7 94
1 3 9 95
5 3 17 93
2 3 17 94
5 3 21 96
3 3 24 93
7 3 26 94
5 3 29 98
7 5 39 96
3 3 45 96
4 2 3 96
1 3 4 97
4 3 18 95
8 2 3 98
3 4 5 97
5 4 6 97
4 4 27 98
6 3 4 97
1 3 8 99
1 4 26 97
8 3 19 97
3 3 21 96
3 2 4 13
7 4 4 12
1 3 16 12
4 2 4 24
8 3 7 22
3 3 12 22
5 2 3 24
3 3 26 23
7 3 25 25
2 2 3 23
3 3 23 21
7 3 23 19
7 4 25 21
1 2 2 24
1 3 7 23
8 4 25 22
7 3 7 25
1 4 6 27
4 5 20 25
5 4 24 26
3 3 14 22
8 3 16 21
6 3 33 26
5 2 4 32
2 3 6 30
5 4 12 29
2 4 29 27
8 3 7 33
7 3 6 34
1 4 19 34
1 3 7 32
1 3 8 34
5 3 12 36
7 4 17 34
4 3 11 36
8 3 18 32
6 2 4 37
7 2 4 38
4 3 5 39
2 2 4 41
1 2 3 41
2 2 4 52
5 3 5 50
2 3 22 51
5 3 24 48
8 2 3 52
6 3 4 51
4 3 24 50
2 3 23 50
4 3 30 51
7 2 3 52
5 3 3 51
4 2 3 52
8 2 3 53
2 3 4 51
6 3 12 50
5 2 3 52
3 3 2 52
4 3 2 51
8 3 6 51
6 3 26 53
6 2 3 50
8 3 13 51
1 3 12 52
8 2 2 51
4 3 4 50
1 3 13 51
5 3 13 50
8 3 24 49
1 3 23 49
6 2 3 53
1 3 4 52
6 3 9 51
3 3 8 52
3 3 10 54
5 4 18 54
2 3 19 50
3 4 18 49
5 3 30 48
4 2 2 54
7 2 3 52
8 2 4 51
5 3 4 51
6 3 13 50
6 2 4 51
8 3 14 50
4 2 3 52
7 2 4 51
1 2 4 60
8 3 3 60
2 2 4 75
3 3 4 76
2 3 27 76
1 2 3 77
7 3 17 77
5 2 4 76
8 2 4 80
3 3 25 79
4 3 58 81
2 2 5 2
4 3 6 3
7 3 13 1
7 3 22 2
2 3 25 2
3 3 28 2
6 3 26 2
7 4 30 2
3 4 37 2
2 3 30 3
2 3 43 1
5 3 45 3
3 2 5 3
3 3 16 2
6 3 15 4
8 5 23 2
3 4 35 3
7 3 30 3
2 2 5 3
4 3 34 2
1 2 5 3
3 3 6 2
2 3 9 3
2 3 15 4
4 3 14 4
1 4 18 1
4 3 27 5
1 2 5 7
4 3 12 6
8 3 15 6
8 4 24 5
1 3 19 5
3 3 22 4
6 2 5 12
4 2 5 13
2 3 4 13
3 2 4 12
3 2 5 11
1 3 6 10
4 3 24 9
6 2 5 10
8 2 5 15
2 2 5 19
4 3 14 18
6 3 18 20
8 2 4 19
3 2 3 19
7 4 13 18
2 3 8 17
6 3 7 18
3 3 18 18
8 2 3 19
3 4 7 17
8 4 6 17
5 3 5 17
4 3 14 19
2 3 13 19
2 4 24 18
4 3 21 16
3 3 24 18
6 2 5 17
6 3 7 16
4 3 14 16
2 3 17 17
3 2 5 18
5 2 5 40
3 3 4 40
8 2 5 41
7 2 4 42
6 2 5 43
2 2 5 60
3 3 4 61
4 3 4 60
7 3 7 61
5 3 11 59
2 2 5 67
4 2 5 72
3 2 5 73
5 2 5 77
4 3 19 77
1 2 5 76
6 2 5 76
5 2 5 90
3 3 18 88
7 2 5 100
5 3 25 99
7 3 31 97
8 3 38 96
2 3 36 96
1 3 35 96
5 4 35 97
2 2 6 5
7 2 6 12
5 2 6 23
5 2 6 25
6 3 12 25
5 3 23 23
5 2 6 27
3 3 7 26
4 3 11 24
7 2 6 28
8 3 8 28
6 3 6 29
7 3 26 26
7 2 6 29
2 2 6 28
8 2 6 30
6 2 6 34
2 3 18 33
7 3 23 35
2 2 6 35
6 3 9 33
7 3 8 35
1 3 14 34
7 2 6 41
2 4 12 39
2 3 6 40
6 4 5 40
3 4 12 40
5 4 12 40
1 2 6 45
8 2 5 45
4 2 6 48
5 3 7 48
8 3 10 48
7 3 20 47
6 2 5 48
6 3 7 48
4 2 4 48
2 2 6 53
3 2 6 57
8 2 6 58
3 2 6 94
8 2 6 96
4 3 33 97
2 2 5 96
4 3 24 95
8 2 5 95
3 3 6 96
5 2 4 95
5 4 20 93
7 2 3 95
2 2 2 95
6 3 9 94
8 3 14 93
1 3 14 94
1 2 6 97
3 3 18 95
6 3 18 96
7 3 27 96
1 2 6 99
5 3 12 97
6 2 5 100
2 3 6 99
5 3 7 97
1 3 9 99
6 2 7 12
1 2 7 11
3 2 7 15
5 3 10 16
7 2 7 14
7 2 7 21
4 3 16 20
2 3 15 21
5 2 7 20
7 3 16 18
2 2 7 21
1 2 7 22
1 3 15 22
2 2 7 23
1 2 7 28
5 3 9 27
3 2 7 29
2 3 8 30
4 2 7 30
3 2 7 33
1 3 8 31
4 3 8 32
7 3 9 34
2 3 8 36
5 3 15 33
7 2 7 31
8 2 7 67
1 2 7 68
6 2 7 76
4 3 12 76
1 2 7 75
4 2 8 1
7 3 7 1
4 3 21 1
1 3 29 2
5 2 8 2
8 2 7 2
5 2 8 18
2 2 8 26
6 3 9 25
1 4 9 24
6 3 30 26
7 2 8 24
2 2 8 24
6 3 19 22
6 2 7 25
1 3 18 25
3 2 6 25
3 3 8 25
8 5 10 24
2 3 9 24
4 3 14 23
1 3 24 26
2 3 24 26
6 2 6 25
1 2 8 23
6 2 8 32
4 3 15 33
6 5 15 32
5 2 7 32
8 2 7 32
5 2 8 34
5 2 8 40
7 2 8 48
4 3 9 49
5 2 7 48
1 4 7 47
3 3 7 48
2 3 7 49
8 2 6 47
7 2 8 49
5 3 10 49
5 2 8 49
1 4 8 49
4 3 6 50
7 3 7 51
5 2 6 49
5 2 8 68
4 3 8 67
6 2 8 84
3 2 8 85
5 2 8 94
1 3 17 94
5 3 22 92
3 3 22 90
4 2 8 94
2 3 9 94
3 3 9 93
7 3 11 93
4 2 9 2
8 2 9 24
5 3 8 24
7 2 9 26
8 2 9 37
7 4 8 38
6 2 8 38
4 3 12 36
3 2 9 40
1 3 9 41
8 2 9 41
8 3 15 42
6 2 9 42
3 2 9 43
2 2 9 48
6 3 11 46
7 3 11 46
4 2 9 62
3 2 8 62
6 2 8 62
8 3 7 62
2 3 7 63
4 2 7 63
1 2 9 65
8 2 9 76
8 2 9 86
4 2 10 2
7 2 10 1
8 2 10 1
6 2 10 1
5 3 17 1
7 2 10 4
7 2 10 17
8 3 10 16
7 2 8 17
8 2 10 19
5 2 9 20
5 3 11 18
1 3 13 18
7 2 10 19
6 3 10 18
3 2 10 27
2 2 10 36
5 2 10 43
3 2 10 48
8 2 10 70
2 3 13 69
6 2 10 72
3 3 16 73
3 2 10 88
6 2 10 93
5 2 10 92
2 4 9 92
3 2 9 91
6 2 10 91
8 2 10 95
7 2 10 97
6 3 10 96
7 2 8 97
3 5 10 95
1 2 7 97
4 3 15 95
8 3 17 97
4 2 7 97
3 2 8 96
6 2 7 97
1 3 8 96
2 2 9 96
5 2 10 95
2 2 11 6
8 2 11 7
6 2 11 9
2 2 11 19
1 2 11 28
8 4 21 26
5 3 12 28
7 3 16 28
8 2 11 28
5 3 15 28
5 2 11 38
3 2 10 38
1 3 11 38
4 2 11 41
7 2 11 55
4 3 10 55
3 2 10 55
8 3 17 55
1 2 11 57
8 2 11 56
4 2 10 57
4 2 11 92
3 2 10 93
4 2 9 93
6 3 11 91
5 2 11 91
7 2 11 94
1 2 12 4
6 2 12 3
3 2 12 6
6 3 26 7
7 2 12 6
4 2 11 7
6 3 12 7
5 3 11 8
3 2 11 9
1 3 13 8
4 3 14 6
5 2 10 9
3 2 12 33
4 2 11 33
7 2 11 32
8 3 11 32
1 2 10 33
6 2 9 33
7 2 11 34
3 2 10 35
5 3 10 34
2 2 10 34
1 2 11 35
7 2 12 46
3 2 12 69
7 3 26 70
4 2 12 71
8 2 12 73
1 3 30 71
3 2 12 72
8 3 28 71
6 3 27 71
7 2 12 80
6 3 31 80
6 2 12 84
2 2 12 88
7 2 12 88
6 4 20 88
1 4 20 90
3 2 12 90
8 2 11 90
7 4 15 88
2 3 14 88
1 2 11 90
5 2 12 99
6 2 12 100
4 2 12 100
4 2 13 4
8 2 13 3
3 2 12 4
4 2 13 37
1 4 13 37
3 2 12 38
2 2 13 53
6 2 13 59
4 2 12 59
7 2 11 59
5 2 13 58
3 2 13 57
7 3 18 56
6 2 12 57
8 2 12 58
8 2 13 60
2 2 13 72
7 2 12 72
8 3 17 71
5 2 13 84
6 3 32 83
3 3 34 82
7 3 33 81
7 2 13 88
1 2 13 87
3 2 12 88
5 3 16 87
4 2 12 88
6 2 13 96
2 2 14 5
1 2 14 7
2 2 14 7
1 2 14 16
2 2 14 21
4 2 14 23
3 2 14 26
1 2 14 28
3 3 13 28
4 2 14 27
5 3 19 26
4 3 19 27
8 3 19 26
6 2 13 27
3 3 18 27
8 2 13 27
1 2 12 28
4 2 11 28
4 2 14 56
7 2 14 58
7 2 14 61
5 2 13 61
1 2 14 76
3 2 14 78
6 2 14 79
7 3 31 80
7 3 49 81
5 3 48 81
1 2 14 87
2 2 14 89
3 2 15 26
2 2 15 36
5 2 15 41
6 2 15 42
7 2 15 55
3 2 15 62
5 2 15 71
1 3 15 71
4 4 15 70
5 2 13 72
1 3 20 70
4 2 12 72
4 2 15 83
1 3 30 82
1 3 41 80
4 2 15 100
6 2 16 2
1 2 15 2
8 2 16 3
4 2 15 4
7 2 16 4
5 2 15 5
5 2 16 22
1 2 16 55
2 2 16 70
2 2 16 78
8 2 15 79
2 2 16 82
4 2 16 84
7 3 35 83
7 2 16 86
5 2 17 46
7 2 16 46
5 2 15 46
4 2 17 71
5 4 19 70
8 4 19 71
7 2 17 71
3 2 17 85
5 2 17 85
6 2 18 2
8 2 18 46
7 2 17 46
3 2 18 70
6 2 18 76
5 2 18 77
6 3 17 78
8 3 17 77
4 2 16 79
6 3 16 79
4 3 34 80
2 2 18 79
1 2 18 99
6 2 17 100
3 2 18 99
4 2 17 100
8 2 19 6
4 2 19 9
1 2 19 8
8 2 19 93
6 2 20 1
3 2 20 62
2 2 20 72
1 2 20 79
6 2 21 5
7 2 21 16
3 2 21 16
5 3 20 16
3 2 21 73
7 2 20 73
1 2 21 99
2 2 22 64
8 2 22 63
5 2 22 84
4 3 28 85
6 2 21 85
1 2 22 99
6 2 23 14
3 2 22 14
1 2 23 84
6 2 23 98
7 2 24 53
1 2 24 99
1 2 25 85
7 2 25 86
4 2 25 98
5 2 26 86
2 2 25 86
3 2 28 1
3 2 28 100
8 2 30 82
3 3 30 81
5 3 31 81
4 2 29 83
2 2 30 81
5 2 31 100
4 2 30 100
2 2 33 80
3 2 33 81
6 2 33 83
7 2 35 80
1 2 38 1
5 2 40 81
5 2 40 84
8 2 41 1
6 2 44 1
3 2 44 83
3 2 49 1
1 2 49 1
