128493
1270
3 29 1 354
1 41 1 354
3 29 1 357
1 41 1 357
3 29 1 360
1 41 1 360
3 29 1 363
1 41 1 363
3 29 1 366
1 41 1 366
3 29 1 369
1 41 1 369
3 29 1 372
1 41 1 372
3 29 1 375
1 41 1 375
3 29 1 378
1 41 1 378
3 29 1 381
1 41 1 381
3 29 1 384
1 41 1 384
3 29 1 387
1 41 1 387
3 29 1 390
1 41 1 390
3 29 1 393
1 41 1 393
3 29 1 396
1 41 1 396
3 29 1 399
1 41 1 399
3 29 1 402
1 41 1 402
3 29 1 405
1 41 1 405
3 29 1 408
1 41 1 408
3 29 1 411
1 41 1 411
3 29 1 414
1 41 1 414
3 29 1 417
1 41 1 417
3 29 1 420
1 41 1 420
3 29 1 423
1 41 1 423
3 29 1 426
1 41 1 426
3 29 1 429
1 41 1 429
3 29 1 432
1 41 1 432
3 29 1 435
1 41 1 435
3 29 1 438
1 41 1 438
3 29 1 441
2 28 1 355
2 28 1 357
2 28 1 359
2 28 1 361
2 28 1 363
2 28 1 365
2 28 1 367
2 28 1 369
2 28 1 371
2 28 1 373
2 28 1 375
2 28 1 377
2 28 1 379
2 28 1 381
4 29 1 354
2 56 2 352
1 32 1 350
2 28 1 355
2 28 1 357
2 28 1 359
2 28 1 361
2 28 1 363
2 28 1 365
2 28 1 367
2 28 1 369
2 28 1 371
2 28 1 373
2 28 1 375
2 28 1 377
4 28 1 351
2 28 1 354
2 30 7 349
1 11 1 354
6 8 2 194
1 8 11 156
1 10 16 51
4 6 3 192
4 7 4 36
6 6 8 58
5 6 9 108
2 6 9 123
6 6 10 126
2 6 12 136
2 6 12 137
8 5 1 61
8 5 5 75
4 5 7 139
7 5 8 118
2 5 12 73
5 5 12 119
7 7 14 118
2 5 11 120
3 5 13 193
5 5 16 2
7 5 16 189
6 5 17 25
6 6 18 30
2 4 5 46
3 4 5 55
8 4 5 87
7 4 5 146
3 4 5 175
3 4 6 134
4 6 9 132
8 6 11 132
4 4 6 149
7 4 7 15
7 4 7 86
6 4 7 141
7 4 8 18
8 4 8 153
8 4 9 34
7 4 9 44
7 4 9 191
7 4 10 57
2 4 10 101
8 4 10 142
2 4 11 55
4 4 9 56
4 4 11 74
1 4 11 139
6 4 11 162
8 4 12 29
7 4 12 87
6 4 12 182
6 4 13 39
1 4 13 161
8 4 14 11
4 5 15 162
1 4 15 64
3 4 15 146
8 4 15 178
1 4 16 1
2 5 18 175
6 4 18 9
8 4 19 67
6 3 1 7
6 3 1 29
1 3 1 38
7 4 10 39
1 3 1 55
8 3 1 86
4 3 1 140
3 4 7 140
7 3 1 180
7 3 1 192
4 3 1 351
3 3 2 34
7 3 2 33
4 3 1 32
6 3 2 41
8 3 2 47
3 3 2 60
4 3 2 65
2 4 1 65
6 3 2 65
3 4 4 64
7 3 2 111
2 4 17 112
4 3 2 125
4 3 2 127
8 3 2 135
4 3 2 155
1 5 13 153
3 5 12 152
7 4 13 156
4 4 15 157
8 3 1 155
6 3 2 159
7 5 4 158
4 4 5 157
6 4 16 160
1 3 2 194
7 3 3 11
8 4 3 11
5 3 1 12
5 4 6 12
6 4 7 11
1 4 12 14
4 3 1 13
2 5 4 11
8 4 3 13
3 4 2 13
2 4 11 14
1 3 1 12
1 3 3 14
5 3 3 24
2 3 3 28
1 3 3 37
5 4 4 36
3 3 3 48
1 4 6 49
8 4 6 48
3 4 7 47
6 4 8 48
8 3 3 75
1 3 3 76
3 3 3 77
2 4 4 75
6 3 3 86
3 3 3 86
6 3 3 145
5 3 1 145
5 3 3 161
4 3 3 183
5 3 3 191
3 3 3 193
8 3 3 195
3 3 4 139
2 4 5 138
1 3 4 170
1 3 4 179
2 3 4 198
7 4 6 197
4 4 4 197
5 3 5 15
3 5 3 15
4 3 5 64
2 3 4 65
6 3 3 64
6 3 5 98
6 4 11 99
4 3 5 129
1 3 5 127
2 3 5 158
8 3 5 176
7 3 5 175
3 4 12 173
2 3 6 17
8 5 5 16
3 3 6 37
4 4 11 37
5 3 6 42
5 3 6 45
2 3 6 45
8 3 6 47
3 5 8 47
4 3 6 59
8 4 14 60
2 3 5 58
5 4 7 59
4 3 6 114
5 3 6 124
8 3 6 198
1 4 7 198
8 3 7 106
2 3 7 115
1 3 7 122
4 4 6 123
2 3 7 185
1 3 7 348
8 4 7 347
7 5 7 346
6 6 7 345
5 7 7 344
4 8 7 343
3 11 7 342
2 11 7 341
1 11 7 340
8 13 7 339
7 14 7 338
6 15 7 337
5 15 7 336
4 15 7 335
3 15 7 334
2 15 7 333
1 15 7 332
8 15 7 331
7 15 7 330
6 15 7 329
5 15 7 328
4 15 7 327
3 15 7 326
2 15 7 325
1 15 7 324
8 15 7 323
7 15 7 322
6 15 7 321
5 15 7 320
4 15 7 319
3 15 7 318
2 15 7 317
1 15 7 316
8 15 7 315
7 15 7 314
6 15 7 313
5 15 7 312
4 15 7 311
3 15 7 310
2 15 7 309
1 15 7 308
8 15 7 307
7 15 7 306
6 15 7 305
5 15 7 304
4 15 7 303
3 15 7 302
2 15 7 301
1 15 7 300
8 15 7 299
7 15 7 298
6 15 7 297
5 15 7 296
4 15 7 295
3 15 7 294
2 15 7 293
1 15 7 292
8 15 7 291
7 15 7 290
6 15 7 289
5 15 7 288
4 15 7 287
3 15 7 286
2 15 7 285
1 15 7 284
8 15 7 283
7 15 7 282
6 15 7 281
5 15 7 280
4 15 7 279
3 15 7 278
2 15 7 277
1 15 7 276
8 15 7 275
7 15 7 274
6 11 7 277
5 15 8 273
4 10 7 276
3 9 7 276
2 8 6 276
1 7 6 275
8 5 6 276
7 4 6 276
6 4 6 275
8 3 8 22
5 3 8 40
1 3 8 42
2 3 8 63
7 3 8 96
1 3 8 150
2 5 10 148
7 5 11 151
5 4 15 147
3 3 8 161
2 4 9 159
4 3 8 272
3 4 8 271
2 6 8 270
1 7 8 269
8 8 8 268
7 9 8 267
6 12 8 266
5 11 8 265
4 12 8 264
3 14 8 263
2 14 8 262
1 14 8 261
8 14 8 260
7 14 8 259
6 14 8 258
5 14 8 257
4 14 8 256
3 14 8 255
2 14 8 254
1 14 8 253
8 14 8 252
7 14 8 251
6 14 8 250
5 14 8 249
4 14 8 248
3 14 8 247
2 14 8 246
1 14 8 245
8 14 8 244
7 14 8 243
6 14 8 242
5 14 8 241
4 14 8 240
3 14 8 239
2 14 8 238
1 14 8 237
8 14 8 236
7 14 8 235
6 14 8 234
5 14 8 233
4 14 8 232
3 14 8 231
2 14 8 230
1 14 8 229
8 14 8 228
7 14 8 227
6 14 8 226
5 14 8 225
4 14 8 224
3 14 8 223
2 14 8 222
1 14 8 221
8 14 8 220
7 14 8 219
6 14 8 218
5 14 8 217
4 14 8 216
3 14 8 215
2 14 8 214
1 14 8 213
8 14 8 212
7 14 8 211
6 14 8 210
5 14 8 209
4 14 8 208
3 14 8 207
2 14 8 206
1 14 8 205
8 14 8 204
7 14 8 203
6 14 8 202
5 14 8 201
4 13 8 201
3 13 8 200
2 11 8 201
1 10 8 201
8 9 8 201
7 9 8 200
6 7 7 201
5 6 7 200
4 4 7 201
3 3 7 201
2 3 7 200
8 3 9 29
3 3 9 74
3 3 9 121
4 3 9 137
5 3 9 198
4 3 10 3
1 5 11 2
3 4 11 1
7 3 10 16
7 3 10 20
2 3 10 23
6 4 17 22
5 3 10 38
6 3 10 41
7 3 10 48
4 3 10 53
2 3 10 68
4 3 10 88
5 3 10 95
4 3 10 109
5 3 10 110
1 3 11 37
5 3 11 55
6 3 11 108
8 3 11 120
3 3 11 133
3 3 11 156
8 3 11 180
2 4 11 179
4 3 10 181
6 4 10 180
3 3 12 29
7 3 12 61
3 3 12 70
6 3 12 136
8 3 12 145
4 4 13 144
2 3 12 171
5 3 12 191
3 3 13 10
6 3 13 8
7 3 13 18
4 3 13 90
7 4 14 90
2 3 12 91
3 4 14 89
3 3 13 115
1 3 12 116
6 3 11 117
7 3 13 128
5 4 12 129
6 3 12 128
5 3 13 140
1 3 13 169
6 3 13 184
8 3 14 8
7 3 13 8
5 3 14 26
6 3 14 31
4 3 14 78
3 4 13 78
8 3 14 88
3 3 16 5
8 3 16 24
5 3 16 101
4 3 16 163
5 3 16 166
6 3 16 165
1 6 15 165
4 3 13 164
3 3 16 167
6 3 17 95
1 3 17 97
2 3 19 103
3 2 1 7
8 2 1 8
7 2 1 23
2 3 12 21
3 3 10 21
4 2 1 27
6 2 1 32
6 3 2 32
3 3 3 33
7 3 12 31
4 3 13 31
7 2 1 32
8 2 1 37
2 3 3 38
1 3 6 37
2 2 1 39
5 2 1 41
4 2 1 44
4 3 8 44
2 3 10 43
2 2 1 56
7 3 2 56
8 3 4 57
1 2 1 58
7 2 1 61
1 3 3 62
6 3 5 61
6 2 1 79
1 2 1 92
5 3 2 91
8 4 10 90
4 3 7 91
3 3 6 90
7 4 6 89
8 2 1 93
4 2 1 96
7 3 9 95
7 2 1 97
1 2 1 99
4 4 5 98
7 4 7 100
2 3 13 98
7 2 1 105
5 3 1 105
6 3 4 104
7 3 4 103
3 2 1 108
5 2 1 108
8 4 8 108
8 2 1 111
5 3 1 111
1 4 3 111
8 3 2 111
3 4 6 109
7 3 6 108
6 2 1 118
4 3 9 116
5 3 10 115
3 2 1 124
6 4 2 124
8 3 4 123
8 2 1 128
5 2 1 131
1 3 10 131
8 3 11 132
7 2 1 143
7 4 6 142
6 3 9 140
3 2 1 146
2 3 9 144
1 2 1 145
4 3 5 144
3 3 6 146
6 2 1 144
4 3 2 145
1 3 10 147
3 2 1 152
1 2 1 162
3 3 9 161
6 2 1 162
7 3 3 163
3 2 1 164
2 2 1 168
6 3 9 167
8 3 14 168
1 2 1 168
8 2 1 173
2 3 6 174
1 2 1 173
5 3 1 174
6 3 3 173
8 3 2 172
5 3 5 171
8 2 1 178
2 3 2 177
4 4 11 177
7 2 1 177
3 3 4 178
8 3 3 178
1 3 4 178
5 3 6 179
4 4 7 181
7 2 1 186
8 3 4 185
3 4 13 185
1 2 1 192
4 3 2 191
6 2 1 191
3 2 1 194
1 3 4 194
7 3 8 193
2 3 8 194
8 2 1 349
7 3 1 348
6 4 1 347
5 5 1 346
4 6 1 345
3 5 1 344
2 5 1 343
1 5 1 342
8 5 1 341
7 5 1 340
6 5 1 339
5 5 1 338
4 5 1 337
3 5 1 336
2 5 1 335
1 5 1 334
8 5 1 333
7 5 1 332
6 5 1 331
5 5 1 330
4 5 1 329
3 5 1 328
2 5 1 327
1 5 1 326
8 5 1 325
7 5 1 324
6 5 1 323
5 5 1 322
4 5 1 321
3 5 1 320
2 5 1 319
1 5 1 318
8 5 1 317
7 5 1 316
6 5 1 315
5 5 1 314
4 5 1 313
3 5 1 312
2 5 1 311
1 5 1 310
8 5 1 309
7 5 1 308
6 5 1 307
5 5 1 306
4 5 1 305
3 5 1 304
2 5 1 303
1 5 1 302
8 5 1 301
7 5 1 300
6 5 1 299
5 5 1 298
4 5 1 297
3 5 1 296
2 5 1 295
1 5 1 294
8 5 1 293
7 5 1 292
6 5 1 291
5 5 1 290
4 5 1 289
3 5 1 288
2 5 1 287
1 5 1 286
8 5 1 285
7 5 1 284
6 5 1 283
5 5 1 282
4 5 1 281
3 5 1 280
2 5 1 279
1 5 1 278
8 5 1 277
7 5 1 276
6 5 1 275
5 5 1 274
4 5 1 273
3 5 1 272
2 5 1 271
1 5 1 270
8 6 1 269
7 6 1 268
6 6 1 267
5 6 1 266
4 7 1 265
3 6 1 264
2 6 1 263
1 6 1 262
8 6 1 261
7 6 1 260
6 6 1 259
5 9 1 258
4 8 1 257
3 7 1 256
2 6 1 255
1 6 1 254
8 6 1 253
7 6 1 252
6 6 1 251
5 6 1 250
4 6 1 249
3 6 1 248
2 6 1 247
1 6 1 246
8 6 1 245
7 6 1 244
6 6 1 243
5 6 1 242
4 6 1 241
3 6 1 240
2 6 1 239
1 6 1 238
8 6 1 237
7 6 1 236
6 6 1 235
5 6 1 234
4 6 1 233
3 6 1 232
2 6 1 231
1 6 1 230
8 6 1 229
7 6 1 228
6 6 1 227
5 6 1 226
4 6 1 225
3 6 1 224
2 6 1 223
1 6 1 222
8 6 1 221
7 6 1 220
6 6 1 219
5 6 1 218
4 6 1 217
3 6 1 216
2 6 1 215
1 6 1 214
8 6 1 213
7 6 1 212
6 6 1 211
5 6 1 210
4 6 1 209
3 6 1 208
2 6 1 207
1 6 1 206
8 6 1 205
7 6 1 204
6 6 1 203
5 6 1 202
4 6 1 201
3 5 1 201
2 4 1 201
1 3 1 201
8 2 1 201
4 2 2 2
1 3 8 1
4 2 2 22
5 3 13 20
6 2 2 25
4 3 4 25
1 3 5 24
1 2 2 28
4 2 2 29
7 2 2 29
8 3 1 29
2 2 2 36
4 3 10 34
8 2 2 37
4 2 2 38
1 2 2 38
1 2 2 52
6 3 2 52
8 3 6 52
5 3 6 54
1 3 5 53
4 2 2 52
3 3 2 51
2 3 2 50
5 3 11 50
2 2 2 51
4 3 7 51
5 2 2 51
8 3 4 52
3 3 7 54
4 2 2 50
5 2 1 50
2 3 8 49
5 3 6 49
7 2 2 52
2 2 2 54
7 2 1 54
6 2 1 54
5 3 2 54
6 3 2 55
7 2 2 58
3 2 2 61
2 2 1 62
2 3 8 60
1 2 1 61
5 2 2 63
8 2 2 63
7 3 5 63
3 2 2 64
1 2 2 74
4 2 2 85
2 3 5 86
8 3 10 85
1 2 2 87
2 2 1 87
6 3 3 87
7 2 2 102
8 2 2 101
8 2 2 105
1 3 2 106
7 3 2 108
2 3 5 108
6 3 3 109
5 3 3 108
8 3 2 107
4 2 2 119
2 2 1 119
1 3 9 118
8 2 1 119
2 4 4 118
7 3 10 117
5 2 1 119
6 2 1 120
2 2 2 121
7 2 2 125
6 2 2 127
3 2 1 128
7 3 1 127
4 3 7 126
6 2 2 137
7 3 3 136
1 3 5 137
1 2 2 146
3 3 10 147
7 3 9 148
6 2 2 147
5 2 1 147
1 2 1 147
3 2 2 160
8 3 6 160
5 3 5 159
8 3 3 159
7 3 3 159
4 2 2 165
2 3 1 166
4 6 6 163
5 2 1 165
8 2 1 164
8 2 2 165
2 3 3 164
7 4 8 162
2 3 7 165
3 2 1 166
7 2 2 166
6 2 2 170
3 3 7 170
6 3 7 169
7 3 12 170
4 2 2 171
8 3 11 171
3 3 11 170
4 2 2 173
7 3 6 172
4 3 5 173
3 2 2 172
8 3 2 172
3 2 2 173
1 2 2 183
3 2 2 184
6 5 4 183
2 3 1 184
4 5 6 183
7 3 6 183
5 3 3 184
8 2 1 183
1 2 2 183
6 3 2 182
6 2 2 185
7 3 8 185
3 2 2 184
5 2 2 186
7 2 2 193
6 4 5 192
1 3 6 195
5 3 7 196
4 3 6 195
2 2 1 194
4 2 1 194
8 3 1 193
1 2 3 10
4 3 4 10
2 2 3 12
8 2 3 11
3 4 3 10
4 2 3 11
2 2 3 18
4 2 3 38
2 2 3 38
8 3 3 37
3 2 3 44
7 2 3 44
6 3 3 43
1 4 5 42
8 3 8 44
5 2 3 46
8 2 3 45
4 2 3 46
6 3 3 45
7 2 3 44
4 2 3 53
7 2 3 54
3 2 3 80
4 3 10 80
7 3 7 81
5 4 13 80
1 3 9 81
6 3 9 82
6 3 10 78
5 3 10 79
8 3 9 78
2 2 3 87
5 2 2 88
4 2 3 86
7 3 4 84
8 2 3 91
1 2 3 98
5 3 4 97
7 2 3 97
4 3 6 96
6 4 6 95
4 3 13 94
2 3 15 93
1 2 2 97
7 3 8 96
3 3 7 95
5 3 8 97
8 2 3 98
2 2 3 105
3 3 7 106
6 3 7 105
4 3 8 104
8 3 8 104
3 2 2 105
4 2 3 106
1 2 3 107
2 2 3 110
3 3 2 110
7 4 2 111
8 2 2 110
5 2 3 127
6 2 3 136
4 2 3 137
3 2 2 138
5 3 3 137
5 2 3 143
8 2 3 143
6 2 3 146
6 2 3 151
2 2 3 157
3 2 3 157
1 3 3 156
6 2 3 156
6 2 3 167
5 2 3 179
8 2 3 180
3 3 6 179
4 2 3 191
1 2 4 6
6 2 4 13
2 2 4 35
7 2 4 40
5 2 4 43
7 3 4 42
1 3 9 40
8 3 9 40
5 2 3 42
4 3 7 41
3 2 4 51
7 2 4 50
1 2 4 58
8 3 4 59
3 3 5 59
5 2 3 59
5 2 4 63
6 2 4 62
8 2 4 75
4 3 6 73
5 3 6 76
2 4 7 73
8 4 6 76
2 3 17 72
7 2 3 76
4 2 4 74
7 3 3 74
6 3 5 73
8 2 4 73
5 3 6 72
1 3 5 71
2 3 17 70
2 2 4 74
3 2 4 84
5 2 3 84
7 2 4 84
2 2 4 84
8 2 4 83
6 3 11 84
4 2 3 83
6 2 4 82
7 3 4 81
2 2 3 81
2 4 5 80
1 3 5 78
5 2 3 83
3 3 2 83
1 2 2 83
7 2 1 84
2 2 4 89
4 2 4 89
2 3 6 88
8 2 3 89
2 2 4 98
4 2 4 97
2 2 3 97
6 2 2 97
8 2 4 101
2 3 12 101
4 2 3 101
1 2 4 103
2 3 3 103
1 3 6 102
1 2 2 103
1 2 4 105
6 2 4 115
2 3 7 115
8 2 4 130
5 2 4 132
1 3 10 132
6 2 3 132
7 2 2 132
7 2 4 134
5 2 4 134
2 2 4 134
6 2 3 134
3 3 4 133
7 2 4 149
5 2 4 156
2 4 4 155
8 3 10 154
6 3 12 153
3 2 3 155
4 3 5 153
4 2 4 159
5 2 3 159
5 2 4 172
1 2 4 175
7 2 4 177
8 2 4 198
4 2 4 198
3 2 4 197
7 2 4 198
2 2 4 197
7 2 4 198
5 2 5 7
2 2 5 8
6 2 5 13
5 2 5 17
4 3 5 16
6 2 4 17
5 2 5 21
6 2 5 44
3 2 5 50
8 2 5 66
1 2 5 65
4 2 5 64
8 2 4 64
3 2 5 69
8 2 5 103
6 2 5 123
3 2 4 124
7 2 5 125
5 2 4 125
1 2 3 125
2 2 4 124
5 2 5 135
1 2 4 135
2 2 4 134
7 2 5 136
6 2 4 136
1 2 5 141
2 2 4 141
4 4 5 140
5 2 3 141
3 2 5 150
6 2 4 150
1 2 5 179
8 2 5 182
1 2 5 182
2 3 5 181
8 2 5 185
7 2 5 191
2 2 6 13
1 2 6 46
6 2 6 48
4 2 6 53
4 2 6 59
6 2 6 78
7 2 6 88
4 3 5 89
8 2 6 101
7 2 6 103
5 2 6 130
8 4 7 129
2 2 6 130
4 2 5 130
8 2 6 136
3 2 6 139
2 2 6 142
4 2 6 151
8 2 6 151
5 3 6 152
2 2 6 162
4 2 6 162
7 3 7 160
8 2 6 169
3 2 6 168
3 2 6 177
6 2 6 186
4 2 6 187
2 3 7 188
1 2 6 187
3 2 6 188
4 3 9 187
1 3 8 187
3 3 10 188
4 2 6 193
2 2 7 8
8 3 7 8
1 2 6 10
6 2 7 18
1 2 7 24
4 4 8 23
8 3 6 25
6 3 7 24
5 3 6 26
3 3 7 23
8 2 7 32
5 2 7 58
7 3 7 57
1 2 5 58
5 2 7 67
7 2 6 68
4 2 6 68
3 2 6 68
7 3 13 69
6 3 12 70
2 2 5 68
7 2 5 67
1 2 6 67
6 3 5 67
4 2 4 67
8 2 6 69
3 2 7 70
3 2 7 77
2 2 7 77
4 2 7 94
8 2 6 95
2 2 6 95
6 2 7 100
8 2 7 116
6 3 7 115
1 2 7 127
2 2 7 129
3 2 7 131
4 2 7 130
5 2 7 163
2 2 7 167
5 2 7 187
6 3 7 188
4 3 8 187
8 2 7 187
6 2 6 187
6 2 7 195
6 2 8 5
8 3 15 4
4 2 8 9
4 2 8 23
3 2 8 80
1 2 8 83
1 2 8 106
6 2 8 110
4 2 8 114
5 2 8 126
7 2 8 148
2 2 8 195
8 2 8 196
5 2 8 198
7 2 9 23
5 2 9 27
3 2 9 31
4 3 9 30
1 2 9 30
6 2 9 57
5 2 9 66
4 2 8 66
2 2 9 69
1 2 9 71
7 2 9 99
1 2 9 113
4 3 11 113
8 2 9 113
7 2 9 112
5 2 9 123
5 2 9 143
1 2 9 190
2 2 8 190
8 2 9 191
2 2 10 6
4 3 12 6
7 3 11 5
5 3 13 4
3 2 10 69
8 2 10 149
4 2 10 150
8 2 10 199
3 2 11 93
1 3 11 93
4 2 9 94
3 2 11 117
1 2 11 168
3 2 11 182
5 2 12 27
7 2 13 4
3 2 13 4
8 2 13 122
