568
476
4 2 2500 1
1 2 2499 1
8 2 2498 1
3 3 2501 1
6 2 2497 1
4 2 2496 1
1 2 2495 1
2 2 2499 2
1 2 2498 2
5 2 2497 2
3 2 2496 2
6 2 2495 2
7 3 2495 1
6 2 2493 2
8 2 2492 2
5 2 2491 2
7 2 2490 2
4 2 2489 2
2 2 2488 2
4 2 2487 2
5 2 2486 2
7 2 2485 2
1 2 2484 2
8 2 2483 2
7 2 2482 2
3 3 2482 1
1 2 2480 2
3 2 2479 2
1 2 2478 2
5 2 2477 2
6 2 2476 2
2 2 2475 2
6 2 2474 2
1 2 2473 2
6 2 2472 2
3 3 2472 1
2 2 2470 2
7 2 2469 2
6 2 2468 2
5 2 2467 2
3 2 2466 2
2 3 2466 1
5 2 2464 2
1 2 2463 2
5 2 2462 2
2 2 2461 2
8 3 2461 1
3 4 2460 1
8 2 2458 2
5 2 2457 2
2 2 2456 2
6 3 2456 1
8 2 2454 2
1 2 2453 2
8 2 2452 2
7 2 2451 2
8 3 2451 1
7 2 2449 2
2 2 2448 2
8 2 2447 2
5 2 2446 2
2 2 2445 2
4 2 2444 2
6 3 2444 1
5 2 2442 2
3 2 2441 2
2 2 2440 2
5 2 2439 2
7 2 2438 2
3 2 2437 2
8 2 2436 2
7 2 2435 2
5 2 2434 2
3 2 2433 2
6 2 2432 2
2 2 2431 2
5 2 2430 2
3 2 2429 2
7 2 2428 2
6 2 2427 2
8 2 2426 2
1 2 2425 2
8 2 2424 2
7 2 2423 2
3 2 2422 2
8 2 2421 2
2 2 2420 2
7 2 2419 2
3 3 2419 1
8 2 2417 2
6 2 2416 2
7 2 2415 2
1 2 2414 2
6 3 2414 1
1 2 2412 2
3 3 2413 1
2 2 2411 2
8 3 2411 1
5 3 2411 1
4 3 2410 1
5 2 2414 1
5 2 2420 1
1 2 2419 1
6 2 2419 1
5 2 2423 1
5 2 2424 1
7 2 2423 2
1 2 2428 1
8 2 2447 1
3 2 2458 1
6 2 2457 1
8 2 2470 1
2 2 2470 1
4 2 2497 1
3 3 2496 1
8 2 2496 2
2 2 2511 1
6 2 2521 1
5 2 2526 1
6 2 2529 1
3 2 2534 1
8 2 2544 1
5 2 2545 1
3 2 2547 1
2 2 2573 1
5 2 2577 1
2 2 2577 1
8 2 2592 1
8 2 2599 1
8 2 2604 1
3 2 2605 1
4 2 2606 1
7 2 2605 1
8 2 2618 1
3 2 2627 1
8 2 2630 1
5 2 2638 1
2 2 2652 1
7 2 2661 1
8 2 2661 1
8 2 2667 1
1 2 2672 1
7 2 2678 1
1 2 2683 1
2 2 2682 2
3 2 2690 1
7 2 2690 1
8 2 2692 1
5 2 2698 1
7 2 2698 1
6 2 2698 1
7 2 2717 1
2 2 2739 1
5 3 2738 1
4 2 2737 1
3 2 2758 1
3 2 2764 1
2 2 2770 1
2 2 2788 1
6 2 2799 1
6 2 2800 1
7 2 2818 1
5 2 2820 1
3 2 2819 1
6 2 2823 1
8 2 2824 1
5 2 2825 1
6 2 2826 1
6 2 2863 1
5 2 2873 1
3 2 2897 1
1 2 2920 1
7 2 2942 1
3 2 2944 1
5 2 2943 1
4 2 2942 1
3 2 2941 1
7 2 2940 1
3 2 2953 1
4 2 2970 1
7 2 2975 1
7 2 2979 1
3 2 2979 1
8 2 2979 1
4 2 2986 1
1 2 2986 1
5 2 2988 1
2 2 2990 1
4 2 2991 1
6 2 3001 1
2 2 3000 1
4 2 3015 1
2 3 3015 1
8 2 3018 1
3 2 3018 1
4 2 3017 2
8 2 3016 2
6 2 3034 1
3 2 3033 1
8 2 3043 1
1 2 3045 1
5 2 3051 1
4 2 3059 1
6 2 3059 1
2 2 3058 2
5 2 3086 1
6 2 3090 1
2 2 3092 1
8 2 3117 1
2 2 3122 1
1 2 3121 2
7 2 3121 1
8 2 3121 1
2 2 3140 1
8 2 3141 1
4 2 3140 2
1 2 3142 1
3 2 3149 1
2 2 3148 1
3 2 3157 1
2 2 3166 1
3 2 3171 1
5 2 3170 1
8 2 3170 2
1 2 3176 1
1 2 3178 1
5 2 3181 1
8 3 3181 1
8 2 3188 1
1 2 3199 1
4 2 3204 1
8 3 3204 1
6 3 3203 1
6 2 3204 1
6 2 3208 1
8 2 3213 1
2 2 3233 1
3 2 3232 1
7 2 3244 1
4 2 3243 1
7 2 3252 1
4 2 3261 1
8 2 3290 1
2 2 3289 1
3 2 3294 1
6 2 3305 1
7 2 3305 1
3 2 3317 1
1 2 3320 1
1 2 3333 1
1 2 3334 1
3 2 3339 1
4 2 3338 1
8 2 3339 1
6 2 3345 1
3 2 3350 1
8 2 3349 2
4 2 3355 1
8 2 3358 1
5 2 3358 1
2 2 3357 2
7 2 3369 1
4 2 3373 1
3 2 3372 2
3 2 3387 1
5 2 3389 1
6 2 3388 2
4 2 3388 1
8 2 3387 1
7 2 3391 1
1 2 3393 1
4 2 3392 2
1 2 3391 2
1 2 3394 1
6 2 3394 1
2 2 3400 1
2 2 3422 1
5 2 3426 1
3 2 3436 1
6 2 3446 1
5 2 3462 1
1 2 3461 1
5 2 3463 1
2 2 3462 2
2 2 3477 1
3 2 3477 1
4 2 3477 1
5 2 3477 1
1 2 3482 1
4 2 3500 1
3 2 3500 1
6 2 3510 1
7 2 3519 1
5 2 3518 1
4 2 3522 1
1 2 3535 1
4 2 3543 1
1 2 3545 1
8 2 3544 2
6 2 3562 1
7 2 3605 1
1 2 3610 1
2 2 3613 1
3 2 3619 1
7 3 3619 1
4 3 3618 1
5 2 3617 1
1 2 3634 1
6 2 3642 1
1 2 3663 1
4 2 3668 1
4 2 3692 1
2 2 3693 1
5 2 3695 1
4 2 3695 1
2 2 3695 1
4 2 3704 1
5 2 3703 2
1 2 3713 1
5 2 3712 1
5 2 3728 1
5 2 3737 1
8 2 3736 1
7 2 3735 1
8 2 3735 1
1 2 3735 1
3 2 3736 1
1 2 3744 1
5 2 3751 1
3 2 3751 1
6 2 3750 2
7 2 3756 1
7 2 3771 1
8 2 3774 1
1 2 3775 1
6 2 3784 1
5 2 3804 1
1 2 3814 1
8 2 3813 2
8 2 3818 1
3 2 3818 1
2 2 3825 1
4 2 3827 1
5 2 3834 1
3 2 3843 1
7 2 3868 1
8 2 3872 1
3 2 3872 1
4 2 3880 1
7 2 3881 1
2 2 3880 2
8 2 3888 1
6 2 3887 1
1 2 3886 1
4 2 3885 1
3 2 3887 2
6 2 3886 2
2 2 3885 2
3 2 3895 1
4 2 3894 2
6 2 3912 1
5 2 3923 1
5 2 3924 1
6 2 3924 1
7 2 3926 1
8 2 3926 1
1 2 3931 1
5 2 3939 1
6 2 3938 2
3 2 3938 1
5 2 3941 1
2 2 3946 1
7 2 3945 2
1 2 3945 1
6 2 3962 1
6 2 3969 1
7 2 3973 1
8 2 3981 1
5 2 3980 2
2 2 3991 1
7 2 3990 1
1 3 3989 1
6 2 3989 1
6 2 4000 1
6 2 4006 1
3 2 4007 1
7 2 4011 1
5 2 4018 1
4 2 4039 1
7 2 4045 1
3 2 4044 1
1 2 4044 2
6 2 4044 1
5 2 4052 1
2 2 4051 2
4 2 4053 1
3 2 4054 1
4 2 4061 1
1 2 4066 1
2 2 4065 2
5 2 4097 1
1 2 4097 1
7 2 4096 2
5 2 4108 1
4 2 4112 1
6 2 4111 1
2 2 4117 1
3 2 4117 1
4 2 4119 1
7 2 4118 2
3 2 4124 1
2 2 4139 1
2 2 4149 1
6 2 4156 1
6 2 4163 1
7 2 4197 1
2 2 4196 1
1 2 4195 1
2 2 4211 1
3 2 4214 1
5 2 4214 1
2 2 4218 1
1 2 4229 1
2 2 4233 1
8 2 4236 1
1 2 4236 1
2 2 4235 1
3 2 4235 1
7 2 4240 1
4 2 4240 1
1 2 4248 1
3 2 4252 1
1 2 4252 1
6 2 4257 1
4 2 4256 2
7 2 4257 1
5 2 4276 1
7 2 4290 1
6 2 4289 2
4 2 4298 1
5 2 4309 1
7 2 4308 1
6 2 4308 1
2 3 4307 1
6 2 4321 1
3 2 4321 1
1 2 4323 1
4 2 4322 1
2 2 4344 1
4 2 4343 2
6 2 4345 1
5 2 4344 2
1 2 4343 2
6 2 4342 2
2 2 4349 1
8 2 4348 2
3 2 4347 2
1 2 4347 1
4 2 4347 1
5 2 4347 1
6 2 4351 1
3 2 4350 1
8 3 4350 1
5 3 4350 1
1 3 4349 1
4 2 4348 2
5 2 4349 1
5 2 4360 1
6 2 4381 1
4 2 4388 1
1 2 4387 1
7 2 4386 1
1 2 4392 1
7 2 4407 1
1 2 4406 2
6 2 4427 1
