1709
106
5 10 1 1
5 9 1 13
4 3 1 8
1 5 8 6
2 4 8 5
1 5 8 4
2 7 8 3
1 9 8 2
2 11 8 1
1 12 7 1
2 12 6 1
1 11 5 1
2 10 4 1
1 9 3 1
2 8 2 1
1 7 1 1
2 6 1 1
1 6 1 1
2 6 1 1
1 6 1 1
2 6 1 1
1 6 1 1
2 6 1 1
1 5 1 1
2 5 1 1
1 5 1 1
2 4 1 1
1 3 1 1
3 3 1 5
7 4 2 4
6 4 2 4
4 4 3 4
3 5 3 4
5 6 2 5
4 4 2 5
1 3 1 5
1 4 2 5
4 6 9 4
6 5 3 4
3 5 8 4
7 5 9 4
7 4 2 5
5 5 2 5
4 5 2 5
3 8 1 5
1 3 1 5
1 4 2 5
5 3 1 5
6 4 1 5
5 4 1 5
4 3 1 5
3 3 1 5
1 4 1 5
4 3 4 12
3 3 4 11
2 3 4 10
6 3 6 10
5 3 6 9
5 3 9 9
1 3 11 9
5 3 13 9
6 3 15 10
2 2 1 1
8 2 1 3
4 2 1 7
3 3 1 6
7 4 3 5
3 4 15 5
6 3 3 5
3 5 4 4
3 4 7 4
4 3 3 7
2 2 1 6
5 3 5 4
7 5 7 4
6 5 7 3
7 4 14 5
8 3 6 7
5 3 7 4
8 3 12 7
4 3 13 7
4 2 4 7
4 3 5 7
2 3 5 6
6 2 3 7
3 3 4 7
7 2 3 8
1 2 4 6
2 3 3 6
5 2 4 13
8 2 5 3
4 2 5 4
1 2 4 4
4 2 3 4
3 2 5 6
2 2 5 6
7 2 5 10
1 2 4 10
7 3 16 10
6 2 5 9
6 3 8 9
2 2 6 9
4 2 11 12
4 3 18 12
5 2 12 13
5 2 19 13
