15634
2378
2 9 23 6
4 8 48 82
8 10 61 58
2 7 18 29
6 7 23 5
4 8 63 6
7 7 66 21
8 8 70 97
3 7 72 93
2 9 86 93
8 6 10 58
5 6 10 72
6 6 14 20
8 7 42 17
3 6 14 95
7 6 16 33
4 9 77 34
6 6 24 97
5 6 45 79
3 6 49 24
5 6 67 37
5 6 76 11
6 6 82 38
7 6 82 73
5 6 83 72
4 6 86 65
3 6 91 18
5 6 92 16
7 6 92 83
5 6 94 60
7 5 3 78
6 6 42 79
4 6 43 81
4 5 6 23
1 6 7 21
7 6 20 22
1 5 11 77
5 6 53 78
2 5 12 5
5 8 75 4
6 5 13 2
1 5 17 11
7 5 20 9
4 5 20 89
2 5 22 35
1 5 27 32
5 5 32 58
6 5 35 59
1 6 62 30
2 5 36 79
8 5 37 5
6 6 38 4
6 6 75 60
3 7 81 8
3 7 87 59
4 5 37 81
5 5 38 8
7 5 40 65
6 6 88 9
2 7 92 63
8 5 41 24
6 5 41 45
8 5 43 60
5 5 43 97
2 5 52 19
8 5 53 1
3 5 56 53
3 8 86 50
1 5 57 70
8 6 57 67
3 5 61 1
4 5 63 48
7 5 63 96
2 5 64 16
4 6 63 17
6 7 67 14
4 5 65 82
4 5 70 28
2 5 72 1
3 5 75 60
7 5 79 11
7 5 79 70
5 5 80 68
1 5 87 14
7 5 87 20
6 4 2 32
7 5 26 30
7 6 60 29
8 4 4 36
8 5 30 34
4 5 36 35
5 5 60 32
4 5 58 34
4 5 67 38
5 4 5 60
1 5 44 61
4 4 6 17
3 4 6 25
5 5 79 25
7 4 7 23
2 6 7 25
4 5 33 27
6 6 78 22
6 4 7 66
1 5 42 65
4 5 61 64
3 4 6 65
8 4 7 85
2 4 8 65
1 4 9 60
2 5 11 57
2 6 57 55
5 4 9 65
6 4 8 65
6 5 9 65
8 5 9 64
3 7 29 65
4 5 9 62
3 7 76 63
7 5 33 69
7 5 45 67
3 5 45 71
7 6 44 73
7 5 50 69
3 5 63 61
1 4 7 65
3 4 10 96
7 5 63 96
8 5 80 95
2 4 11 43
4 5 76 41
8 7 89 40
7 4 10 43
7 4 12 11
5 4 13 16
7 5 60 15
4 6 70 14
2 4 14 12
8 4 14 16
6 4 15 76
7 5 13 79
1 6 15 75
4 5 17 75
4 4 16 44
5 4 16 53
6 5 21 53
5 5 20 55
1 4 17 29
3 5 24 28
5 4 17 37
5 4 18 12
6 5 58 12
8 4 21 1
5 6 33 1
3 5 33 1
5 4 21 41
2 5 23 40
5 6 74 42
6 4 22 80
5 4 22 98
8 4 24 25
7 6 47 25
7 4 24 71
5 4 24 80
2 4 25 54
4 5 40 53
8 5 42 52
2 4 26 97
4 4 28 36
7 5 48 37
8 5 76 37
8 5 79 40
4 4 28 93
8 4 29 9
4 5 69 93
1 5 68 93
7 4 30 96
5 5 63 94
2 4 33 90
6 4 34 8
2 4 32 10
4 4 35 5
8 4 36 50
8 5 49 4
7 4 37 13
7 4 37 36
4 4 38 26
1 4 39 8
2 4 39 40
2 4 39 62
1 4 40 88
6 4 41 19
4 4 39 19
6 4 41 98
1 4 42 21
3 5 69 19
2 4 44 86
4 4 44 97
8 5 45 96
1 4 45 4
1 5 58 5
7 5 69 5
1 6 69 5
6 7 71 4
7 4 46 11
4 4 45 10
2 5 54 8
8 4 46 90
7 6 57 90
7 5 67 92
5 5 65 90
3 5 71 50
3 4 48 7
7 4 49 22
5 5 57 20
8 4 50 61
1 4 51 33
5 4 51 67
5 4 51 88
6 4 52 52
3 4 53 8
7 5 71 91
2 4 53 76
5 5 66 74
7 4 54 81
6 6 68 82
6 4 54 80
1 4 54 79
1 4 57 15
1 4 57 40
7 4 59 34
8 5 61 33
3 4 59 39
4 5 65 37
3 4 59 53
4 4 64 8
2 4 65 88
2 4 66 55
8 4 67 81
7 4 68 25
4 5 69 23
2 6 67 23
3 4 69 57
1 4 69 99
3 4 71 84
5 4 71 83
2 4 72 32
8 5 73 10
1 4 73 36
4 4 73 58
8 4 77 96
4 4 78 1
7 4 78 31
2 4 79 75
4 6 82 74
1 4 79 77
6 4 82 3
1 4 85 28
5 4 85 43
3 3 1 38
6 6 9 36
4 4 1 39
4 4 12 35
3 4 21 37
7 4 46 34
5 4 50 38
6 4 48 41
2 4 58 34
2 5 63 37
6 4 67 36
6 3 1 52
1 4 24 53
5 7 81 53
6 5 54 53
1 4 65 54
4 3 1 59
2 4 23 57
2 4 38 55
5 5 40 53
7 4 39 53
1 5 45 56
6 3 1 96
5 4 36 95
6 4 37 94
3 4 39 96
1 4 50 91
2 4 51 94
8 4 57 95
6 4 58 96
2 4 59 95
5 4 59 95
3 4 63 98
2 5 75 93
5 3 1 98
5 4 8 99
4 4 30 95
4 4 35 96
2 4 78 99
8 3 2 1
5 3 2 6
2 4 35 6
5 4 47 3
4 4 66 5
8 3 2 43
6 5 3 43
7 4 63 45
5 3 2 47
8 4 28 48
2 7 40 45
8 4 41 46
7 4 38 46
5 4 53 44
5 4 60 44
2 3 2 53
1 4 21 54
4 4 58 55
3 4 68 58
4 5 71 56
5 3 2 72
6 4 36 73
8 4 62 72
2 5 65 69
8 3 2 92
2 4 3 93
5 4 9 94
8 4 13 97
6 4 14 94
1 3 3 61
2 4 3 60
1 4 21 62
3 4 35 60
4 5 37 59
5 4 41 56
6 4 40 55
4 4 59 63
6 4 67 54
6 4 72 63
5 3 2 62
6 4 19 63
4 4 23 64
5 4 34 63
5 4 47 63
8 4 75 66
4 3 2 63
4 4 8 64
1 5 43 62
2 4 42 64
4 4 43 61
3 5 53 63
2 4 66 61
6 3 1 63
6 4 23 62
7 4 55 62
4 4 55 62
6 3 3 81
6 4 7 80
8 4 6 82
6 8 8 80
3 4 7 82
2 4 8 82
2 4 26 84
1 6 46 81
1 5 62 84
1 4 36 85
3 5 64 78
7 4 35 84
1 4 50 86
2 5 50 87
1 4 53 80
4 4 62 79
5 4 67 79
2 4 69 88
3 4 67 90
6 4 67 90
6 4 78 89
4 4 84 77
3 4 84 76
7 3 3 82
6 4 30 82
4 5 41 82
3 5 40 81
8 4 67 79
2 4 67 78
4 3 4 10
7 4 53 7
4 4 76 6
8 3 5 12
5 3 5 82
4 4 8 81
1 4 49 82
7 3 5 84
7 3 6 6
2 4 4 7
2 5 67 6
8 3 6 20
3 4 48 21
5 4 48 20
1 4 80 19
7 3 5 20
8 4 16 21
3 4 29 20
2 3 6 22
7 4 58 20
4 3 6 48
8 4 64 46
7 3 6 60
3 4 44 58
4 3 6 68
6 4 79 68
8 3 6 72
6 5 43 72
5 5 43 72
7 4 59 73
4 4 59 72
2 3 6 73
7 5 12 72
2 5 12 72
2 4 29 72
8 4 53 75
1 5 56 75
4 4 66 74
1 4 71 75
2 3 7 32
3 4 26 31
2 4 68 30
3 4 71 30
8 4 73 28
6 4 71 29
1 3 7 40
7 4 38 38
3 3 7 48
5 4 7 47
5 4 39 47
2 4 39 47
4 6 77 46
2 4 78 44
4 4 79 44
1 5 81 42
1 3 7 67
1 4 16 68
8 4 78 69
1 3 7 71
5 5 19 72
6 4 60 75
7 3 7 99
7 3 8 25
3 3 8 53
8 4 16 53
3 4 54 53
7 6 61 52
8 4 52 55
6 6 55 52
4 4 55 53
2 5 54 53
1 4 51 54
4 4 57 53
6 4 83 50
1 3 8 68
2 4 30 69
4 4 66 67
7 3 8 97
4 3 9 9
3 3 9 46
3 4 19 44
4 4 70 44
2 3 9 62
3 4 7 63
8 6 56 62
1 4 6 63
3 4 18 61
1 3 9 86
8 3 9 89
7 4 19 88
7 3 10 20
4 3 10 34
5 4 10 35
1 4 15 35
6 6 68 36
4 4 68 38
2 3 10 69
4 4 34 67
2 3 10 77
3 4 71 76
5 3 11 6
7 4 10 5
8 3 9 5
4 4 9 5
8 4 16 4
5 4 49 5
6 4 53 7
7 4 63 4
3 4 69 9
7 3 11 23
6 4 38 24
5 4 37 24
8 4 38 22
1 5 56 24
6 4 66 26
8 4 78 29
2 3 11 22
6 3 11 25
4 4 35 23
1 5 36 25
3 4 35 24
7 3 11 40
7 5 63 40
3 3 12 11
1 4 31 12
2 4 68 11
4 3 11 12
4 4 28 12
3 5 36 11
5 4 36 12
4 5 41 11
8 5 85 14
7 3 12 28
6 4 18 28
2 4 26 29
5 4 28 30
3 5 38 28
6 4 32 27
3 5 44 27
7 6 61 28
8 4 32 27
2 4 46 26
7 4 45 27
6 4 47 31
5 4 51 29
3 4 55 27
6 3 12 52
5 4 24 52
4 3 12 75
5 3 12 81
8 5 41 79
3 3 12 87
7 3 13 35
4 3 13 53
4 4 20 53
2 4 37 51
8 4 44 55
5 4 44 58
1 3 13 54
8 4 35 53
2 3 14 25
7 4 32 26
2 4 34 23
4 6 53 23
2 4 34 27
6 4 37 28
2 5 48 26
7 3 14 40
2 4 25 38
1 4 24 37
5 4 56 38
8 3 14 47
3 4 35 45
8 4 35 44
2 4 53 42
6 4 61 46
2 3 14 81
5 5 47 80
7 4 46 82
6 4 47 80
7 4 76 78
3 3 15 42
5 4 21 42
4 3 15 41
7 4 50 41
6 4 58 39
1 3 15 74
7 3 16 11
4 3 16 12
5 4 17 10
6 3 16 22
7 4 59 19
8 4 59 18
3 4 62 20
1 4 62 20
4 4 83 15
5 3 16 36
3 6 27 34
3 4 23 36
5 5 22 37
7 4 49 33
3 4 56 32
6 4 57 32
3 4 58 35
4 4 59 31
3 3 16 35
3 4 34 33
7 3 16 36
8 4 17 34
8 3 16 47
8 4 34 47
1 5 32 46
7 4 69 44
5 3 16 57
3 5 25 57
7 4 24 59
7 4 30 55
8 4 28 56
2 3 16 92
7 4 57 92
6 4 66 94
7 3 17 29
5 4 38 29
6 3 16 28
4 3 17 46
4 4 22 46
5 4 61 43
8 3 17 55
3 4 18 54
7 4 23 55
6 3 17 72
2 3 17 79
2 4 33 78
5 4 45 77
1 3 17 79
8 4 19 78
8 4 27 79
1 4 56 78
2 4 56 79
5 3 18 11
2 4 44 8
3 4 43 8
1 4 51 6
5 3 18 15
7 3 19 6
6 4 47 5
8 4 47 8
2 6 47 6
2 3 19 13
2 3 19 46
4 4 52 44
7 3 19 75
5 4 33 77
8 4 58 76
6 6 58 76
4 3 20 26
6 3 20 35
2 3 21 5
8 3 21 19
3 3 21 83
5 3 22 4
7 4 36 4
5 4 47 5
1 3 20 4
7 3 22 34
7 3 22 67
7 4 28 68
2 4 41 70
6 4 43 64
2 4 47 64
4 4 46 64
2 3 20 67
2 4 26 66
6 3 23 97
2 4 35 95
8 4 52 97
8 3 24 3
7 4 43 1
8 4 58 2
2 3 24 25
1 4 28 26
5 4 33 24
5 3 24 84
6 3 25 26
7 3 25 45
7 4 31 45
2 4 36 45
3 5 51 43
6 3 25 45
4 3 25 71
2 4 23 71
2 4 31 70
1 4 31 72
2 4 54 75
3 3 25 90
5 3 25 95
8 4 27 95
4 4 45 92
1 3 25 98
5 4 67 99
4 3 26 16
5 5 36 17
3 5 56 17
1 4 64 17
1 3 24 17
2 4 37 16
7 4 52 18
8 4 53 16
5 4 57 18
5 4 68 20
7 3 26 42
3 4 33 39
4 4 33 41
2 3 26 61
6 3 27 17
7 4 54 16
3 3 27 22
4 4 32 23
5 4 60 22
2 4 63 21
6 3 27 35
6 3 27 53
3 4 24 54
1 3 27 52
8 4 27 51
3 4 32 54
3 3 27 50
5 4 25 52
4 4 32 51
8 4 36 52
4 3 26 50
7 4 53 50
8 3 27 59
3 3 27 93
1 5 37 93
5 3 28 80
7 3 29 6
8 4 44 5
4 3 29 25
1 3 29 27
7 4 28 26
6 7 27 25
1 5 28 24
7 4 58 28
5 3 27 27
3 3 29 29
1 4 52 30
1 6 55 31
6 3 29 41
4 3 29 58
6 4 29 57
7 3 29 58
2 4 44 58
1 3 29 57
3 3 29 84
6 3 30 30
2 3 29 31
8 4 50 31
2 5 49 31
3 5 49 29
7 4 62 31
7 3 30 83
7 4 59 84
8 3 30 88
7 3 31 58
8 3 31 66
5 3 30 66
2 3 30 67
8 4 42 67
5 4 67 68
6 3 29 66
8 4 44 63
4 3 32 2
6 4 40 1
2 4 43 2
8 3 32 29
4 4 32 29
8 3 32 40
2 4 52 38
4 3 32 44
7 3 32 55
4 3 32 72
2 4 47 72
3 4 48 73
5 4 47 73
6 4 54 74
1 3 33 41
7 4 35 42
3 3 33 92
2 4 47 90
8 4 45 92
3 3 34 38
3 3 34 86
6 3 36 3
5 4 39 2
4 4 42 3
5 4 63 2
2 3 37 22
4 3 37 57
1 4 40 58
5 3 37 62
6 5 37 60
7 3 37 69
2 4 39 67
3 3 37 73
1 4 36 74
4 4 44 74
3 4 41 76
8 5 52 71
7 3 38 36
6 3 38 37
7 3 38 92
3 4 38 91
1 4 39 90
5 4 37 91
3 4 39 89
4 4 66 90
7 4 67 90
6 3 39 20
8 3 39 49
8 4 51 49
2 3 39 51
8 3 39 65
8 3 40 78
6 3 40 91
2 3 41 26
8 6 41 26
4 3 41 54
7 3 41 89
5 4 61 90
4 3 41 91
4 3 42 11
5 4 52 11
1 3 42 90
5 3 43 31
5 4 49 31
8 3 43 35
7 5 51 33
2 3 43 64
3 3 44 7
2 3 44 51
1 3 44 62
5 3 44 72
4 5 55 72
3 3 44 89
2 3 45 20
8 3 45 61
2 5 44 61
3 5 53 60
4 3 45 60
1 4 44 60
6 3 45 78
6 3 45 85
7 3 45 91
8 5 53 89
3 5 51 89
1 3 45 97
6 3 46 17
2 3 46 90
4 4 49 90
2 3 47 50
8 3 48 14
3 3 48 82
8 3 49 11
6 3 49 43
7 3 49 85
5 3 48 84
3 3 49 84
7 3 49 87
1 3 48 88
6 3 50 79
2 3 50 91
2 3 51 16
8 4 67 14
7 3 51 90
1 3 51 93
6 3 51 91
4 5 52 90
3 5 49 91
7 5 51 91
1 3 52 71
6 3 52 73
5 3 52 78
2 3 53 89
6 3 54 18
4 4 63 18
7 3 55 12
1 3 55 51
5 3 55 74
8 4 61 76
1 3 55 76
4 3 56 4
1 3 55 4
5 3 56 16
3 4 64 14
6 4 65 13
1 3 56 44
5 3 56 49
3 3 56 48
8 3 57 20
1 3 57 33
1 3 58 40
8 3 59 13
3 4 60 14
4 3 59 21
3 3 59 68
8 3 59 84
6 3 60 3
8 3 60 20
6 3 60 69
1 3 61 8
8 3 61 87
3 3 63 1
5 3 63 14
5 3 63 17
4 3 64 2
3 3 64 47
8 3 64 47
1 3 64 69
4 3 65 15
3 3 65 94
3 3 67 86
2 3 69 70
7 3 72 99
7 3 73 86
8 3 79 50
2 3 79 100
1 2 1 7
8 3 5 5
7 4 43 6
5 3 5 7
4 3 20 6
6 4 21 4
6 4 40 8
8 3 23 8
1 4 41 10
5 4 39 10
2 3 22 8
5 4 36 9
5 3 32 9
4 3 31 10
6 3 30 10
3 4 51 8
7 3 31 9
5 3 36 6
8 3 41 9
4 2 1 13
5 5 4 12
4 3 17 15
2 3 22 11
3 4 21 11
7 3 29 10
8 4 29 8
3 3 29 15
8 4 39 12
1 3 32 9
5 3 32 9
2 3 31 9
7 3 39 17
1 4 47 17
7 3 47 16
2 3 51 17
8 4 51 16
3 3 51 14
4 4 51 14
6 3 57 18
1 2 1 16
6 3 13 16
2 3 20 15
7 4 23 15
6 4 32 15
1 4 39 15
3 3 24 14
5 3 33 14
2 3 33 17
3 2 1 19
2 3 3 17
8 2 1 18
7 3 2 19
4 3 5 20
6 4 53 20
5 3 6 18
3 5 32 16
2 3 11 18
1 3 11 20
5 4 13 18
6 5 35 20
6 3 25 21
7 4 37 20
1 3 24 20
3 3 30 19
3 3 32 21
5 4 46 22
1 3 30 21
5 3 32 20
5 3 34 18
8 3 34 18
4 3 36 15
5 3 38 13
2 3 39 19
2 3 45 14
1 3 48 22
4 2 1 18
7 3 6 17
1 3 4 17
4 4 5 17
5 4 8 17
6 3 3 17
7 3 14 20
7 4 15 19
2 3 14 21
6 3 14 20
5 3 15 18
2 3 16 20
4 3 15 20
8 3 26 16
3 2 1 21
5 3 19 21
7 3 19 20
8 3 28 22
4 3 38 23
8 3 51 23
7 2 1 25
4 3 25 26
2 4 24 27
6 3 25 28
1 4 27 28
2 3 26 29
7 3 29 28
8 3 40 28
1 2 1 26
3 3 38 25
1 3 37 26
6 2 1 27
5 3 10 28
7 4 24 29
1 3 9 29
3 3 9 30
4 3 12 27
2 3 10 27
7 3 10 27
3 3 12 28
5 3 23 30
6 3 28 31
3 5 44 30
7 3 28 32
2 5 38 29
6 3 35 28
6 3 36 30
7 3 38 30
1 3 39 31
6 3 40 31
6 4 46 32
5 3 44 32
3 4 45 32
2 2 1 34
3 3 10 33
5 3 21 34
2 5 40 33
8 3 33 34
8 3 35 34
2 3 38 35
5 2 1 40
2 3 16 39
6 3 27 39
7 3 42 37
5 3 42 39
7 3 49 38
3 3 62 41
2 4 61 42
8 3 61 41
3 3 63 43
8 2 1 49
7 3 2 49
1 3 3 51
4 4 11 49
5 4 38 52
1 4 47 50
1 4 54 47
2 3 12 48
1 5 18 47
6 4 19 47
5 5 19 46
3 4 17 46
8 4 21 48
3 3 14 48
2 3 17 46
7 3 15 46
5 3 19 50
8 3 24 50
1 4 25 50
4 3 25 47
7 4 27 48
2 4 46 51
5 3 26 50
3 2 1 48
4 3 12 49
6 4 22 47
6 3 11 49
3 5 22 48
5 4 22 47
3 4 25 47
3 3 14 48
1 3 23 48
7 3 25 47
6 3 37 50
8 3 47 49
3 2 1 52
8 3 18 52
4 2 1 55
6 3 6 54
4 3 6 55
8 3 8 52
8 3 34 51
6 3 34 52
2 3 33 53
4 3 39 53
1 3 50 49
8 2 1 59
4 3 10 60
6 3 17 59
4 4 27 58
5 3 27 60
2 3 33 58
8 2 1 63
1 4 31 63
5 3 6 64
4 3 21 63
1 3 34 64
2 3 35 61
4 3 42 62
6 3 43 62
5 3 45 65
7 2 1 69
3 3 8 67
7 3 9 69
1 5 46 67
4 3 26 68
3 3 55 69
8 3 55 69
4 2 1 70
5 4 22 69
8 5 32 71
3 4 30 71
1 4 33 69
6 4 40 70
4 3 7 69
6 4 22 69
6 4 29 71
8 3 6 68
7 4 47 67
5 3 5 68
4 3 4 68
1 4 14 69
6 4 24 69
8 3 19 67
3 4 44 66
1 3 32 70
3 4 47 72
4 4 53 74
5 3 42 70
1 3 42 72
7 3 43 66
6 3 46 66
1 2 2 1
2 3 4 1
5 3 18 2
3 3 30 3
4 3 31 5
3 3 38 4
5 2 2 2
7 3 2 1
5 4 31 1
5 3 3 3
1 4 13 1
4 4 41 2
5 4 47 1
7 3 32 1
6 3 39 1
1 4 38 1
8 2 2 18
1 2 2 18
4 3 3 17
6 3 2 18
6 3 5 19
3 3 19 21
2 3 21 22
3 3 24 23
8 3 34 23
1 3 49 23
2 2 1 18
4 3 18 17
6 3 17 18
1 3 17 19
6 2 2 26
5 3 3 25
5 3 6 24
4 3 13 22
3 3 12 22
5 4 12 21
1 5 11 20
5 3 27 27
4 3 28 22
8 3 31 29
7 3 32 31
7 2 1 26
1 4 5 25
7 3 7 24
8 4 18 25
4 4 19 25
8 3 7 23
4 4 12 21
8 3 11 22
5 3 11 21
5 3 17 20
3 3 24 28
4 3 28 27
5 3 29 24
8 4 30 23
5 3 29 28
3 3 30 29
3 2 2 30
4 4 4 30
2 4 9 30
5 3 2 29
5 3 5 31
6 5 5 31
4 6 18 31
4 4 7 28
8 3 4 31
3 4 5 29
6 4 33 32
5 4 40 32
1 3 13 29
1 4 20 30
2 3 16 29
2 3 23 34
3 3 27 35
5 3 27 34
3 3 35 36
8 2 2 29
7 3 2 30
8 4 7 28
8 3 8 29
6 2 1 30
7 3 8 28
6 3 7 28
8 2 2 32
4 3 15 31
8 3 21 32
4 4 26 33
7 3 28 32
6 3 33 32
4 2 2 37
8 3 6 37
7 4 34 36
1 3 13 37
3 4 21 36
1 3 19 39
6 4 19 37
8 4 23 36
5 4 46 39
5 3 28 38
5 3 31 35
1 3 38 38
5 2 2 38
4 5 26 37
7 3 8 38
3 3 8 38
8 4 27 37
6 2 2 37
6 3 19 38
5 3 18 39
1 4 24 37
1 3 32 38
5 2 2 42
6 2 2 62
8 3 14 62
4 3 14 63
8 3 16 60
4 3 16 59
1 4 46 58
3 3 24 64
4 3 24 62
7 3 24 64
3 3 25 63
7 3 26 63
7 3 37 65
4 3 39 66
7 2 2 64
5 3 25 63
3 3 28 62
1 2 1 64
7 3 8 64
5 4 8 64
5 2 2 65
3 3 4 66
3 3 19 67
4 3 19 67
1 3 23 69
5 3 28 69
2 3 27 69
2 4 38 67
3 3 31 65
8 3 30 67
8 4 34 67
8 3 35 67
2 2 2 68
5 3 16 68
6 4 21 67
6 3 32 70
6 4 34 71
7 2 2 73
8 3 2 74
6 3 5 73
5 3 23 72
7 3 25 71
3 3 24 73
8 3 24 71
7 3 33 75
3 3 45 77
5 4 47 77
7 3 46 76
2 4 46 76
3 3 48 77
8 3 47 77
6 2 1 74
4 4 15 72
2 4 16 74
8 3 10 73
7 4 12 72
4 3 9 74
1 3 17 75
7 3 19 72
2 4 25 73
4 3 19 77
6 3 21 78
7 3 27 74
2 3 47 79
7 3 49 80
1 2 1 76
4 4 22 74
5 3 5 75
5 3 11 76
8 3 13 78
3 3 15 79
4 3 22 78
6 4 39 79
3 3 24 80
7 3 23 79
6 3 27 80
7 3 29 80
8 3 32 82
4 3 34 78
3 3 38 75
7 3 41 77
1 2 2 73
3 3 1 74
3 4 8 73
8 3 13 72
8 5 21 73
7 3 29 71
8 3 30 69
2 2 1 73
4 2 2 72
1 2 2 89
2 4 35 90
4 3 30 87
4 4 62 85
7 3 34 91
5 3 39 91
6 3 39 90
8 3 40 88
8 6 42 87
5 3 50 86
3 3 59 88
6 2 2 89
4 4 20 87
5 4 60 86
6 3 15 88
8 3 22 87
6 3 23 87
2 3 28 90
3 3 46 87
7 4 45 87
8 5 45 85
1 5 44 86
2 4 46 86
6 3 42 89
2 3 47 85
8 3 46 85
5 2 2 92
3 3 47 92
6 2 2 94
5 3 31 93
1 2 3 3
2 4 13 2
6 3 14 3
1 3 19 1
7 3 19 1
8 3 22 1
3 4 29 1
2 3 32 3
8 3 32 4
4 2 3 7
6 4 9 7
2 3 27 6
8 4 34 7
7 3 26 7
4 4 26 5
4 3 27 8
6 4 26 7
3 3 31 6
2 3 34 8
6 4 34 8
1 4 32 9
7 3 39 11
7 2 2 7
7 4 16 6
4 2 3 12
2 3 4 11
2 3 15 9
6 4 15 7
1 3 14 9
3 3 15 6
3 3 17 7
1 3 19 11
7 3 19 10
6 5 24 9
6 2 3 12
8 3 5 11
2 3 16 10
7 2 3 16
3 3 14 15
5 3 25 14
7 3 40 13
6 3 46 13
4 2 2 16
5 3 1 16
1 3 11 14
6 4 16 12
3 5 24 15
3 3 10 15
8 3 15 13
3 3 37 12
5 3 36 14
1 2 3 16
7 3 11 14
1 3 19 13
5 2 3 17
6 3 3 16
8 2 3 22
4 2 2 23
6 3 2 23
3 2 1 24
4 3 15 22
6 3 15 24
3 2 3 43
6 3 29 42
5 3 34 42
8 3 37 40
1 3 45 44
7 2 3 51
2 3 5 50
7 3 22 49
4 4 23 48
7 4 29 49
2 3 27 49
7 3 26 50
5 3 25 52
3 2 3 50
1 3 31 51
6 2 3 49
4 3 3 50
3 3 14 49
7 3 16 52
3 3 25 53
6 3 33 54
5 3 45 56
7 2 2 49
8 3 23 48
2 3 24 48
6 4 31 46
2 4 45 44
4 3 30 49
3 3 30 50
5 2 2 50
8 3 25 50
5 3 29 52
3 3 32 54
2 2 2 50
1 4 25 48
2 3 5 49
2 3 11 49
2 3 17 50
2 4 29 52
7 4 29 51
4 3 17 50
1 3 19 50
2 3 18 50
4 4 22 49
8 3 20 48
5 3 31 54
3 2 2 49
5 2 3 50
1 2 2 50
4 2 3 55
4 3 23 56
3 4 42 57
8 3 22 55
2 3 21 55
4 3 21 54
6 3 21 55
7 3 42 59
7 2 3 56
3 3 7 55
7 3 24 56
2 3 24 54
5 2 3 63
3 3 29 61
4 2 3 62
6 3 15 63
4 4 25 62
7 3 14 62
2 3 15 61
6 3 23 62
7 3 24 61
2 2 3 64
1 3 2 65
8 3 8 66
2 2 3 65
8 3 10 64
7 3 11 64
4 2 3 78
3 3 9 76
1 3 25 77
7 3 30 78
6 3 30 77
1 3 29 78
4 3 30 77
2 3 31 78
3 3 50 80
1 2 3 83
4 3 46 83
2 2 3 82
7 3 21 81
2 3 34 83
7 3 37 82
6 3 47 84
3 2 3 86
4 3 49 87
2 3 48 88
8 3 51 88
3 3 50 87
7 4 48 87
2 3 49 85
6 2 2 87
7 4 9 86
5 4 15 86
7 4 15 85
2 4 18 86
4 3 13 86
3 4 17 86
8 4 27 83
3 4 36 83
1 3 14 85
8 3 14 87
5 4 32 87
3 3 13 86
7 4 14 87
6 3 16 83
7 3 17 85
6 5 20 85
3 3 18 85
1 3 19 83
8 3 21 85
6 3 25 85
4 3 30 86
6 3 30 85
4 3 32 90
5 3 36 84
1 3 35 84
1 2 3 86
5 3 2 86
2 3 14 86
5 3 12 87
2 4 11 86
6 2 1 86
4 3 2 86
3 3 9 86
4 3 7 86
7 3 7 85
5 3 8 85
8 3 19 87
3 4 19 88
6 3 30 91
4 4 32 89
8 3 30 90
7 3 30 92
2 3 40 83
2 2 1 85
1 4 7 86
8 4 7 86
2 3 26 84
1 3 31 82
6 3 42 81
1 2 3 93
4 3 15 94
3 3 17 94
1 4 20 94
8 3 19 93
2 7 18 93
1 3 18 96
6 4 27 94
2 3 22 96
7 3 27 95
8 3 28 97
2 3 33 91
7 3 32 92
5 3 33 97
6 3 43 96
5 2 3 92
3 3 11 90
2 3 14 89
1 3 14 87
8 2 3 91
7 3 15 91
6 2 4 15
5 4 15 13
3 3 4 14
6 4 23 13
6 3 3 14
2 5 3 13
8 3 28 14
7 3 28 15
1 3 36 13
5 2 2 15
8 3 7 14
2 4 8 14
3 3 10 13
4 3 16 14
3 2 1 15
4 3 10 14
8 3 15 13
4 2 1 15
5 4 7 13
2 3 6 13
7 3 9 14
1 3 12 16
4 3 12 17
5 3 11 17
3 3 13 13
4 3 30 12
7 2 1 16
8 3 3 16
4 2 4 13
1 3 18 11
2 3 17 12
2 2 4 26
3 5 10 24
4 2 4 25
1 3 25 24
6 3 37 26
3 2 4 33
3 3 10 31
4 3 11 33
8 3 13 31
5 4 21 33
6 3 33 36
5 2 4 32
6 3 13 32
4 3 28 33
1 3 27 34
2 2 4 39
6 2 4 40
5 3 55 41
3 2 4 40
6 3 50 40
5 2 4 43
6 3 22 41
2 3 31 40
4 4 30 40
6 3 43 43
4 3 43 42
4 3 45 42
8 2 4 44
1 3 8 44
2 3 14 42
7 3 25 43
2 4 42 42
8 3 30 43
3 2 4 71
7 2 4 71
5 4 7 69
2 3 6 69
4 3 14 71
1 3 14 71
5 4 16 71
3 3 17 73
8 2 4 70
3 2 4 71
8 3 15 69
6 3 21 70
1 2 4 73
2 2 4 74
1 3 3 75
7 3 4 74
3 4 3 76
4 4 23 77
5 3 3 74
8 3 3 75
7 3 20 73
3 3 26 78
6 2 3 73
1 2 3 77
6 2 3 76
6 3 25 76
5 2 4 86
5 2 4 98
2 4 47 99
7 3 3 98
4 3 35 99
2 3 39 97
7 3 38 99
4 4 41 97
5 3 41 97
6 3 44 99
8 3 47 99
4 3 47 99
4 2 5 20
8 3 8 21
6 3 7 23
1 4 7 23
7 4 18 23
1 2 4 20
6 2 3 20
7 4 7 18
4 3 9 19
7 3 15 21
6 2 5 20
3 2 5 19
2 2 5 19
8 3 5 20
3 2 4 21
1 2 4 22
3 2 4 22
7 2 4 23
4 2 4 22
5 2 4 23
3 3 3 24
1 3 3 25
6 3 23 26
6 2 3 23
4 3 2 24
7 3 9 25
1 2 2 23
6 2 5 20
6 2 5 26
6 2 5 28
4 3 7 29
3 3 7 29
7 3 8 27
3 2 5 36
7 3 29 34
1 2 5 42
3 3 24 42
7 3 41 43
5 3 41 42
4 2 5 45
7 3 4 45
4 3 7 44
2 3 34 45
1 2 5 52
1 3 11 50
6 4 15 52
6 2 5 55
4 2 5 55
4 3 9 54
7 2 5 56
5 3 10 56
8 2 5 62
1 3 19 60
5 3 20 61
2 3 26 59
8 3 33 59
6 3 37 59
2 2 4 63
1 3 8 63
7 4 8 63
2 2 5 87
1 3 9 86
7 2 5 87
4 3 14 86
7 3 24 88
5 3 25 89
8 2 5 97
7 3 15 98
2 4 30 98
8 3 19 96
1 3 24 95
4 3 23 96
1 4 40 96
3 3 28 99
7 2 6 8
3 3 6 8
8 2 6 7
4 4 13 5
6 3 7 6
1 5 11 5
7 3 9 5
2 3 11 8
4 2 6 6
5 3 10 6
2 3 26 4
4 3 28 8
3 2 6 7
1 2 6 16
4 2 6 17
4 2 6 26
3 2 6 26
4 3 15 27
2 3 19 26
5 2 6 25
8 3 10 26
3 3 10 25
4 3 16 25
8 2 6 30
5 2 6 29
2 3 6 30
6 2 6 43
5 3 19 42
5 4 24 41
8 3 23 44
3 3 22 45
1 3 21 44
8 3 32 45
1 3 35 40
2 2 6 44
3 4 15 42
2 3 14 44
1 3 15 45
3 3 17 44
8 3 33 41
2 2 6 47
2 2 6 53
6 2 6 53
7 3 7 51
2 3 7 51
7 2 6 62
1 4 9 61
6 3 8 60
3 3 17 60
1 3 27 61
8 2 6 62
7 3 9 61
5 4 8 60
2 3 7 60
1 5 16 58
6 3 16 59
1 4 23 57
3 3 17 58
5 3 34 59
8 2 6 78
7 3 10 78
8 3 16 77
3 2 6 80
7 3 15 79
7 2 6 83
4 3 29 82
5 2 6 92
3 3 27 90
8 2 5 93
6 4 15 92
4 3 26 91
6 3 26 93
3 3 35 94
7 2 7 14
8 2 7 27
1 4 13 25
4 3 8 27
5 3 16 23
1 2 7 27
6 3 8 26
2 2 6 27
8 4 15 26
7 2 6 27
3 2 6 26
7 2 7 26
7 3 12 27
8 2 7 25
3 2 7 27
2 2 7 27
5 2 6 28
6 3 6 27
3 2 5 28
2 2 7 31
6 2 7 31
5 2 6 31
4 2 7 30
7 2 7 32
1 2 7 31
7 2 7 43
8 3 22 42
1 4 22 41
6 3 21 43
7 3 22 40
4 3 30 43
7 3 29 45
2 2 7 55
8 3 8 53
6 3 11 51
2 3 12 53
8 3 14 52
1 2 7 60
8 2 6 60
4 3 6 59
3 3 18 59
6 3 20 58
5 4 20 57
8 3 36 57
3 2 5 59
8 3 15 58
7 3 17 59
6 3 23 58
6 2 6 58
5 3 19 59
8 2 6 58
4 3 26 56
5 2 6 60
6 3 6 59
4 3 12 59
4 2 7 67
3 2 7 67
4 3 22 68
2 2 7 79
4 3 10 78
5 4 22 77
7 4 30 80
4 4 41 80
5 3 13 79
3 3 14 81
1 3 12 81
6 3 14 81
4 4 23 80
4 2 7 79
8 3 18 78
6 2 7 78
6 2 7 84
2 3 13 82
3 3 26 80
6 4 28 82
3 2 7 84
2 3 36 83
1 2 6 84
7 2 7 95
8 4 36 94
3 3 19 95
6 3 30 97
4 3 34 93
6 3 42 98
3 2 7 94
2 3 7 93
8 4 10 94
3 3 10 93
6 3 14 95
1 3 32 92
7 2 6 93
1 3 8 93
1 2 7 97
6 4 21 98
4 2 6 97
1 3 11 97
6 2 5 97
3 3 18 96
4 3 18 98
6 3 22 94
3 3 20 94
5 3 22 97
3 3 21 97
5 3 26 92
3 3 28 99
4 2 7 99
1 2 8 4
5 3 24 4
7 3 31 3
7 3 37 2
5 2 8 3
2 2 8 4
8 4 22 3
3 3 12 3
1 3 19 3
7 3 22 5
1 3 21 4
4 3 33 2
8 3 35 3
8 2 8 16
4 2 8 27
8 2 8 34
2 3 7 35
5 3 27 35
5 2 7 34
4 2 8 39
4 3 11 38
1 3 11 38
2 4 22 39
3 3 18 39
3 4 24 36
3 3 20 41
8 3 25 37
3 2 8 44
5 3 7 45
4 4 16 43
1 4 30 45
2 3 16 45
5 3 19 41
4 4 31 39
3 2 8 46
2 3 7 46
8 3 8 45
3 3 27 46
7 2 8 47
5 4 22 46
4 3 12 46
6 3 15 47
1 3 28 47
3 2 8 63
2 3 12 62
4 2 8 62
5 2 8 63
6 2 8 78
6 3 12 77
6 2 8 84
2 3 9 84
4 3 17 83
1 3 18 83
1 4 28 81
3 2 7 84
7 4 22 84
8 3 7 83
3 3 17 82
2 3 25 83
6 3 25 82
3 2 6 83
7 3 10 82
4 3 9 82
8 4 9 80
1 3 8 82
5 4 9 82
2 2 8 81
7 2 8 81
5 4 10 81
6 3 17 80
6 2 7 81
1 3 6 81
2 2 6 81
2 3 12 80
5 2 6 82
4 2 5 82
5 4 11 81
3 3 8 82
2 3 9 84
7 2 6 82
8 3 11 82
4 2 8 92
6 3 10 92
1 3 19 92
6 3 18 92
7 3 30 94
8 3 34 94
8 2 9 12
1 2 8 12
8 3 13 11
1 3 24 10
6 3 28 8
6 2 9 24
1 2 8 24
4 2 9 43
1 2 9 58
2 3 14 56
2 3 15 57
6 3 16 55
1 3 16 57
1 3 23 56
5 2 9 66
6 2 9 71
1 2 8 72
3 2 9 71
4 2 9 71
3 2 9 73
4 3 15 71
2 4 16 70
3 3 14 73
1 3 13 72
8 2 8 73
4 2 8 74
8 3 17 74
6 2 7 74
2 3 10 73
4 2 7 74
1 2 8 75
3 2 8 75
6 2 9 85
4 2 9 94
5 3 13 95
5 2 8 95
4 4 24 94
4 3 13 94
2 3 12 96
1 4 15 96
7 3 23 98
1 3 27 94
5 3 27 94
6 2 10 22
3 2 10 40
5 2 10 45
8 2 9 45
6 2 10 46
7 3 28 47
3 2 10 54
1 3 16 54
6 2 10 56
6 3 18 57
7 3 16 58
4 2 10 61
1 2 10 61
2 2 9 61
1 2 10 64
1 2 10 76
7 2 9 76
5 2 9 76
1 2 10 79
4 2 10 95
7 2 9 96
3 2 10 99
5 2 11 8
5 3 14 9
8 2 11 9
2 2 10 10
3 3 9 10
5 2 9 11
2 3 21 11
2 2 11 13
7 3 10 14
8 4 10 13
4 2 10 12
1 2 9 12
6 2 9 13
7 2 8 13
6 2 7 13
1 3 10 12
3 3 15 11
3 2 10 14
5 2 10 14
6 3 10 14
2 2 11 16
3 2 11 18
5 2 11 20
7 2 11 20
8 2 11 19
1 2 11 18
1 2 11 22
2 2 10 22
3 2 11 23
6 2 11 46
7 3 13 46
2 2 11 59
6 2 11 61
6 2 11 74
7 2 11 90
8 2 10 90
1 2 10 89
8 3 12 90
5 3 14 90
5 2 9 89
3 3 26 89
6 2 11 88
8 2 11 92
1 2 11 93
5 2 10 93
7 2 10 93
8 4 11 93
2 2 9 94
3 3 9 93
5 3 9 92
7 3 18 94
5 3 17 96
5 2 11 91
4 3 13 90
3 2 11 90
1 2 12 6
4 2 12 9
5 3 24 8
5 2 11 10
8 2 12 27
2 2 12 36
6 3 13 34
7 4 17 35
1 3 24 38
3 2 12 46
2 3 19 45
6 3 25 44
5 2 12 71
2 2 12 70
3 3 19 69
6 2 12 74
8 2 12 92
4 2 12 98
5 3 12 97
7 2 11 97
5 2 13 1
3 2 13 11
4 2 13 16
8 2 13 18
1 2 12 19
2 2 13 17
7 2 12 17
8 2 12 16
1 2 12 16
5 2 13 19
1 2 13 19
6 2 13 42
7 3 27 41
5 2 13 48
5 2 13 59
8 2 13 79
1 2 13 87
5 3 18 88
4 2 14 3
8 2 14 6
1 3 13 6
5 2 12 6
6 2 14 34
2 3 13 34
8 2 13 35
1 3 12 35
4 2 11 35
4 2 13 36
1 2 13 35
3 2 14 33
4 2 14 33
1 2 14 38
2 3 19 36
7 3 21 39
7 3 22 39
3 2 14 38
2 3 25 39
6 2 13 39
8 2 14 38
7 3 15 36
8 3 17 37
5 2 14 36
2 4 13 36
5 2 14 36
4 2 14 62
6 2 14 67
1 2 13 67
2 3 17 65
3 3 16 65
7 2 12 67
1 3 27 67
1 2 14 67
2 2 14 67
2 2 14 78
8 2 14 97
1 2 13 97
3 2 15 8
7 3 19 9
4 2 14 8
5 2 15 10
1 2 15 34
7 2 15 40
8 3 15 41
4 4 15 40
2 2 14 43
6 2 15 39
1 2 15 39
8 2 15 58
7 3 14 58
4 2 14 57
1 2 14 58
3 3 17 57
5 3 21 56
3 2 14 57
4 2 15 57
2 2 14 57
5 2 15 77
4 2 15 77
8 2 16 1
8 2 16 3
5 3 21 2
5 2 16 4
2 3 23 2
2 2 16 4
6 2 16 3
1 2 15 4
4 2 16 2
3 3 18 3
6 2 16 1
2 2 16 1
6 2 16 10
5 3 16 11
2 2 15 12
8 3 15 11
7 2 16 37
5 3 15 38
3 2 16 91
3 2 16 96
2 2 15 96
6 2 17 42
2 3 22 41
3 2 17 45
4 2 17 57
6 2 18 4
3 2 18 9
4 2 18 8
1 2 18 44
4 2 17 45
2 2 17 44
4 2 18 48
6 2 17 48
6 2 18 53
7 2 17 54
4 2 18 88
8 2 17 88
6 2 16 88
8 2 18 88
1 2 18 90
4 2 19 2
7 2 19 43
3 2 18 43
4 2 19 47
7 2 19 75
1 2 19 76
8 2 20 8
4 2 20 33
8 3 23 32
5 2 19 33
4 2 19 32
4 2 20 37
2 2 20 37
3 2 20 45
8 2 20 51
7 2 21 40
1 2 21 41
6 3 21 40
2 2 19 41
4 3 18 41
3 2 20 40
5 2 21 76
7 2 22 98
8 2 23 3
1 2 22 3
8 2 23 37
6 2 23 43
4 2 23 66
2 2 23 70
4 3 23 69
3 2 22 70
3 2 23 77
6 2 23 76
5 2 23 80
5 2 23 89
2 2 23 92
6 2 24 65
3 2 24 69
7 2 24 90
2 2 24 92
5 2 25 65
6 2 25 99
5 2 25 98
3 2 24 98
1 2 24 98
1 3 27 99
6 3 28 98
2 2 26 49
7 2 26 99
3 2 25 99
4 2 27 52
5 2 27 68
4 2 27 98
8 2 28 3
5 2 29 1
2 3 28 2
3 2 28 1
5 2 29 1
6 2 30 51
8 2 32 57
3 2 33 66
2 2 35 100
5 2 36 1
1 2 36 1
1 2 36 100
3 2 37 57
6 2 41 57
8 2 49 100
