1178790
1309
1 359 76 26
1 285 52 1
2 803 64 1
2 282 52 26
1 450 53 1
5 24 3 89
6 27 10 58
7 21 10 57
6 23 12 52
5 20 7 52
7 21 18 93
7 17 9 52
6 17 11 74
5 15 8 71
6 17 4 69
7 15 7 72
6 23 28 74
7 18 22 73
5 15 16 55
6 20 8 56
5 22 7 56
7 17 11 61
6 20 12 59
7 21 13 54
6 21 9 52
6 20 26 63
6 15 17 69
2 14 1 50
6 14 13 92
6 17 26 78
5 25 21 78
6 14 18 76
7 14 23 82
6 21 21 81
7 16 27 90
7 14 28 71
7 17 32 93
5 17 40 96
7 13 1 87
1 13 10 24
1 13 4 25
4 15 15 24
3 13 16 23
5 13 39 65
3 12 1 27
1 12 1 29
3 13 4 27
1 13 4 29
3 12 1 31
3 13 4 31
1 12 1 33
1 13 4 33
2 12 2 50
6 12 2 88
1 12 4 20
5 12 7 62
2 14 15 26
4 14 15 28
5 19 18 60
7 21 20 62
6 13 13 64
5 17 9 63
6 14 26 67
5 12 13 92
6 18 14 94
5 12 12 95
6 15 16 94
2 12 16 22
3 12 16 35
1 12 16 37
3 12 16 39
1 12 16 41
3 12 16 43
2 12 16 46
3 13 26 46
4 12 16 48
5 16 34 65
2 11 3 50
5 11 5 53
2 11 17 46
3 12 20 46
7 11 20 52
6 11 22 61
7 11 22 78
5 12 20 76
4 11 25 23
4 11 29 36
2 11 29 38
4 11 29 40
2 11 29 42
3 10 3 35
7 10 3 80
2 10 4 50
6 10 6 69
5 12 7 66
6 14 9 62
7 17 9 65
5 19 12 65
7 12 5 68
1 10 7 48
4 13 1 48
1 10 12 48
4 10 3 48
7 10 16 67
6 11 17 59
5 10 25 79
1 10 29 36
3 10 29 38
1 10 29 40
3 10 29 42
3 9 1 23
2 10 17 22
5 9 1 85
6 13 6 86
7 14 14 90
5 25 16 87
6 20 13 88
7 12 12 93
1 10 29 45
4 11 29 44
7 9 1 94
5 9 4 89
7 14 6 91
5 14 3 92
6 11 13 91
5 12 10 92
5 12 32 86
6 10 5 96
5 13 4 96
7 13 33 83
1 9 7 21
7 9 8 62
5 10 41 80
5 10 62 56
5 9 14 85
2 9 15 30
2 9 15 34
1 9 17 37
3 9 17 39
1 9 17 41
4 9 16 40
3 9 17 43
2 9 21 30
2 9 21 34
6 9 23 88
1 9 24 49
5 9 29 71
4 11 63 55
6 8 3 70
2 8 4 21
7 9 6 68
5 8 3 66
5 8 7 89
5 8 8 56
5 8 10 72
6 8 8 71
7 8 7 73
6 12 9 72
7 8 5 74
5 8 6 72
4 8 15 32
4 9 21 32
5 8 15 82
2 8 16 26
4 8 16 28
4 8 16 36
2 8 16 38
2 8 16 42
7 8 16 76
5 8 14 75
6 8 20 79
4 11 35 75
3 13 36 73
8 8 23 38
5 8 23 87
6 8 26 79
1 8 34 44
4 7 1 20
1 8 10 20
4 11 13 19
2 7 1 25
4 8 1 26
2 8 1 28
2 7 1 33
3 8 21 32
1 9 21 31
3 8 19 30
5 7 1 72
6 12 13 71
5 9 33 75
4 11 56 71
4 7 3 23
4 7 3 35
1 7 4 25
3 7 4 27
6 7 4 52
7 9 5 52
6 7 4 61
5 8 19 59
1 8 41 1
5 7 5 53
6 7 4 54
5 10 24 52
3 7 6 23
3 7 8 39
4 7 8 40
1 7 8 41
2 7 8 42
3 7 8 43
4 7 8 44
1 8 22 44
1 7 8 45
2 7 8 46
3 7 8 47
4 7 9 44
4 7 10 4
1 9 9 4
1 8 25 4
4 9 23 4
6 7 11 64
5 12 9 66
5 7 15 57
5 7 17 78
7 10 15 79
8 11 14 75
7 13 16 79
5 7 13 79
6 12 14 80
6 7 22 99
1 7 32 1
2 7 32 2
3 9 31 2
2 7 32 6
3 9 31 6
1 7 32 9
4 10 37 7
2 8 35 9
3 9 31 10
4 8 37 11
1 9 31 12
2 8 37 13
3 8 31 14
1 7 31 8
2 7 33 2
3 9 40 6
3 7 40 73
4 6 1 30
1 6 1 37
2 6 1 38
3 7 1 38
2 6 1 38
4 6 1 40
1 7 1 40
2 6 1 42
3 7 1 42
4 6 1 44
1 7 1 44
2 6 1 46
3 7 1 46
5 6 1 63
7 6 1 87
6 13 1 83
7 10 1 89
5 7 1 82
6 6 1 93
2 6 2 34
1 7 4 33
1 6 4 29
3 6 4 31
4 6 6 31
6 6 8 57
7 9 11 55
7 6 8 87
6 6 9 74
5 10 27 71
4 11 28 74
7 8 12 77
3 7 21 79
5 8 22 77
3 7 32 78
4 8 30 80
5 6 7 76
6 7 10 78
5 7 9 78
6 6 9 86
5 8 28 84
3 7 28 80
3 8 39 78
5 8 38 78
3 7 33 80
5 14 34 79
4 7 32 80
5 7 45 72
3 10 45 75
6 6 10 68
4 10 23 67
3 10 22 69
4 8 21 70
5 8 19 72
5 7 43 74
4 9 42 74
7 6 10 71
6 6 12 85
7 7 11 87
5 11 13 84
4 10 27 83
3 9 28 83
4 9 30 83
3 6 17 60
3 6 22 18
2 9 19 18
3 6 18 18
4 6 13 20
5 6 22 65
3 6 22 65
4 6 23 52
3 9 22 51
5 6 26 85
4 7 26 84
5 6 27 78
4 6 26 78
3 7 25 78
2 6 32 6
2 6 32 10
3 7 32 10
4 7 32 12
4 6 32 15
5 6 32 86
3 8 35 83
4 11 56 84
3 11 54 85
5 13 54 84
4 8 47 86
5 9 45 86
3 12 43 88
7 5 1 63
6 7 1 64
7 10 10 62
7 6 1 65
4 7 23 60
3 7 22 59
3 8 47 67
4 6 47 65
5 10 45 65
3 9 45 64
4 9 45 67
7 5 1 82
6 10 1 80
5 11 3 79
7 10 2 78
5 6 2 84
6 11 11 83
7 6 2 85
6 11 2 81
7 7 4 84
5 6 5 84
3 6 18 84
4 5 2 36
1 5 2 37
7 5 2 56
6 5 3 91
4 6 35 74
3 7 35 76
3 6 35 73
3 7 40 86
4 7 40 87
5 14 39 86
4 10 38 86
2 5 4 46
3 7 5 47
7 5 4 68
5 7 8 66
4 5 5 4
1 6 8 4
4 6 6 4
3 5 5 19
2 6 5 18
3 7 4 18
2 6 19 18
7 5 5 59
5 10 30 56
3 10 43 58
4 10 43 52
5 14 43 52
3 13 43 51
3 7 33 51
5 6 21 67
3 7 37 58
5 6 22 59
5 6 29 69
4 10 28 69
3 6 28 69
4 12 30 68
5 9 28 73
3 9 34 69
3 6 30 56
5 6 30 68
7 5 5 90
1 5 6 4
4 5 6 4
3 6 10 3
4 9 10 4
2 6 23 2
2 5 6 33
4 5 8 40
2 5 8 42
5 5 9 61
6 5 6 60
6 5 9 65
4 7 19 66
3 9 18 64
4 6 12 62
5 5 9 71
1 5 10 1
1 5 10 24
2 5 10 38
4 5 10 44
3 5 12 26
1 5 12 28
5 5 12 91
3 6 21 91
3 7 23 90
5 6 22 91
4 14 21 88
4 6 22 90
2 5 13 5
1 8 10 4
3 6 14 5
2 6 12 6
4 6 32 6
4 5 13 92
3 5 12 92
5 6 10 94
4 6 14 93
5 6 36 76
6 5 11 96
5 6 8 96
7 11 8 95
3 6 35 90
4 9 34 90
5 9 35 91
5 5 14 75
5 5 17 54
7 5 14 55
6 7 15 53
6 5 13 57
3 5 18 2
2 7 16 2
3 5 16 2
4 5 18 27
2 5 23 6
1 5 23 17
4 6 23 16
4 5 26 57
5 6 26 55
5 5 27 75
4 5 27 92
5 5 27 92
3 10 27 91
4 5 28 76
1 5 32 12
4 6 36 76
5 5 44 95
2 4 1 26
4 4 1 28
2 4 1 30
2 6 6 29
1 4 1 49
1 5 11 48
6 4 1 61
5 8 1 60
4 5 35 63
8 4 1 61
5 7 33 59
7 5 2 61
5 5 8 63
4 6 32 58
5 4 1 86
6 6 2 86
3 6 19 87
8 5 2 86
3 5 24 85
4 5 22 85
3 6 24 86
4 5 24 86
5 9 23 86
3 5 21 85
3 5 23 88
3 4 3 22
1 5 6 20
4 4 3 40
2 4 3 42
4 4 3 44
8 4 3 46
4 4 3 48
8 4 3 57
7 5 6 55
4 5 30 53
3 5 33 55
5 5 33 54
7 4 3 97
6 6 2 97
8 5 2 96
1 4 4 45
6 4 4 50
6 4 4 88
5 7 4 87
1 4 5 1
2 4 5 2
3 6 4 2
2 7 1 2
2 4 5 6
3 8 4 6
2 7 5 6
4 4 5 8
1 7 4 8
4 10 1 8
1 8 4 8
4 6 2 8
1 6 2 8
4 5 2 8
1 5 2 8
8 5 16 5
2 4 5 10
3 7 4 10
2 10 1 10
3 8 4 10
2 6 2 10
3 6 2 10
2 5 2 10
3 5 2 10
4 4 5 12
1 7 4 12
4 10 1 12
1 8 4 12
4 6 2 12
1 6 2 12
4 5 2 12
1 5 2 12
2 4 5 14
3 7 4 14
2 9 1 14
3 8 5 14
2 6 3 14
3 6 3 14
2 4 3 14
3 5 3 14
2 5 7 14
4 5 16 84
5 5 16 84
4 7 16 84
4 4 5 16
1 7 4 16
4 10 1 16
1 8 5 16
2 5 1 18
4 7 3 16
1 6 3 16
3 4 1 18
2 4 5 38
5 4 5 55
6 4 5 70
1 5 9 19
6 4 5 78
7 5 5 77
3 5 8 77
6 5 9 71
4 6 10 73
4 7 25 69
3 5 9 72
3 6 12 72
4 8 11 72
5 6 19 71
3 5 20 72
6 4 2 78
5 11 2 76
6 8 2 74
5 8 14 77
3 5 11 79
4 6 11 79
7 4 1 74
5 5 8 74
3 5 14 73
7 4 5 76
6 4 5 75
3 4 6 7
2 4 6 10
3 4 6 19
4 4 6 27
4 4 6 28
1 4 6 28
6 4 6 28
3 4 6 29
4 4 6 36
4 4 6 78
3 4 7 7
2 4 7 6
3 4 7 14
1 4 7 16
8 4 7 33
8 4 7 65
4 6 6 66
4 6 12 63
5 6 12 64
5 8 32 63
3 4 7 69
4 5 7 69
3 5 17 69
3 4 7 73
6 4 7 85
1 4 8 4
2 4 8 17
2 5 14 17
2 4 8 26
8 5 14 25
4 4 8 32
2 4 8 34
3 4 8 62
3 8 19 60
4 7 32 64
5 5 18 68
5 5 20 65
7 4 8 71
3 5 18 70
5 5 20 70
5 4 8 84
7 4 8 88
2 4 9 26
4 4 9 36
6 4 9 40
6 4 9 42
5 4 9 54
6 4 10 12
4 4 10 24
5 4 10 87
3 4 11 22
4 4 11 24
6 4 11 24
6 4 11 44
6 4 12 2
4 4 12 19
1 4 10 20
3 4 11 18
3 4 12 18
8 4 13 23
5 4 13 52
1 4 14 1
6 4 14 36
5 4 14 64
4 8 20 62
3 4 14 64
4 7 14 63
5 5 21 63
4 6 21 62
3 7 22 61
5 4 14 93
3 5 18 92
4 9 23 92
5 10 23 90
3 7 21 94
4 5 19 94
5 8 19 93
3 4 14 92
4 5 19 91
3 4 16 3
6 4 16 18
2 4 16 22
8 4 16 49
4 4 18 53
5 5 18 52
4 4 17 52
4 5 20 53
5 5 20 59
4 6 21 55
5 4 18 91
5 4 19 55
3 7 21 53
3 4 19 53
5 4 19 55
4 4 19 59
3 4 17 60
3 4 19 63
5 4 19 83
4 4 18 83
3 4 16 82
4 6 22 82
5 5 22 83
3 6 23 81
5 5 19 81
4 9 17 81
3 7 19 82
5 4 17 84
3 4 16 85
4 4 20 54
3 4 24 67
3 4 26 95
4 4 25 96
3 4 26 96
4 5 26 96
5 5 26 97
3 4 24 98
4 4 27 52
3 4 27 76
4 4 29 52
6 4 30 100
1 3 1 1
3 3 1 3
3 4 10 2
4 3 1 4
1 5 1 4
2 3 1 6
3 4 2 6
1 3 1 21
1 5 12 20
4 4 10 20
8 4 11 19
2 3 1 22
2 4 8 21
5 3 1 55
5 4 21 53
5 5 24 55
7 3 1 58
6 7 3 58
3 5 11 59
4 7 11 58
5 7 10 59
3 4 10 56
5 4 16 59
4 6 15 58
3 6 15 58
5 3 1 60
4 4 14 60
3 4 19 61
8 3 1 59
4 4 1 59
7 3 1 60
4 7 4 58
4 4 7 62
4 4 13 61
5 4 13 58
3 5 13 59
6 3 1 69
8 4 1 69
7 3 1 71
5 3 1 70
8 3 1 91
5 4 1 90
4 4 19 92
5 3 1 96
5 4 4 98
6 5 2 97
5 6 8 96
3 5 7 95
7 4 3 99
4 5 7 96
5 5 6 96
3 5 6 96
6 4 6 98
6 5 7 94
3 7 8 93
4 6 8 91
5 4 12 98
4 5 12 96
8 3 2 5
4 3 2 20
6 3 2 20
4 3 2 24
5 3 2 57
7 5 2 56
6 5 3 55
8 6 1 55
4 4 22 56
3 6 21 55
5 7 21 55
6 3 1 57
4 4 17 56
3 7 17 54
5 3 2 76
8 3 2 75
5 4 12 73
5 3 2 74
5 4 3 72
4 4 10 75
5 4 12 76
7 3 2 84
7 5 4 84
8 4 4 83
3 4 6 86
8 3 1 84
6 3 2 91
1 3 3 49
8 6 1 49
5 3 3 62
8 4 8 61
8 3 3 72
6 3 1 72
7 3 1 70
3 3 2 70
5 4 5 71
6 3 2 71
3 3 3 70
5 4 4 68
8 3 1 71
5 3 3 79
4 4 1 80
7 3 3 90
5 5 3 90
6 4 3 89
7 6 3 90
4 4 7 89
3 3 4 23
3 5 8 21
2 3 4 46
4 3 4 48
3 3 4 61
8 4 3 63
7 3 4 81
6 3 4 83
4 3 3 82
5 4 5 80
3 5 3 80
7 3 4 83
3 3 4 89
4 3 5 16
2 3 5 18
1 4 7 16
6 3 5 20
2 3 5 21
3 3 5 27
3 4 8 26
8 3 5 31
1 3 5 49
6 3 5 52
5 4 16 52
8 4 16 51
3 4 15 51
5 4 22 52
5 3 3 52
7 5 4 52
5 5 5 53
3 4 16 51
8 4 14 51
8 4 16 53
4 3 5 59
8 3 5 94
4 3 6 12
2 3 6 25
1 4 7 24
3 3 6 35
3 4 11 34
8 3 4 35
3 4 5 34
6 3 6 52
4 4 6 52
1 3 7 1
4 3 6 1
1 3 7 25
8 3 7 27
7 3 7 25
6 4 6 26
7 3 7 41
6 3 7 48
8 3 7 87
5 3 7 95
4 4 8 95
2 3 8 30
2 3 8 34
7 3 8 53
5 3 8 96
6 3 8 98
3 4 8 96
8 3 7 97
7 3 9 4
4 3 9 15
3 5 9 14
2 5 7 14
1 4 10 16
4 5 9 16
6 3 7 14
3 3 7 14
1 3 8 16
5 3 9 63
5 3 9 95
3 4 9 95
4 4 9 95
5 3 9 99
4 3 10 35
8 5 8 35
8 3 10 45
4 3 10 69
8 3 9 69
3 3 10 70
4 3 10 78
3 3 10 79
8 3 11 17
5 3 11 52
4 3 10 52
3 4 13 51
8 3 12 3
6 3 12 34
5 3 12 43
8 3 12 54
3 4 11 54
6 3 9 54
5 5 9 53
4 5 9 54
3 3 10 54
4 4 10 53
3 3 12 76
8 3 13 13
4 3 13 96
8 3 14 1
3 3 14 67
3 4 16 66
5 4 19 67
3 3 14 93
5 3 14 92
8 3 15 51
4 3 15 97
5 3 15 97
3 5 15 97
5 3 13 97
4 3 18 65
4 3 18 81
5 3 20 76
3 3 20 76
4 3 43 99
8 3 46 51
4 2 1 1
8 3 1 1
1 2 1 1
2 2 1 2
2 3 3 2
8 3 6 3
6 2 1 2
3 2 1 3
6 2 1 4
4 3 2 4
6 2 1 6
8 2 1 7
8 3 7 7
3 2 1 7
6 2 1 8
4 3 1 8
8 3 2 8
1 3 4 8
4 4 2 8
1 2 1 9
7 3 4 7
6 4 2 8
6 2 1 10
2 3 1 10
8 2 1 11
3 2 1 11
6 2 1 12
4 3 1 12
8 2 1 13
1 3 2 12
8 2 1 17
3 3 6 17
1 2 1 17
2 2 1 18
8 3 1 18
4 3 3 19
6 2 1 18
2 3 3 18
3 2 1 19
8 2 1 21
8 3 6 21
7 3 5 21
6 4 3 22
8 2 1 23
2 2 1 24
8 2 1 39
6 2 1 46
4 2 1 45
7 3 2 45
8 3 6 47
8 2 1 45
6 2 1 46
2 2 1 47
6 2 1 48
1 2 1 49
8 2 1 49
7 2 1 49
6 3 2 48
6 2 1 50
6 3 7 51
7 2 1 52
5 3 13 50
3 3 14 49
8 3 12 49
4 2 1 54
3 3 11 54
5 2 1 55
6 2 1 55
5 3 5 53
3 4 5 51
4 4 12 50
4 3 8 55
7 2 1 54
8 2 1 63
5 3 1 63
3 5 17 62
5 3 12 64
5 3 15 62
6 2 1 64
8 2 1 65
6 3 3 65
5 3 8 66
6 3 6 66
4 3 8 66
4 2 1 69
5 2 1 68
4 3 3 69
3 3 4 67
4 2 1 68
8 2 1 72
4 3 5 70
7 2 1 73
6 4 6 74
5 3 8 75
3 2 1 77
6 3 3 78
5 3 4 80
8 3 2 80
7 2 1 80
4 2 1 80
3 2 1 80
6 2 1 82
7 2 1 86
5 2 1 92
7 3 2 92
7 2 1 96
6 3 2 97
4 3 6 94
5 3 5 96
1 2 2 1
4 2 2 1
8 3 1 1
3 2 2 3
6 2 2 4
4 2 2 3
5 3 4 3
2 2 2 2
6 2 2 10
7 2 1 10
4 2 2 10
6 2 1 10
8 2 1 9
3 2 1 10
8 3 2 9
1 2 2 12
4 2 2 11
6 2 2 13
2 4 2 13
8 3 1 14
4 3 8 14
2 2 1 14
8 2 2 14
5 2 2 14
3 2 1 14
6 2 1 15
3 2 1 15
7 3 2 13
4 2 1 15
3 3 5 15
6 3 3 15
8 2 2 22
1 2 1 22
6 2 2 23
8 2 2 24
8 2 2 26
8 2 2 28
8 2 2 30
8 2 2 32
2 2 2 36
7 3 8 34
8 4 6 36
8 2 2 40
8 2 2 42
6 2 2 45
3 2 2 48
3 3 9 48
8 3 8 48
5 3 13 49
3 4 13 49
4 3 12 49
5 3 11 49
8 2 1 48
8 2 2 50
5 3 5 50
5 2 1 50
5 2 2 60
3 2 2 59
3 2 2 64
3 3 14 64
4 2 1 64
8 3 4 64
5 2 1 64
5 3 8 64
4 2 2 64
4 2 2 74
8 2 2 76
4 3 2 76
6 2 2 81
5 3 3 79
4 3 7 80
3 2 2 80
5 3 6 80
3 4 5 80
8 2 1 80
4 2 1 81
6 2 1 81
5 3 4 79
5 2 2 80
3 2 1 81
5 2 2 85
8 4 2 84
5 3 7 85
8 4 5 87
3 3 12 85
3 4 13 85
4 2 1 86
5 3 8 86
8 2 2 88
7 2 3 5
6 3 2 6
3 2 2 6
3 3 3 5
8 2 1 7
7 3 1 6
5 2 2 7
7 2 3 17
6 2 3 24
6 2 3 26
2 2 3 30
4 2 2 30
1 2 3 31
8 2 3 35
1 2 2 35
5 2 2 35
7 2 3 45
6 2 3 53
5 3 6 54
3 3 6 53
8 3 4 53
7 2 2 53
4 3 5 53
8 2 3 57
5 4 3 56
6 3 2 58
7 2 3 61
3 3 4 61
7 3 4 63
6 3 2 64
5 3 7 60
8 2 3 65
6 2 3 66
5 2 3 68
8 3 2 69
6 2 2 68
3 2 2 69
4 2 3 70
6 2 2 70
3 2 2 71
8 4 3 71
4 3 6 73
7 2 3 71
5 3 2 72
8 3 5 72
7 2 3 82
8 2 3 81
4 3 3 80
5 3 5 81
6 4 3 83
3 2 2 82
4 3 1 82
3 2 3 79
5 2 3 86
4 2 3 87
8 3 4 88
4 2 3 93
8 2 4 9
7 3 4 8
6 2 4 20
1 2 4 27
8 2 3 27
7 2 3 26
8 2 3 27
7 2 4 37
8 2 4 47
3 3 3 47
8 2 2 47
3 2 1 47
8 2 4 50
6 2 3 50
3 2 3 50
5 3 4 49
3 3 4 49
4 3 3 49
6 2 4 52
5 2 4 56
6 2 3 56
5 2 4 59
4 2 4 61
8 2 3 61
5 2 3 62
8 2 4 61
3 2 4 60
6 2 3 60
3 2 3 59
6 2 4 83
5 2 4 88
6 2 4 89
3 3 3 89
3 3 5 89
4 3 9 90
3 3 8 91
5 3 7 91
4 2 2 89
6 3 1 89
4 2 4 88
5 2 4 89
6 3 4 90
5 3 5 88
3 3 5 91
8 2 4 88
4 2 5 38
2 2 5 40
3 2 5 39
7 2 5 43
8 2 5 47
3 2 4 47
6 3 9 47
8 2 3 47
3 2 2 47
8 2 1 47
8 2 2 47
6 2 2 47
6 2 3 47
8 2 2 47
8 2 5 55
6 2 5 62
4 3 5 61
5 2 5 60
3 3 4 60
5 2 5 74
3 2 5 86
6 3 4 87
5 3 4 86
4 2 4 85
4 3 6 84
8 3 5 84
8 2 5 93
7 2 6 29
5 2 5 29
3 2 6 33
2 2 6 36
8 2 6 41
6 2 6 47
8 2 5 47
6 3 4 47
4 3 5 48
8 2 3 47
6 2 2 47
5 2 4 48
3 2 4 48
4 2 3 48
5 2 2 48
3 2 2 48
7 2 2 49
8 2 6 47
6 2 5 47
8 2 4 47
6 2 3 47
8 2 2 47
3 2 6 73
6 2 5 74
3 2 6 83
6 2 6 85
4 2 7 42
4 2 7 55
4 2 7 88
7 2 7 94
6 2 8 36
4 2 8 42
8 2 8 93
4 2 7 93
3 2 6 93
5 2 7 93
7 2 7 94
6 2 6 94
7 2 8 94
2 2 9 28
4 2 9 30
5 2 9 73
4 2 10 30
7 2 10 32
4 2 10 75
3 2 10 93
4 2 10 93
5 3 9 93
4 2 12 53
5 2 11 53
6 2 13 28
5 2 15 77
5 2 17 30
6 2 16 30
