16456
2168
1 12 11 308
1 14 14 434
1 11 3 284
1 11 10 147
1 12 14 310
2 11 16 155
1 10 11 495
1 10 16 187
4 10 16 197
2 9 1 9
1 9 8 182
1 9 12 194
1 9 13 364
2 9 14 440
1 9 16 287
1 11 17 404
1 8 3 189
2 8 4 395
2 8 5 99
1 8 4 98
1 8 6 401
1 8 7 337
1 8 8 476
2 8 8 495
1 8 10 260
2 9 10 263
2 7 1 3
2 7 1 142
1 7 1 426
1 7 3 457
2 7 4 232
1 10 2 233
1 11 17 230
2 7 5 329
4 7 7 203
1 7 7 436
5 7 8 313
3 7 10 175
1 7 10 289
1 7 10 389
1 7 11 168
2 7 11 232
1 7 11 318
1 7 13 292
2 7 13 466
1 7 16 24
1 7 16 183
2 6 1 71
1 6 1 193
1 6 1 340
1 6 2 162
1 6 2 414
2 6 3 387
1 8 1 388
2 6 4 251
1 6 5 37
1 6 5 191
1 6 5 326
1 6 5 381
1 6 6 121
1 7 11 117
2 6 6 134
2 8 10 132
1 6 6 301
1 7 8 303
1 8 14 304
2 6 7 124
2 6 7 306
4 7 9 304
3 6 7 403
3 6 8 3
1 6 8 344
1 6 8 385
3 6 9 153
1 6 9 199
1 7 12 199
3 6 9 268
2 6 9 317
1 6 11 216
2 6 11 353
4 6 12 85
1 6 12 107
4 7 15 110
3 6 13 11
1 6 13 218
3 6 13 332
2 6 13 459
1 9 13 458
1 6 14 126
1 6 14 169
3 6 14 212
1 6 14 345
2 6 14 471
3 6 15 152
2 7 15 150
1 6 15 243
1 6 15 426
1 6 15 470
2 6 16 80
1 6 16 178
2 6 16 372
1 7 17 368
3 6 17 160
2 7 13 160
1 6 17 213
4 6 18 15
1 5 1 93
1 9 5 92
1 6 12 94
2 5 1 104
2 5 1 216
2 6 7 214
2 6 13 212
2 5 1 302
5 5 1 334
1 8 2 334
1 5 1 363
4 6 11 364
2 5 2 98
2 6 6 96
2 5 2 223
3 6 8 225
2 5 2 276
2 5 2 332
4 5 2 462
1 5 3 9
1 5 3 17
3 5 2 18
2 5 3 24
1 6 2 24
2 5 3 124
4 5 3 185
2 6 2 186
5 5 3 208
3 5 3 246
4 5 3 295
2 7 16 295
2 5 3 397
2 5 3 410
3 5 1 412
1 5 4 152
2 5 4 155
2 5 4 184
3 5 4 186
1 5 4 274
1 5 4 412
2 6 3 413
3 5 4 456
2 5 4 472
4 5 1 474
1 6 2 473
3 8 3 472
3 5 4 491
3 5 5 7
3 5 5 51
2 5 5 50
3 5 5 60
1 5 5 85
3 6 1 85
3 5 5 125
1 5 4 127
2 5 5 381
4 5 5 423
2 5 5 424
3 5 5 482
2 7 14 483
1 5 6 106
1 5 6 262
3 5 6 315
1 5 4 315
3 5 6 360
1 5 6 413
4 5 7 402
2 5 7 436
1 5 8 71
2 5 8 73
1 5 8 167
2 5 8 199
3 7 8 199
3 5 8 273
2 5 8 289
2 5 8 317
4 5 8 449
2 5 9 181
1 6 10 182
1 5 9 271
2 6 7 273
5 6 8 270
4 5 9 292
2 11 9 292
3 5 9 324
1 5 9 353
2 5 10 31
2 5 10 58
1 6 14 59
3 5 10 439
1 5 11 142
3 5 11 244
3 5 11 420
3 6 16 416
2 5 12 68
1 5 12 68
4 7 12 67
2 5 12 119
2 5 12 269
3 5 12 276
2 5 12 345
2 5 12 418
3 5 8 418
1 5 9 419
2 5 12 476
2 5 13 13
4 5 11 14
3 5 11 16
2 6 8 18
2 5 13 74
3 5 13 172
1 5 13 207
1 5 13 247
1 5 13 251
6 5 14 277
1 5 15 37
3 5 13 38
3 5 15 109
1 5 14 112
3 5 15 489
1 5 16 32
2 5 17 33
3 6 15 34
4 5 17 42
3 5 17 65
2 5 17 131
4 5 17 282
5 4 1 52
1 6 10 52
4 4 1 53
2 4 1 90
4 6 6 93
1 4 1 134
1 6 6 131
1 5 9 130
3 4 1 261
4 4 1 274
2 5 9 272
1 5 12 275
1 4 1 273
1 4 1 329
2 5 10 327
1 7 11 327
1 4 1 358
2 4 1 483
1 4 2 48
1 5 16 46
4 4 1 49
3 4 2 119
2 5 6 117
1 4 2 157
2 4 2 177
1 5 1 176
1 6 4 174
4 5 9 178
4 4 2 213
2 4 2 385
5 4 3 126
1 5 4 125
4 5 6 126
3 4 3 124
1 4 3 146
4 5 9 147
1 7 15 144
2 4 3 164
5 4 3 182
2 4 3 216
5 5 4 215
2 4 3 224
1 6 3 225
2 6 8 226
3 4 1 224
4 4 1 225
4 4 3 232
3 4 3 239
2 5 2 238
5 5 1 240
2 5 6 240
3 4 3 450
3 6 11 451
1 4 4 76
4 4 2 77
1 4 4 80
6 4 4 114
3 4 4 150
1 5 13 151
1 4 4 178
2 6 4 176
2 4 4 197
6 4 4 198
2 6 2 197
1 5 1 196
1 4 4 254
3 5 3 254
2 5 4 254
2 7 6 253
2 6 11 255
5 4 3 253
4 7 2 252
1 9 3 251
4 5 8 255
1 4 4 365
2 4 4 401
1 4 4 425
3 4 4 441
1 4 5 5
2 4 5 60
2 4 5 78
4 6 13 75
1 4 5 117
4 5 5 118
3 4 5 138
2 4 5 137
3 7 11 138
3 4 5 166
1 5 5 165
3 4 5 165
3 4 5 312
2 4 5 318
2 4 5 325
2 5 9 323
3 5 12 323
2 5 12 327
2 5 14 321
4 4 4 326
2 4 4 328
2 4 5 365
2 4 5 379
3 4 5 411
5 4 5 413
2 4 5 458
3 6 2 458
4 4 2 457
5 4 5 482
1 6 10 481
1 4 6 11
3 4 6 28
4 4 6 78
1 4 6 241
5 4 6 241
3 4 6 261
3 4 6 270
3 4 6 359
4 4 6 471
2 4 7 191
1 4 7 204
1 4 7 252
4 4 7 298
4 4 7 369
1 4 5 369
2 4 7 373
1 7 15 373
4 5 14 373
1 4 7 400
4 5 10 401
5 4 7 407
3 6 15 407
2 4 7 431
1 4 7 436
2 4 8 37
5 4 8 60
1 4 8 141
2 9 11 141
5 4 8 206
1 4 8 206
1 4 8 333
2 4 8 375
3 4 8 481
1 4 9 36
2 4 9 53
1 4 9 76
6 4 9 298
1 7 7 298
4 4 9 379
3 4 9 434
5 4 9 466
2 4 10 22
1 4 9 22
1 4 10 25
2 4 9 26
3 4 9 26
1 5 8 26
1 4 10 45
1 4 10 65
1 4 10 79
2 4 10 89
3 4 10 91
2 4 10 305
2 4 10 342
2 4 10 401
3 4 9 403
1 4 10 455
1 4 10 465
3 4 10 480
4 4 10 496
3 5 10 494
6 5 8 495
1 4 11 9
1 4 11 15
1 4 11 31
1 4 11 54
1 4 11 103
2 4 11 102
2 4 11 110
4 4 11 110
6 4 11 237
3 4 11 260
1 4 11 279
4 5 11 277
2 5 10 276
3 4 11 278
3 4 11 343
4 4 11 370
3 4 11 385
1 5 13 340
7 4 11 418
4 4 11 465
3 5 14 385
1 4 11 476
2 4 12 27
3 4 11 29
3 4 12 362
2 4 12 373
5 4 12 455
5 4 12 498
5 4 13 170
2 4 13 202
2 4 13 355
3 4 13 442
5 4 12 442
1 5 12 443
2 4 13 491
1 4 12 491
1 5 14 464
4 4 14 71
6 4 14 114
2 5 14 113
4 4 14 172
1 5 12 173
4 4 14 205
3 4 13 204
2 4 15 88
3 4 15 322
2 4 15 479
3 4 14 478
2 4 16 180
3 4 16 257
1 4 16 485
3 4 17 40
2 4 17 46
4 3 1 10
6 3 1 18
4 3 1 40
1 4 4 41
3 6 3 41
2 6 2 41
2 5 3 39
4 4 2 39
1 5 5 40
4 3 1 43
3 3 1 47
4 4 5 48
2 4 8 50
2 4 9 46
4 4 9 51
3 5 11 46
4 4 9 45
4 4 10 48
3 3 1 67
3 3 1 78
4 3 1 102
2 3 1 116
1 3 1 126
3 3 1 162
2 4 5 163
2 4 10 161
1 3 1 202
1 5 4 202
3 4 10 201
5 3 1 232
2 3 1 234
1 3 1 263
2 3 1 306
1 3 1 308
2 3 1 341
1 4 4 343
1 3 1 354
1 3 1 371
5 4 5 370
6 5 8 369
6 3 1 389
3 4 4 388
1 3 1 396
2 5 12 394
4 3 1 396
5 3 1 405
2 4 13 405
3 3 1 427
2 4 1 427
1 4 3 429
3 4 15 430
2 6 15 429
4 3 1 432
6 4 2 430
1 3 1 438
3 4 8 438
1 3 1 451
1 5 11 450
1 3 1 458
5 3 1 491
1 3 1 493
4 3 2 16
5 3 1 15
2 3 1 16
3 6 6 15
5 4 6 17
2 4 7 13
2 4 9 11
3 3 2 38
2 3 2 76
2 3 2 120
1 3 2 123
5 4 1 122
2 3 1 122
3 4 10 121
2 3 2 133
5 4 2 132
3 4 4 134
1 4 3 134
4 4 4 136
1 4 3 137
2 5 5 130
3 4 6 131
2 3 1 131
4 3 1 133
5 3 2 134
3 3 1 133
2 3 2 142
3 4 3 140
5 5 2 141
3 3 2 141
4 3 2 146
2 3 2 151
1 3 2 170
2 3 2 188
2 4 11 187
2 3 2 224
1 4 3 223
1 4 5 224
1 4 10 226
1 3 2 230
1 3 2 249
4 4 2 248
2 4 3 248
3 4 11 249
5 4 10 250
5 3 1 250
4 4 3 250
3 7 5 249
2 3 1 248
6 4 5 247
2 3 2 250
1 3 2 249
3 3 2 275
4 3 2 288
2 5 10 288
6 3 2 326
5 4 2 327
4 4 6 328
6 4 11 331
4 3 2 353
4 3 2 358
3 3 2 371
2 4 2 371
2 3 2 374
1 3 2 383
3 5 4 384
2 3 2 407
5 3 1 407
7 4 2 405
1 4 10 408
2 3 2 415
4 4 11 417
1 6 12 415
2 6 10 416
7 3 2 416
3 4 7 415
2 4 5 415
1 3 2 417
1 3 2 442
1 4 7 443
5 3 2 442
3 3 2 454
2 6 3 453
1 3 2 455
5 4 8 455
1 3 2 476
6 3 2 476
2 3 2 479
1 4 13 478
1 3 2 480
4 4 3 480
1 3 2 497
3 3 1 497
1 4 6 496
2 3 1 498
1 3 1 500
4 4 2 499
3 4 1 499
3 4 10 499
1 3 3 2
3 3 3 17
1 3 3 17
5 3 3 47
1 5 7 46
7 3 3 78
3 3 2 78
1 3 1 78
2 3 3 112
7 4 3 111
4 3 3 112
5 3 3 145
2 3 2 147
2 3 3 144
3 4 9 143
4 3 3 144
3 4 3 144
2 3 3 161
4 4 3 160
4 3 3 193
2 4 5 192
3 4 5 193
4 5 5 190
5 4 5 191
6 3 3 200
2 4 4 200
4 3 3 201
7 4 2 202
4 3 3 210
1 6 3 209
2 4 2 211
1 4 1 211
3 5 2 212
5 4 7 210
4 3 1 212
3 3 3 231
1 3 3 232
5 3 3 259
2 3 3 263
1 3 2 265
3 3 3 268
1 5 7 267
1 3 1 268
1 3 2 268
5 3 1 267
3 4 7 266
1 5 6 265
1 4 8 267
3 3 2 267
2 4 1 266
4 3 2 267
4 3 3 270
2 3 3 286
2 5 4 284
3 4 6 287
2 5 7 283
5 3 2 284
2 3 3 303
5 4 3 302
3 4 3 303
6 3 3 302
3 4 10 301
2 3 3 313
4 3 3 316
5 5 5 316
6 3 3 331
5 3 2 331
3 4 5 330
4 4 2 332
2 3 1 331
4 3 3 350
3 5 15 349
1 3 2 350
3 4 9 351
2 3 1 351
5 3 1 350
6 3 3 349
2 3 3 385
3 3 3 399
4 3 3 412
3 3 3 442
2 3 3 440
4 3 1 442
1 3 2 440
5 4 3 438
5 4 7 437
4 3 3 448
2 4 6 446
5 4 6 446
1 4 14 448
5 3 3 460
2 5 14 461
3 3 4 2
2 3 4 2
3 3 4 5
3 3 4 19
1 3 4 50
6 3 2 50
4 6 2 49
3 3 1 51
2 3 4 58
5 3 4 63
2 6 6 64
2 4 4 62
2 5 8 62
4 5 11 64
1 3 4 67
4 3 4 71
6 4 10 71
3 3 3 71
2 3 2 71
4 4 3 70
3 3 4 89
6 3 4 91
4 3 3 90
4 4 8 88
5 3 4 117
1 3 4 207
3 4 7 205
2 5 6 206
2 3 4 244
2 3 4 267
2 3 4 281
5 4 11 281
6 3 4 308
3 4 8 307
5 3 2 308
1 3 4 330
3 3 3 329
5 3 4 329
1 3 4 375
3 6 9 374
4 3 3 375
3 3 4 375
2 3 3 376
5 4 3 376
1 4 8 377
4 3 1 378
4 3 4 407
4 3 4 410
4 3 4 434
1 3 3 435
1 3 4 448
4 4 9 449
2 6 9 449
1 4 9 450
3 4 7 452
6 3 4 463
4 3 4 480
3 3 5 11
4 3 5 39
1 3 5 39
2 3 5 39
1 3 5 80
4 3 4 81
2 4 3 81
6 5 3 80
1 3 5 82
4 4 4 83
1 3 5 141
3 5 5 140
1 3 5 165
3 6 10 164
1 4 12 166
3 3 5 181
4 4 9 182
3 4 9 181
4 3 5 196
5 4 6 196
1 4 4 196
2 3 5 201
1 3 5 234
3 4 5 235
1 3 5 242
2 4 5 242
3 4 5 241
5 3 5 277
1 3 5 315
1 3 5 381
5 6 3 381
3 3 5 397
2 3 5 453
1 3 5 460
4 4 11 460
4 3 5 476
3 6 5 474
2 3 5 490
1 4 10 491
1 3 5 490
6 3 6 32
1 3 6 32
2 4 5 32
5 3 6 40
4 3 6 52
2 3 6 53
2 3 6 67
1 3 6 72
5 3 6 81
3 4 6 81
1 3 6 91
4 3 6 103
6 3 6 125
2 3 6 124
5 3 4 124
2 3 6 130
5 3 6 193
4 3 6 205
3 3 6 225
3 3 6 240
7 3 6 240
4 3 6 242
5 3 6 276
3 3 6 281
5 4 13 280
2 3 6 304
1 3 6 309
3 4 4 310
4 3 6 313
3 3 6 319
6 3 6 322
2 3 6 363
4 3 6 367
2 3 6 382
6 3 6 396
4 4 4 397
3 3 6 415
4 3 5 416
4 3 6 423
3 3 5 423
1 3 6 425
2 3 6 427
3 3 6 427
3 3 6 498
3 3 7 12
5 3 7 34
3 3 7 54
5 3 7 58
2 3 7 100
5 3 7 149
3 5 12 148
2 3 7 182
3 3 7 263
4 3 7 282
1 4 6 283
1 3 7 330
3 3 7 340
3 3 7 356
5 4 7 356
1 5 7 357
2 5 6 356
3 6 7 357
5 3 7 360
4 4 7 359
1 4 9 361
2 3 7 359
1 3 7 390
6 3 7 390
1 3 7 413
1 3 7 421
4 4 7 420
4 5 9 420
1 4 9 421
3 4 8 423
2 4 6 424
6 3 7 425
1 3 7 452
2 3 7 484
3 3 8 10
2 3 8 28
4 4 8 29
2 3 8 34
5 3 8 85
1 3 7 85
2 3 7 84
3 5 4 85
2 3 8 91
2 3 8 122
1 3 7 122
4 3 8 188
3 3 7 189
2 3 8 226
2 3 8 279
2 3 8 283
1 3 8 287
4 3 8 289
5 3 8 291
3 3 8 295
3 3 8 346
6 4 10 347
3 4 10 348
6 3 8 361
2 3 8 365
1 5 9 366
1 3 8 380
6 3 8 388
2 5 9 387
1 4 10 386
6 3 8 390
2 3 8 391
2 4 13 392
4 3 8 409
2 4 10 408
2 3 7 408
2 3 7 411
2 3 8 422
3 3 8 429
1 5 8 428
5 4 6 430
7 3 8 479
2 3 8 494
6 3 9 19
3 3 9 24
6 3 9 24
4 3 9 54
3 3 8 55
1 3 9 55
1 3 9 61
1 3 9 64
1 3 9 82
2 3 9 116
1 3 9 118
1 3 9 153
1 3 9 159
2 3 9 165
3 3 9 170
3 3 9 176
2 4 8 175
1 6 9 174
5 3 8 176
1 3 9 222
2 3 9 235
1 4 8 235
3 3 9 237
3 3 9 269
1 3 9 306
5 3 9 346
4 4 11 347
1 4 10 348
4 3 9 356
1 3 9 471
3 3 9 494
4 3 10 5
4 3 10 67
6 3 10 89
3 3 10 92
2 3 10 102
4 3 9 103
4 3 10 147
2 3 10 173
5 3 10 230
2 3 10 259
1 4 10 258
2 3 10 356
1 3 10 447
1 3 10 485
3 3 9 485
6 3 10 486
4 3 11 59
3 3 11 68
3 3 11 73
3 3 11 99
1 3 11 114
3 3 11 129
4 3 10 128
3 3 11 217
1 3 11 220
3 3 11 229
4 3 11 228
3 3 11 228
3 3 11 237
2 4 15 238
3 3 11 271
3 3 11 337
1 3 11 362
2 3 11 365
4 3 11 379
1 4 11 379
2 4 10 380
1 3 11 392
5 3 11 462
5 3 12 56
4 3 11 56
3 3 12 96
4 3 12 110
2 3 12 219
6 3 12 246
5 3 10 246
6 3 12 321
5 4 12 320
2 4 10 322
1 3 12 324
5 3 12 335
3 3 13 36
6 3 13 136
2 3 13 223
1 3 13 222
5 3 14 22
1 3 14 21
1 3 14 139
2 3 14 368
4 3 12 368
1 3 15 229
3 3 15 300
5 3 16 433
3 3 17 488
2 4 16 487
3 2 1 11
2 3 7 10
1 3 6 9
5 2 1 11
2 2 1 14
4 3 2 13
1 4 1 13
3 2 1 12
6 3 4 10
1 2 1 19
5 4 11 20
5 3 9 20
4 3 10 21
8 2 1 24
6 2 1 28
3 3 2 29
4 3 1 29
5 3 2 28
4 3 2 30
1 4 1 29
5 3 1 30
1 3 1 30
3 3 2 27
6 3 3 27
5 3 5 26
7 3 6 30
3 3 5 30
2 2 1 28
2 2 1 32
3 3 1 31
5 3 3 31
4 2 1 30
6 2 1 31
1 2 1 33
1 3 6 33
3 5 5 34
4 3 9 35
2 2 1 38
1 2 1 42
4 3 5 41
1 2 1 45
5 2 1 44
1 2 1 48
7 2 1 51
6 2 1 56
4 2 1 59
3 5 5 58
2 3 6 59
6 2 1 63
1 3 1 63
3 3 3 63
1 3 2 63
5 3 4 62
3 2 1 74
1 3 4 72
2 3 11 73
1 3 10 73
1 2 1 73
5 2 1 72
4 2 1 74
6 3 4 74
5 3 4 74
5 2 1 74
1 3 7 75
1 2 1 81
4 3 4 80
3 2 1 80
5 2 1 80
2 3 2 80
4 2 1 83
6 2 1 85
2 3 11 86
1 3 10 86
4 2 1 86
3 2 1 95
2 3 6 95
4 3 9 96
5 2 1 96
6 2 1 99
3 4 9 99
3 2 1 103
2 3 6 103
2 4 13 103
3 3 6 102
1 3 11 104
5 3 11 104
2 3 9 105
6 2 1 105
3 2 1 105
2 2 1 109
2 3 8 109
3 3 7 109
6 3 6 110
3 3 5 110
6 2 1 117
2 2 1 117
1 2 1 119
5 2 1 131
4 3 1 131
6 5 1 130
4 3 4 129
2 4 10 128
1 3 7 128
3 2 1 129
2 3 1 130
5 3 1 130
4 3 4 129
1 3 5 129
7 2 1 129
5 3 3 128
4 4 8 126
5 3 5 126
1 3 6 126
4 2 1 135
3 3 3 134
1 5 5 133
2 3 7 134
1 2 1 141
5 3 4 140
5 2 1 141
1 2 1 141
2 2 1 147
1 3 8 148
7 2 1 146
1 2 1 150
2 2 1 151
3 3 4 152
3 3 6 153
1 4 4 154
2 4 7 154
7 3 7 155
5 4 9 154
7 2 1 156
1 4 3 155
5 4 3 153
4 3 3 156
3 4 4 156
4 3 6 157
6 5 7 157
1 4 8 157
4 3 8 159
2 2 1 170
1 3 2 171
3 3 3 168
1 3 5 173
4 3 6 172
6 2 1 174
1 2 1 185
3 3 5 185
3 2 1 186
6 2 1 190
2 3 1 191
2 4 3 191
7 2 1 190
3 2 1 190
3 3 5 189
4 3 6 189
1 2 1 191
3 4 2 192
7 3 1 191
6 4 1 190
4 2 1 189
2 2 1 188
5 2 1 192
4 3 1 192
7 2 1 194
2 2 1 199
3 2 1 200
1 3 8 199
3 2 1 206
4 3 10 206
5 2 1 216
6 3 2 216
3 4 4 215
3 3 13 217
1 2 1 216
4 2 1 217
5 3 3 215
6 3 2 216
7 3 2 215
3 3 10 218
8 2 1 218
2 3 7 217
6 3 6 218
7 3 6 217
5 2 1 219
4 2 1 226
4 2 1 231
3 3 2 232
2 3 7 231
4 2 1 237
6 2 1 245
5 2 1 244
3 4 4 242
5 3 3 242
2 3 7 243
2 2 1 252
1 3 2 252
3 2 1 251
6 2 1 269
4 3 1 268
3 2 1 269
1 3 4 268
2 4 3 268
5 2 1 270
3 2 1 279
2 3 1 278
4 4 1 278
3 4 2 279
8 2 1 281
3 2 1 282
3 2 1 296
2 3 7 294
1 3 12 295
1 2 1 308
6 4 9 309
6 3 5 309
1 3 2 310
2 3 1 310
6 3 5 311
3 2 1 314
1 3 8 314
4 2 1 323
3 4 2 322
1 3 9 320
3 2 1 324
1 3 2 322
5 2 1 323
2 2 1 324
6 2 1 325
4 2 1 342
3 2 1 342
3 2 1 352
1 6 7 350
7 3 10 354
1 2 1 351
5 2 1 353
2 2 1 356
4 4 2 357
3 4 1 357
1 4 3 355
6 3 1 355
2 4 1 356
4 4 3 355
5 3 1 355
5 3 6 358
2 4 5 358
2 2 1 360
1 2 1 363
3 2 1 364
6 2 1 363
3 3 8 361
5 2 1 366
3 2 1 367
1 4 3 365
7 3 1 368
1 2 1 366
6 2 1 370
2 3 3 370
7 3 5 372
5 4 6 373
1 2 1 369
3 2 1 388
5 3 7 388
1 3 12 388
4 3 12 387
1 2 1 391
3 3 1 390
6 2 1 403
1 2 1 402
6 3 5 403
5 2 1 404
1 3 4 403
4 3 5 403
1 3 5 401
3 2 1 404
5 2 1 404
4 2 1 409
3 2 1 410
4 3 1 411
3 2 1 414
4 2 1 415
3 2 1 422
6 2 1 422
1 3 2 421
5 2 1 423
3 2 1 423
2 3 1 423
3 2 1 424
1 3 1 423
7 3 1 422
5 2 1 423
7 2 1 426
3 3 5 425
3 2 1 426
7 3 6 426
5 2 1 425
4 2 1 424
1 2 1 424
1 2 1 426
1 2 1 428
5 2 1 428
2 2 1 432
3 2 1 431
6 2 1 431
2 3 4 432
1 3 3 433
1 2 1 438
2 2 1 437
5 3 9 437
2 3 8 439
5 3 12 439
3 2 1 444
3 3 4 445
5 3 2 447
6 3 2 446
4 3 3 445
1 2 1 444
6 2 1 444
5 3 3 443
1 2 1 446
7 2 1 445
4 2 1 448
2 2 1 449
5 3 1 449
6 3 2 450
3 4 8 452
4 2 1 449
1 2 1 449
2 3 1 450
3 2 1 448
4 2 1 448
5 2 1 452
2 2 1 456
4 2 1 456
3 3 2 457
1 3 1 457
3 4 3 457
3 2 1 474
1 2 1 474
2 3 4 473
1 4 7 474
5 3 5 473
6 2 1 480
3 2 1 479
4 2 1 478
5 2 1 479
1 3 2 480
5 3 6 478
2 3 12 481
3 2 1 482
5 2 2 2
4 4 3 1
1 4 8 2
5 3 3 2
3 4 1 2
1 2 2 3
3 2 2 3
4 2 2 4
3 2 2 15
2 2 2 18
4 3 1 18
1 2 2 19
7 2 2 26
2 3 6 24
3 3 5 24
4 3 5 23
2 2 2 29
5 2 2 44
1 3 5 44
2 2 1 44
6 2 2 50
3 3 1 50
1 2 1 50
2 2 2 66
1 2 2 67
2 3 9 66
6 2 2 68
5 2 2 70
2 2 2 89
7 2 2 90
6 4 7 90
2 2 2 102
4 2 2 122
3 2 1 122
4 2 2 124
7 2 2 126
6 2 2 135
4 2 2 136
5 2 2 135
4 2 2 152
3 3 2 152
1 3 2 151
2 3 1 152
7 3 3 150
4 3 3 151
2 3 4 149
6 2 2 175
1 3 10 176
1 2 1 176
2 2 2 176
2 3 4 177
3 3 7 179
6 3 5 179
4 2 2 175
6 2 1 176
4 3 4 176
2 2 2 174
4 2 1 174
2 2 2 187
5 4 2 186
3 2 1 186
2 2 2 197
1 2 2 201
4 3 2 202
2 3 9 200
2 2 2 201
3 3 2 200
5 2 1 200
2 2 1 201
1 3 1 200
2 3 3 198
1 2 2 204
2 2 2 203
7 3 1 203
4 2 2 209
1 4 1 209
2 3 11 210
7 2 2 211
3 4 2 210
2 2 2 215
3 2 2 214
2 3 2 213
4 3 1 213
5 3 3 213
5 2 1 212
6 3 3 212
3 2 2 212
1 2 2 221
2 3 3 221
1 3 3 221
3 4 4 221
1 3 3 222
1 4 6 222
2 4 5 223
2 3 2 223
5 2 2 220
5 2 2 223
1 2 2 234
4 2 2 233
5 2 2 237
3 2 2 245
7 2 1 246
4 2 2 246
6 2 2 248
4 2 2 256
5 3 4 256
6 3 2 256
2 4 2 255
1 3 10 254
3 2 1 256
7 2 1 256
5 2 1 256
2 3 8 255
2 4 9 254
5 3 8 253
2 2 2 257
6 3 1 257
7 2 2 265
5 2 2 267
1 3 2 266
4 2 2 275
5 2 2 281
4 2 2 282
5 3 10 282
2 2 1 282
4 2 1 282
1 3 2 282
6 2 2 282
6 2 2 298
1 2 2 297
4 2 1 297
3 3 6 296
1 2 1 296
2 2 2 300
2 3 7 299
5 2 2 301
1 3 2 300
4 2 1 301
3 2 1 302
8 2 2 306
6 2 1 307
1 3 4 306
2 3 4 307
3 3 3 306
5 2 2 306
4 2 1 306
7 2 1 307
1 2 1 306
1 2 2 305
5 3 2 304
3 3 1 304
2 2 1 304
5 2 1 304
6 2 1 303
2 3 1 304
6 3 3 303
1 2 2 302
1 3 3 303
4 2 2 304
5 2 2 306
4 3 5 307
1 3 6 308
3 3 5 308
1 3 7 309
2 2 2 312
3 2 2 321
3 3 3 321
2 3 5 321
2 4 9 322
1 4 9 322
5 3 16 324
7 2 2 320
1 2 2 321
4 2 2 323
7 3 3 321
5 2 2 322
1 2 2 322
2 4 1 323
3 3 2 324
6 3 8 325
3 2 1 322
4 2 1 323
1 2 2 340
3 2 2 350
6 2 2 351
4 2 2 356
2 2 2 355
3 2 2 354
6 2 2 370
2 3 14 369
5 2 2 369
2 2 2 389
7 3 3 387
2 3 5 386
3 4 11 384
6 3 5 386
1 4 8 385
2 3 7 385
5 3 7 387
1 2 2 389
1 3 6 390
2 3 5 390
4 2 2 392
3 2 2 402
1 3 4 403
2 2 2 403
4 2 2 412
2 2 2 412
4 2 2 415
1 3 6 415
4 2 2 419
6 3 4 420
3 4 5 419
6 2 2 423
2 2 2 428
5 3 3 427
5 3 8 429
7 2 2 427
1 2 2 428
4 3 5 427
7 2 2 437
2 2 1 438
3 2 2 438
5 3 5 437
1 2 2 444
1 3 3 445
6 3 8 445
6 2 1 444
2 2 1 445
5 2 2 444
1 2 2 454
2 2 2 457
6 2 2 477
1 5 3 476
5 3 2 477
2 3 2 478
5 4 4 476
6 3 3 475
4 2 2 477
2 3 2 476
1 2 2 477
7 2 2 478
6 2 3 4
1 2 3 5
2 2 3 7
4 3 12 6
1 3 15 7
6 2 3 13
1 3 3 12
3 2 3 22
1 2 3 24
2 2 3 41
3 2 3 42
1 2 2 43
6 2 1 43
2 2 2 42
2 2 3 48
3 3 3 47
1 2 3 46
2 3 2 46
3 2 2 45
7 2 2 45
6 2 3 48
1 2 3 50
2 2 3 51
6 2 3 52
2 2 3 54
5 2 3 55
2 2 3 65
4 4 7 63
6 3 6 64
1 3 6 65
7 2 3 83
2 2 2 83
1 2 3 89
3 4 4 87
2 2 3 88
4 3 3 88
1 2 2 88
5 3 1 88
3 2 1 89
3 2 3 98
5 3 5 98
1 2 3 103
1 2 3 111
2 4 4 111
4 4 7 110
7 3 5 110
3 4 4 109
5 3 8 112
6 2 3 116
3 3 7 116
5 2 3 116
2 2 3 118
3 2 3 123
8 3 5 121
5 2 3 122
2 2 3 125
3 2 3 126
6 2 3 125
6 2 3 132
7 2 3 136
2 3 6 134
1 2 3 139
6 2 2 139
2 2 3 143
4 2 3 149
3 2 3 149
2 2 3 157
6 2 3 161
1 3 7 160
5 2 3 166
2 3 7 166
1 2 3 168
7 3 3 167
5 3 5 168
6 2 3 176
1 2 3 177
1 2 3 179
4 4 2 179
5 3 3 180
1 2 3 182
6 2 3 182
5 2 3 182
5 3 5 183
1 2 3 197
5 3 2 197
6 2 3 198
7 2 3 198
3 4 3 197
5 2 2 199
2 2 2 198
4 2 3 200
2 2 3 204
4 2 3 219
7 3 3 219
4 2 3 227
3 2 2 227
5 3 3 227
2 3 3 228
1 3 3 230
7 3 3 229
4 3 3 229
6 3 3 228
4 2 3 227
5 2 3 227
1 2 3 238
2 3 3 239
6 2 2 238
1 3 2 237
6 2 3 236
1 3 9 236
5 2 3 237
4 2 3 240
2 3 2 241
4 2 2 241
5 3 2 241
2 2 2 241
3 2 3 254
6 3 10 252
6 2 2 255
7 2 2 255
4 2 1 255
6 2 3 260
3 2 3 263
4 2 2 264
1 2 3 269
6 2 3 272
1 2 3 279
1 2 3 281
3 2 2 281
1 2 2 280
2 2 2 279
3 2 3 287
1 3 5 287
1 3 10 286
5 2 3 317
3 2 3 325
1 3 9 324
3 3 11 325
4 3 10 327
1 3 10 325
3 2 3 330
5 3 9 329
3 2 3 332
1 3 6 333
2 2 3 336
2 3 5 334
3 4 5 334
1 2 3 337
3 3 2 337
5 3 2 336
5 3 6 338
4 2 1 336
7 2 1 336
2 2 3 339
3 2 3 348
5 2 3 350
5 2 3 354
2 2 2 355
3 2 3 358
2 2 3 379
5 2 3 379
5 3 9 380
1 3 8 380
3 3 8 379
5 2 3 382
1 3 5 380
6 3 5 381
3 2 3 382
4 2 3 387
5 2 2 388
8 2 3 386
1 2 3 387
2 2 3 387
2 2 3 397
2 2 3 405
6 2 3 404
1 2 3 409
4 2 3 419
2 5 3 418
3 3 3 417
1 2 2 417
4 2 1 418
6 2 1 418
5 2 2 416
2 3 3 415
7 2 2 418
6 2 2 418
5 3 1 419
4 2 2 417
3 2 1 417
2 2 1 416
1 3 2 417
7 2 2 416
1 2 3 419
1 2 3 429
3 3 7 429
3 2 2 430
2 3 4 430
1 3 5 428
6 3 4 428
1 2 3 443
6 2 3 447
5 2 3 449
3 2 3 460
1 3 2 460
4 2 3 469
2 5 4 468
7 3 2 469
3 4 4 469
7 3 8 470
1 2 2 468
4 2 1 469
1 2 3 467
4 3 2 467
1 2 3 467
5 2 2 467
5 2 3 467
4 2 3 482
1 2 4 1
5 2 4 9
6 2 4 9
1 2 4 33
4 3 5 32
2 2 3 34
3 2 4 39
6 2 4 39
6 2 4 45
2 2 4 45
7 2 4 56
3 3 7 55
1 2 4 59
4 4 4 58
2 4 7 59
5 2 3 58
3 2 4 63
5 2 4 63
3 2 4 66
6 2 4 86
1 2 4 100
5 3 3 101
2 3 3 100
6 2 4 99
1 4 4 98
4 2 4 98
6 2 4 133
4 2 4 134
3 2 3 135
5 3 6 135
7 2 2 135
4 2 2 134
1 2 4 137
2 2 3 138
3 2 4 145
2 3 7 145
4 2 4 173
8 2 4 173
2 2 4 191
3 2 3 191
4 3 3 191
2 2 4 204
3 2 4 204
2 2 4 215
1 2 4 215
4 3 6 216
5 2 3 216
6 2 3 216
3 2 4 231
1 3 5 231
4 3 9 231
2 2 4 236
7 2 4 245
6 2 4 268
7 2 4 279
2 2 4 284
6 3 5 284
1 6 7 284
5 3 6 285
6 2 4 285
2 3 5 285
4 2 4 285
2 2 4 294
6 2 4 306
2 2 4 307
4 3 5 307
1 2 4 308
3 4 4 307
1 2 2 308
2 2 4 310
4 3 4 309
3 4 3 310
5 4 3 309
6 2 4 320
5 2 4 327
2 2 3 327
7 2 4 343
5 2 4 360
5 2 4 372
1 2 4 378
5 3 8 377
1 3 7 377
4 2 4 385
1 2 4 384
6 3 3 385
5 2 4 384
3 2 4 383
7 2 4 386
3 2 4 396
3 2 4 407
8 3 4 407
3 3 4 407
4 3 9 408
7 2 3 407
3 2 4 414
7 2 4 420
1 2 4 432
3 2 4 447
2 3 4 446
3 3 4 445
1 3 4 447
3 2 4 450
1 3 11 450
4 3 11 450
2 3 10 451
5 2 4 451
3 3 9 450
3 2 4 453
1 2 3 453
6 2 4 462
4 2 4 475
1 2 5 7
5 2 5 8
1 2 5 13
5 2 5 18
4 2 5 18
2 2 5 21
6 2 5 36
5 2 5 75
4 2 5 85
3 3 4 86
1 2 3 86
4 2 3 85
5 4 3 84
1 2 2 84
2 2 3 85
2 2 5 90
6 2 5 97
5 2 5 101
8 3 4 101
5 2 5 104
4 3 6 104
2 2 5 113
5 3 5 112
1 3 5 112
3 3 6 113
4 2 4 114
3 2 5 119
5 2 4 119
7 2 5 132
8 2 5 131
2 2 4 132
5 2 5 145
1 2 5 166
3 2 4 167
4 2 5 165
3 2 5 177
7 2 5 185
1 2 5 205
7 2 5 231
6 2 5 236
3 2 5 252
1 2 4 252
4 2 4 253
6 2 5 253
1 2 5 256
4 2 4 257
2 2 5 263
7 2 5 286
3 2 5 289
2 2 5 292
6 2 5 299
4 2 5 299
5 2 5 300
3 2 5 303
4 2 5 328
2 2 4 329
3 2 4 329
8 2 3 330
1 2 4 329
6 4 4 328
7 2 3 330
3 2 4 327
4 2 4 331
6 2 5 331
1 2 5 352
6 3 7 352
5 2 5 352
2 2 5 362
7 2 5 369
4 2 4 370
2 3 5 369
5 2 5 374
5 2 5 376
3 2 5 392
5 2 5 399
2 2 5 420
1 2 5 423
7 2 5 426
1 2 5 428
2 2 4 428
4 2 5 429
4 2 5 436
2 2 5 439
2 2 5 451
4 3 5 450
6 2 5 466
4 2 5 465
2 2 5 474
1 2 5 473
7 2 4 473
4 2 3 473
5 2 6 6
7 2 6 8
1 2 6 7
6 2 6 32
2 2 6 32
4 2 6 35
4 2 6 55
4 2 6 59
3 2 6 74
4 3 6 73
2 2 6 105
1 3 7 105
5 4 6 105
7 3 6 105
4 2 5 106
1 2 6 114
4 2 6 143
4 2 6 147
2 2 6 158
5 2 5 159
4 2 6 167
5 2 6 186
2 2 6 185
7 2 6 189
3 2 6 224
2 2 6 236
5 2 6 249
4 2 6 251
4 3 9 250
5 2 6 280
4 2 6 289
1 2 5 289
5 2 6 290
3 2 6 318
4 3 5 318
3 2 6 324
5 2 6 324
2 4 6 324
7 2 6 324
7 2 6 332
2 2 5 332
6 2 6 342
7 2 6 359
8 2 6 378
6 2 6 379
3 2 6 398
6 2 6 397
1 2 5 397
4 2 6 400
4 2 6 408
3 2 6 410
6 2 6 424
4 2 6 455
5 2 6 459
6 3 6 460
4 2 6 459
2 2 7 5
1 3 6 5
4 2 5 5
2 2 4 5
6 2 7 6
3 2 7 56
2 2 7 75
4 2 7 84
2 2 6 85
2 2 7 95
6 2 6 95
1 3 6 94
2 2 5 95
4 2 5 94
1 3 6 95
1 2 7 102
6 2 7 104
3 2 7 119
6 2 7 141
2 2 7 162
3 2 7 212
1 2 6 212
6 2 7 222
1 2 7 250
6 2 7 251
4 2 7 368
3 2 6 368
1 2 6 369
4 2 7 373
2 2 7 374
4 2 7 375
7 2 7 409
5 2 7 431
4 2 7 478
4 2 8 8
1 2 8 7
2 2 7 7
3 2 8 21
1 2 8 67
3 2 8 67
5 2 7 68
3 2 8 234
4 2 8 256
1 2 7 256
3 2 8 272
4 2 8 331
1 3 7 331
5 2 8 366
4 2 8 369
3 2 8 396
5 2 8 471
1 2 8 471
5 2 8 471
2 2 8 481
2 2 9 238
7 2 9 277
3 2 9 287
7 2 9 338
8 2 9 340
1 2 8 341
2 2 7 341
5 2 6 341
2 2 10 1
1 2 9 1
1 2 10 54
3 2 10 163
1 2 9 163
1 2 10 271
7 2 10 292
3 2 10 461
8 2 11 208
6 2 11 338
1 2 12 1
2 2 12 81
3 2 12 81
4 2 11 81
2 2 13 22
