22207
2360
1 30 15 44
5 34 29 24
4 29 65 80
3 29 82 24
2 25 7 12
1 24 15 79
7 23 47 55
6 24 67 48
8 23 79 69
5 21 9 73
1 20 51 18
4 25 85 50
6 8 41 49
7 8 45 62
4 7 18 95
4 8 47 98
2 9 70 90
3 6 1 46
6 6 4 60
1 6 24 49
8 6 27 85
2 6 32 69
5 6 33 23
5 6 35 63
3 6 36 26
7 7 46 25
2 6 38 17
6 6 38 33
8 7 62 32
6 8 84 89
6 6 39 80
8 8 56 79
3 6 45 22
2 6 54 76
8 7 76 76
1 6 80 62
6 8 85 31
1 5 4 24
6 6 2 22
1 7 40 23
4 6 40 22
5 6 38 24
3 5 16 83
6 7 55 80
7 5 32 28
3 5 30 29
3 5 35 1
1 6 49 3
5 5 37 89
6 5 41 75
2 6 46 90
7 5 49 78
4 5 51 72
6 5 53 54
7 5 58 77
8 5 58 98
6 5 57 95
1 5 60 74
3 5 61 68
3 5 62 30
5 5 68 15
3 5 67 14
7 5 69 63
4 6 72 76
2 5 70 8
5 5 73 6
5 5 73 56
4 5 74 8
6 5 81 50
2 5 81 75
7 5 87 22
3 6 89 60
4 5 84 63
8 4 2 21
8 5 21 23
6 5 36 22
7 4 2 51
5 5 72 51
8 4 3 24
5 5 8 24
3 5 57 22
3 4 3 39
1 5 76 40
4 5 81 42
5 4 4 50
5 4 4 61
8 5 39 60
2 4 6 55
8 5 42 55
5 5 42 54
8 5 44 54
1 5 56 55
5 4 6 93
3 6 21 92
6 5 81 93
8 5 82 94
4 4 8 94
1 5 66 92
5 5 75 90
1 4 8 94
3 4 9 86
7 5 6 86
3 7 52 87
2 5 27 85
1 4 10 30
4 5 33 31
7 4 10 47
8 4 10 63
3 6 29 61
2 5 53 59
3 5 53 60
5 6 72 60
4 4 11 36
7 4 13 37
4 4 12 35
1 5 77 34
4 4 14 62
2 5 14 61
5 5 53 58
5 4 15 3
5 6 45 4
1 6 51 3
5 6 56 1
3 6 87 3
4 4 18 36
6 5 66 35
3 4 19 81
1 5 53 81
7 4 20 13
7 4 21 52
2 4 21 75
7 4 21 85
2 4 22 95
5 4 23 13
2 5 56 14
8 4 24 71
3 5 46 71
5 5 61 68
3 4 24 73
5 4 24 99
4 5 24 97
7 5 36 97
5 5 57 97
3 4 26 17
8 5 66 16
2 4 26 27
1 4 26 36
4 6 54 36
7 4 26 93
3 5 32 91
8 5 33 91
5 4 27 72
8 4 27 90
8 4 30 32
7 4 31 44
7 7 39 44
3 4 30 46
2 5 35 44
1 6 41 42
8 5 75 45
5 4 31 69
8 5 56 66
6 5 77 65
1 4 31 80
6 5 75 80
3 4 31 96
7 5 84 94
3 4 32 16
6 5 84 17
6 4 32 40
4 4 32 43
5 4 32 52
7 6 42 51
5 7 45 53
8 4 31 51
6 4 32 81
6 5 68 82
3 4 33 29
4 5 62 29
7 5 80 28
2 4 33 31
8 6 31 31
5 5 29 30
7 4 34 64
5 5 43 64
8 4 35 20
7 4 32 21
2 5 73 19
6 4 35 36
7 4 36 15
6 6 36 15
1 4 35 17
7 5 63 16
5 4 37 5
4 4 38 84
5 4 38 95
4 4 36 96
7 5 52 94
6 5 57 92
1 4 40 56
6 4 40 61
2 5 50 60
4 4 39 60
8 4 41 79
7 4 41 79
4 4 42 3
2 5 54 1
3 4 42 64
5 4 42 89
8 4 43 19
6 4 43 57
3 4 45 28
3 4 46 60
7 4 45 59
7 4 45 62
7 4 47 2
6 4 47 51
3 4 47 64
2 4 45 64
3 5 70 63
3 4 49 10
1 5 62 12
1 5 87 1
7 4 50 82
5 4 51 29
8 4 51 33
5 4 51 78
4 4 52 15
3 5 56 14
2 4 52 19
2 4 53 8
2 5 81 6
1 4 53 59
2 4 54 50
2 4 54 84
4 4 55 20
5 4 57 52
1 4 58 98
5 5 63 96
1 4 59 17
8 4 60 53
6 4 62 44
5 4 63 18
3 4 64 4
4 4 66 5
3 4 66 74
8 4 68 36
5 4 70 28
6 4 73 63
4 4 74 1
1 5 77 1
4 5 77 1
2 4 74 53
5 4 75 6
4 4 75 11
4 4 76 54
7 4 76 75
8 4 76 73
1 4 77 56
2 4 78 28
8 4 78 55
8 4 81 90
8 4 87 87
8 5 92 10
4 3 1 46
4 5 10 47
5 4 22 50
5 5 28 52
7 4 52 46
2 4 54 45
2 4 62 45
1 4 62 44
2 4 67 51
1 3 1 47
1 3 1 52
4 4 21 50
7 4 72 53
7 3 2 48
2 4 30 48
6 4 34 48
3 7 42 48
7 5 40 49
8 5 41 48
5 5 56 47
4 5 64 47
8 3 2 96
5 5 2 95
6 4 3 97
3 4 3 97
2 4 2 96
5 6 30 96
3 4 18 98
8 5 30 95
2 4 51 96
7 3 3 58
6 4 48 58
3 4 53 57
2 5 54 59
4 4 70 57
8 3 3 91
5 4 24 91
4 4 23 92
8 4 33 88
2 4 37 86
1 7 53 84
6 4 41 92
4 5 48 92
5 4 52 87
3 4 53 90
3 4 55 87
5 4 67 88
7 3 4 36
1 5 7 34
4 4 8 32
2 4 10 37
1 4 16 36
6 4 22 34
4 4 24 32
2 4 28 35
8 4 36 33
1 5 39 32
6 4 57 37
1 4 71 36
6 4 72 36
8 4 75 35
5 4 77 39
7 3 4 95
2 4 13 93
3 4 21 95
2 5 23 93
7 4 39 93
2 4 41 98
5 4 50 94
3 4 67 92
4 3 5 25
7 4 10 25
4 4 45 24
1 4 56 22
7 3 4 26
6 3 5 33
6 5 38 33
2 4 21 32
4 4 68 33
2 3 5 87
3 4 44 86
8 4 50 86
7 4 60 88
4 3 5 94
1 3 3 94
1 4 7 94
1 4 20 94
4 4 21 96
1 7 58 93
2 3 5 94
4 4 13 95
8 5 57 93
6 3 6 55
8 4 49 57
5 4 55 55
7 4 67 56
4 3 7 18
8 3 7 29
4 5 10 27
8 4 16 28
4 4 45 30
8 4 48 25
1 4 65 23
3 3 7 40
1 3 7 68
4 3 7 69
6 4 51 68
4 5 75 67
8 4 85 66
4 3 7 74
2 4 21 74
2 4 56 74
7 4 56 75
2 4 73 73
1 4 71 73
1 7 73 72
3 4 73 73
3 4 76 72
1 3 7 75
2 4 50 73
2 4 68 76
4 5 75 77
6 4 74 79
1 3 7 88
6 4 17 89
2 4 64 89
6 3 7 96
4 4 7 95
3 4 17 94
2 4 61 97
4 4 72 99
3 3 6 94
1 4 17 95
8 5 19 93
5 5 22 92
7 4 23 93
1 4 50 93
4 4 49 94
4 3 8 25
2 4 25 23
4 4 25 23
1 4 23 24
2 4 52 23
5 3 8 55
5 4 33 56
6 5 33 54
1 3 8 63
6 4 49 60
5 4 49 61
6 4 65 57
1 4 64 58
6 4 68 58
2 3 8 76
5 4 17 74
2 4 38 72
7 4 43 73
5 4 43 74
4 5 49 71
6 3 8 81
3 4 53 82
8 4 54 81
4 4 57 84
7 4 58 84
3 4 59 80
5 4 67 83
4 3 9 2
4 4 17 1
3 4 37 3
5 4 53 2
3 4 68 1
6 3 9 22
8 5 48 21
1 3 8 23
3 4 21 22
8 4 47 23
5 4 51 21
4 4 56 23
1 4 54 24
5 4 58 21
6 5 58 20
1 3 9 28
4 4 32 28
2 4 35 30
7 4 34 30
7 5 51 30
7 4 37 32
2 4 44 27
6 5 51 28
1 5 54 27
8 3 9 30
7 4 10 29
7 6 39 28
2 4 62 26
8 3 9 32
8 5 36 31
6 3 9 49
1 4 30 47
2 4 54 47
8 4 57 46
4 3 9 62
2 4 28 62
1 3 9 74
3 3 10 36
8 5 28 35
3 4 38 33
3 4 57 37
5 3 10 55
3 5 25 54
6 5 23 56
3 5 22 54
6 4 44 57
8 3 11 9
6 6 11 9
1 7 34 7
5 5 34 5
6 4 18 9
7 4 32 11
5 4 38 9
4 4 39 8
8 4 59 13
4 4 66 13
4 4 76 8
8 4 75 7
6 4 80 7
1 3 8 9
7 5 68 10
5 3 11 19
2 4 34 18
3 5 61 18
6 4 47 16
1 6 67 18
4 4 57 19
6 4 63 20
3 3 11 64
4 3 11 83
5 4 72 83
2 3 11 87
5 3 12 39
5 3 12 49
8 5 14 50
3 4 14 50
3 4 27 52
1 4 26 52
1 4 51 49
4 3 12 55
4 5 20 56
8 4 30 56
4 4 67 58
6 3 13 16
6 5 30 15
6 4 54 15
4 4 58 15
8 3 13 68
5 4 36 68
4 4 76 67
5 4 84 67
8 3 13 78
1 5 16 78
7 4 65 76
7 3 14 18
4 3 14 41
2 4 52 42
8 4 53 39
6 4 54 40
3 5 78 40
7 4 77 40
7 3 15 3
4 4 17 4
4 5 20 3
4 5 52 4
3 4 22 4
6 4 29 4
8 4 57 5
8 3 15 6
2 4 18 5
1 4 24 6
3 3 15 45
6 3 15 44
8 4 15 44
8 4 70 42
6 3 15 73
8 4 42 75
6 5 53 71
1 4 77 71
6 3 15 94
6 4 41 92
7 3 16 5
1 3 15 5
6 4 16 5
2 4 25 5
8 5 25 5
7 4 34 7
1 4 48 10
7 4 57 4
3 4 59 11
4 3 14 5
2 5 31 3
3 4 26 4
8 4 66 1
8 3 16 20
2 4 25 19
3 4 32 19
5 3 16 40
5 4 36 39
7 4 37 41
7 3 16 69
2 3 16 77
3 3 15 79
6 3 16 86
6 3 17 71
7 4 31 72
4 4 62 70
5 4 67 71
5 3 17 87
7 4 31 85
8 4 35 85
4 5 45 85
5 3 18 33
4 4 56 33
1 4 58 34
4 4 59 35
7 3 18 49
4 3 17 48
3 3 18 87
4 4 47 87
6 3 19 19
8 3 19 20
8 4 54 20
1 3 19 22
8 4 29 20
1 4 50 21
6 4 57 18
5 3 19 28
8 4 17 29
6 3 20 5
8 5 30 4
6 4 28 7
7 4 30 2
1 4 45 3
6 5 47 1
5 4 44 1
5 4 50 6
2 4 64 7
7 3 20 17
7 4 56 17
5 3 20 17
1 4 25 17
6 3 20 32
3 3 20 34
6 4 29 32
5 5 31 34
7 3 21 13
2 4 29 15
6 3 21 54
4 3 22 5
2 3 22 15
4 3 22 33
1 4 22 32
2 4 28 32
8 4 28 33
7 3 21 31
2 3 22 40
1 3 22 62
4 4 44 64
1 4 56 64
5 4 68 65
6 3 21 64
2 3 22 89
1 3 21 91
7 4 26 91
1 4 27 91
8 5 27 90
6 6 27 92
8 4 45 89
7 3 23 3
7 4 43 1
2 4 47 2
2 3 23 9
1 4 49 10
6 3 23 21
4 4 41 18
7 4 53 21
1 3 23 55
8 4 26 53
1 3 24 1
4 4 39 1
4 3 24 8
5 3 24 32
7 3 24 64
8 4 44 63
7 3 25 4
5 5 33 3
4 4 31 2
1 4 36 6
6 4 51 5
2 3 25 25
5 4 62 27
2 3 25 77
5 3 25 97
5 3 26 1
8 3 26 27
2 4 48 28
5 3 26 52
1 4 42 53
7 6 41 53
3 4 40 53
7 4 49 50
7 3 26 55
1 3 26 57
8 4 26 59
2 3 26 85
4 3 26 99
5 3 27 56
4 3 27 69
2 3 27 78
1 3 28 43
8 4 30 43
1 4 38 41
1 4 71 40
8 3 28 46
6 3 28 71
8 4 28 70
2 4 65 72
2 3 28 95
5 3 29 2
8 4 36 1
3 4 58 1
3 3 29 24
8 3 29 67
4 4 57 68
8 4 59 67
4 3 30 17
5 4 29 17
4 4 49 18
4 3 28 18
8 4 53 16
5 3 30 64
3 4 43 62
3 3 30 72
4 4 33 71
6 3 30 89
7 4 35 89
1 3 31 48
1 3 31 71
6 4 37 72
4 4 54 73
1 4 58 71
7 3 30 71
3 4 42 70
4 3 32 10
6 5 45 8
1 3 33 36
4 4 48 35
2 5 67 38
4 4 76 41
7 3 33 35
2 3 32 34
6 3 33 51
4 3 32 52
3 3 33 57
4 4 39 58
7 3 33 67
3 3 33 69
4 3 33 87
3 3 34 24
6 3 34 30
4 3 34 31
5 4 35 30
8 3 34 33
4 3 34 42
4 4 68 44
2 3 34 53
1 3 34 75
7 4 44 72
2 4 56 69
3 4 54 69
5 3 34 79
6 3 34 95
2 3 34 99
3 6 40 97
3 3 35 50
2 4 54 48
2 3 35 48
4 3 35 73
4 4 43 73
5 4 42 75
3 3 35 81
5 3 36 16
2 5 40 16
3 5 42 15
8 5 55 13
3 4 46 16
1 4 52 14
5 4 55 19
2 4 67 11
5 3 36 27
1 3 35 26
6 4 51 27
8 3 36 28
6 3 36 28
1 3 36 29
4 4 48 27
1 3 36 39
7 3 36 37
4 3 35 36
8 4 57 37
1 3 36 36
5 3 36 84
4 3 37 6
1 3 37 16
2 3 36 15
7 3 37 50
6 3 37 73
2 3 36 75
2 3 38 78
4 3 39 47
2 4 41 47
1 3 38 48
8 4 37 48
7 3 40 21
8 3 40 68
5 3 40 81
5 3 41 32
1 3 41 30
1 3 41 41
2 3 41 52
5 3 41 68
8 4 56 68
2 5 56 67
1 3 42 35
1 3 42 70
7 3 42 99
4 3 43 1
4 3 43 8
3 4 47 8
7 3 41 9
8 3 40 8
8 4 45 8
3 3 43 8
4 3 43 81
6 4 51 81
5 3 43 94
7 3 44 13
5 3 44 62
2 3 44 82
3 4 43 83
2 3 44 96
6 3 45 2
7 3 45 58
2 3 46 30
5 4 45 29
8 3 46 90
2 3 47 48
2 3 48 1
7 3 48 1
7 3 48 61
1 3 48 72
7 4 52 71
6 3 46 73
1 3 48 91
6 3 49 60
6 3 50 46
8 3 51 22
8 5 53 19
8 3 51 59
7 3 51 62
1 3 51 64
8 6 51 62
7 4 56 62
7 4 59 65
6 5 56 66
7 4 71 66
4 3 49 65
8 4 64 65
8 3 52 10
7 3 52 11
4 3 52 13
4 3 52 20
5 3 52 47
3 3 52 61
1 3 52 63
6 3 50 64
2 3 52 65
3 4 68 66
7 3 52 87
2 3 53 15
7 3 52 14
6 3 53 77
5 4 58 76
8 3 53 97
5 3 54 40
6 3 54 46
8 3 54 44
3 3 53 45
3 4 57 43
4 3 53 44
6 3 54 61
7 3 55 19
6 3 55 86
2 3 55 91
1 3 56 88
7 3 58 79
3 3 59 61
3 3 60 81
8 3 60 81
6 3 59 82
5 3 60 88
8 3 60 89
8 3 60 99
1 3 62 13
5 3 62 12
1 4 70 11
1 3 62 78
2 3 62 79
5 3 63 42
8 3 66 40
3 3 67 12
8 3 68 92
6 3 71 38
5 3 71 39
1 2 1 8
7 3 2 8
5 3 5 9
3 4 8 7
4 3 6 8
8 4 42 7
5 3 5 7
7 3 9 5
1 3 9 4
2 3 9 6
3 3 11 4
6 3 13 10
5 4 54 11
3 3 14 6
3 4 34 3
7 3 13 7
1 3 15 3
2 4 32 4
2 4 37 6
8 3 16 9
2 4 44 10
2 4 47 6
4 4 48 10
6 3 20 4
8 3 21 5
8 4 39 7
5 4 38 9
8 4 44 10
7 3 31 3
6 3 32 2
3 3 41 1
1 3 63 11
6 3 69 12
4 2 1 8
8 3 3 8
7 3 4 10
7 3 7 7
8 3 6 6
7 3 7 11
6 4 31 10
7 4 33 10
6 5 40 10
6 3 16 4
8 4 30 2
4 3 18 5
2 3 19 5
8 3 33 11
4 3 33 12
8 4 57 12
1 3 34 1
2 3 44 12
8 3 44 13
6 3 51 11
4 3 51 12
7 4 55 11
4 2 1 21
6 4 15 20
5 4 24 22
4 5 28 21
7 3 13 21
3 5 22 20
5 5 45 18
7 3 21 23
1 3 22 23
4 3 21 24
7 4 27 23
3 3 20 24
2 5 21 22
7 4 19 24
4 3 20 22
1 3 26 20
1 3 38 19
6 3 40 18
7 2 1 30
1 5 43 29
4 3 10 29
1 4 24 27
2 3 12 28
1 3 22 30
3 3 27 28
8 3 27 30
1 3 32 30
2 4 34 31
8 3 38 31
7 3 45 31
4 3 46 31
4 2 1 30
3 3 8 29
7 4 8 28
2 4 11 29
1 3 12 30
4 4 19 28
6 3 12 28
4 4 26 26
5 3 10 30
1 3 25 26
6 4 42 25
6 3 30 31
7 3 37 31
4 3 38 33
3 3 40 33
3 3 55 35
2 2 1 41
6 3 14 42
1 3 14 41
7 3 14 40
3 3 18 42
7 4 47 43
7 4 57 42
5 3 17 42
7 3 19 41
6 4 25 42
6 4 30 41
6 4 45 43
6 3 18 40
7 4 32 41
8 3 24 42
8 6 54 40
2 4 43 40
3 3 34 40
6 3 35 42
4 4 35 43
5 3 37 43
6 3 43 42
3 3 53 42
7 4 52 44
5 3 58 39
7 3 74 38
5 2 1 45
5 3 14 45
1 3 46 44
8 2 1 45
6 3 15 44
3 3 37 46
8 3 41 45
3 3 46 47
7 2 1 46
5 3 28 46
6 2 1 47
3 2 1 52
8 3 2 51
7 4 2 51
5 3 12 50
6 4 16 49
5 3 16 48
6 3 32 49
4 4 32 50
8 6 37 48
6 3 33 49
3 3 35 49
1 3 37 50
6 4 43 51
8 3 50 53
8 3 53 53
6 2 1 65
5 4 49 64
2 3 5 65
7 5 21 65
8 3 15 66
2 3 17 65
2 3 24 66
8 4 29 65
3 4 54 67
2 3 25 64
5 3 25 63
8 3 37 65
7 3 39 66
4 3 48 66
5 3 53 68
8 3 51 69
1 2 1 67
5 3 52 66
1 2 1 70
1 3 23 69
5 4 32 70
2 3 26 69
1 3 27 69
5 3 26 69
4 3 30 67
4 3 41 70
5 3 42 71
2 3 48 66
4 2 1 70
4 3 13 69
6 4 27 69
6 3 21 68
6 4 28 66
1 4 29 69
5 4 37 72
8 4 46 73
4 3 26 70
1 3 27 67
2 3 27 67
3 4 37 67
1 4 37 66
3 3 31 68
2 3 34 66
6 3 36 65
5 2 1 76
6 3 32 76
3 3 42 75
8 2 1 100
6 3 23 99
6 3 41 98
4 3 42 98
8 2 2 1
2 3 4 1
8 3 25 2
7 3 27 2
2 3 27 2
2 3 35 1
5 3 36 1
1 3 37 1
2 3 38 1
7 2 2 2
1 3 2 1
4 2 2 3
7 3 9 2
2 3 15 1
5 2 2 6
6 4 5 4
4 4 4 6
5 3 6 6
5 4 24 5
8 3 26 5
3 3 40 7
1 3 42 8
5 3 42 8
8 2 1 6
7 3 5 5
5 3 15 4
1 2 2 5
6 3 9 6
2 2 1 6
3 2 1 6
3 3 8 7
2 3 7 8
1 2 2 6
7 3 2 6
1 3 16 5
7 3 22 4
1 2 1 7
1 3 17 5
4 3 15 6
4 3 29 8
6 3 38 9
4 2 1 6
7 4 25 7
1 3 24 7
7 4 34 8
3 2 1 8
8 3 3 7
4 4 7 7
2 3 4 8
8 3 27 7
1 3 34 9
4 2 2 12
1 3 23 13
5 3 23 14
2 4 44 15
6 3 23 15
8 3 22 16
5 4 23 16
7 3 22 15
6 4 40 12
3 3 24 13
3 5 29 10
8 3 22 14
4 4 26 14
6 3 27 15
6 3 44 12
3 2 2 16
1 4 21 15
3 4 21 17
8 4 21 16
8 3 10 15
8 3 17 14
4 3 19 15
4 3 37 14
7 3 37 13
5 4 36 13
7 4 43 11
3 2 2 19
8 3 7 17
5 3 25 15
2 3 25 17
8 3 34 14
1 2 2 18
6 3 20 19
7 4 19 19
5 4 19 18
6 4 34 20
7 3 20 18
6 3 24 19
2 3 24 20
4 3 33 20
7 2 2 22
6 4 19 21
6 3 3 21
6 3 26 23
5 3 31 24
6 3 33 22
1 2 2 33
6 3 9 33
5 3 11 33
1 3 18 32
8 3 24 35
7 3 28 31
5 3 26 32
7 3 26 31
1 3 31 31
6 3 33 35
8 2 1 33
2 3 2 32
7 4 18 33
7 3 11 34
5 5 47 34
5 3 32 36
8 3 32 36
8 3 46 34
3 3 46 37
7 3 63 38
8 3 70 38
6 3 70 38
5 2 1 33
3 3 1 32
8 3 8 32
7 3 10 30
5 4 15 32
4 3 18 34
7 3 27 34
4 2 2 33
1 3 3 34
8 3 14 31
2 3 14 30
4 3 14 29
8 3 16 28
3 3 26 27
6 3 25 27
2 3 31 34
8 2 1 34
3 4 22 33
6 3 16 34
4 3 20 33
1 3 23 36
4 2 2 45
8 3 7 45
3 3 7 47
1 3 11 44
4 3 21 44
2 3 27 42
8 2 1 46
4 3 8 46
1 3 27 46
4 3 37 45
4 3 38 45
6 2 2 44
7 3 8 44
3 3 7 44
7 3 23 45
6 3 22 47
3 3 31 44
2 3 31 43
8 2 2 48
7 3 30 49
3 2 2 54
4 3 41 53
1 4 40 52
7 2 2 55
7 4 20 55
3 3 14 54
6 3 23 55
8 4 33 56
4 4 39 53
4 3 23 55
4 4 27 55
1 5 32 56
2 4 39 57
1 5 42 58
3 3 38 53
8 3 38 54
6 3 38 58
3 4 45 59
6 3 40 59
3 3 43 51
4 3 45 61
7 3 47 59
5 3 46 61
2 4 55 59
1 4 55 59
4 2 2 55
7 4 28 53
1 5 27 53
8 3 4 53
7 3 4 55
8 3 9 57
7 3 7 57
3 4 24 56
1 3 11 56
4 3 25 58
6 3 33 52
5 3 39 52
5 2 2 55
4 3 3 55
5 4 29 56
2 3 3 56
1 3 5 57
2 3 11 55
7 3 15 53
3 3 27 57
4 4 28 59
6 3 27 59
6 3 30 60
7 4 32 58
6 4 36 61
5 3 31 60
8 4 39 57
4 3 32 58
5 3 41 59
6 2 2 60
7 3 12 61
6 3 43 62
8 3 43 61
4 2 1 61
6 3 6 60
3 3 34 61
5 2 2 59
7 2 2 60
7 3 3 60
8 4 3 60
5 3 20 59
8 3 21 62
4 3 23 64
1 3 28 57
6 3 33 60
2 3 34 58
3 3 32 59
1 3 39 62
7 2 1 61
2 4 3 62
6 4 6 62
1 3 3 60
8 3 4 63
5 4 15 64
8 3 10 61
6 4 18 60
5 4 32 63
1 3 16 64
3 3 18 62
8 3 17 62
4 3 30 59
3 2 1 62
4 3 3 62
1 3 5 60
1 3 12 62
2 4 12 61
4 4 13 61
3 5 12 62
4 4 29 64
3 4 31 64
3 3 13 58
7 4 26 58
1 3 14 60
7 3 14 60
2 3 16 57
2 3 16 61
1 2 2 64
1 2 2 69
4 3 17 69
5 3 18 68
8 3 19 68
2 3 31 70
5 2 2 73
8 4 11 72
2 4 26 73
7 3 10 71
4 3 12 75
7 4 11 76
3 4 60 76
5 3 29 78
4 3 28 77
2 3 30 80
3 3 31 71
2 3 31 78
6 4 34 77
4 4 33 79
1 3 31 79
5 3 32 76
6 3 33 79
1 3 34 82
3 3 37 81
1 5 38 80
6 4 41 83
1 3 39 84
4 3 42 85
2 3 43 77
5 3 48 86
3 4 51 86
2 3 47 86
8 5 46 87
7 3 56 83
2 3 58 76
6 3 58 88
1 3 58 88
3 2 2 73
7 5 22 71
6 3 4 72
6 3 18 71
7 3 17 70
1 3 18 69
2 3 21 74
8 3 23 70
5 3 22 71
7 4 24 70
1 4 27 70
7 3 22 70
3 4 31 71
2 3 22 69
8 3 23 68
6 3 27 67
2 3 26 68
8 3 27 71
6 3 26 72
8 3 32 75
7 3 31 74
1 4 31 74
7 2 2 76
3 3 18 77
8 3 20 77
5 3 23 76
3 4 23 75
7 3 34 78
1 3 36 76
6 3 46 78
4 3 52 80
8 3 51 81
8 2 2 76
3 2 1 76
1 3 10 74
1 4 17 75
8 4 18 73
7 3 17 73
7 3 19 75
6 5 19 76
5 3 22 73
3 3 26 78
7 3 25 80
6 3 25 79
7 3 39 78
8 3 39 78
3 3 52 80
6 2 1 75
4 4 23 73
3 3 9 74
5 3 15 73
4 2 1 75
2 3 3 75
4 3 34 77
8 2 1 76
1 3 3 77
4 3 7 77
6 3 6 77
8 4 22 74
8 3 9 77
5 3 20 75
8 3 35 78
6 2 2 77
7 3 4 76
4 5 9 75
5 3 6 77
5 3 21 74
6 3 19 75
7 3 40 79
3 2 2 95
8 4 28 94
7 4 28 94
2 4 31 95
3 3 27 95
1 4 35 95
4 4 34 95
7 4 34 95
6 3 40 92
8 2 2 96
8 4 8 97
4 4 10 98
2 4 11 98
8 4 9 97
7 3 8 98
2 4 7 97
4 6 42 97
1 4 34 97
3 3 18 96
2 3 58 99
7 2 1 97
5 3 7 96
7 3 14 98
8 4 27 97
5 5 32 98
6 3 28 98
1 2 1 96
1 3 8 95
2 2 1 95
1 3 14 94
2 3 20 96
2 4 30 98
7 3 28 98
3 3 37 93
2 3 36 93
7 3 36 92
7 3 37 92
6 3 41 90
4 3 41 92
4 3 48 99
6 2 2 96
2 3 11 94
1 3 26 97
6 2 2 100
2 3 3 99
3 2 1 100
1 2 3 3
3 3 16 1
5 2 3 5
4 3 9 3
6 3 23 1
5 2 3 9
6 3 15 8
5 3 36 10
3 2 3 8
6 3 4 9
2 4 3 9
3 3 13 10
8 2 3 10
4 3 4 11
6 3 21 9
1 2 2 10
2 3 15 10
8 3 17 10
3 2 2 11
5 3 17 11
7 3 17 11
3 3 23 11
2 2 2 12
8 3 11 12
5 3 23 13
6 3 33 13
5 2 3 17
3 3 19 16
4 3 40 18
1 3 42 20
8 2 2 18
4 4 10 17
1 3 4 18
6 3 3 17
3 3 25 17
3 2 2 18
5 3 13 19
6 3 19 16
7 3 29 19
5 2 3 19
2 3 2 19
8 3 21 19
6 3 19 20
3 2 3 20
1 3 6 18
4 4 16 18
2 4 15 19
1 4 15 20
2 3 8 17
1 3 20 21
3 3 21 21
1 3 23 15
7 3 22 16
8 3 24 14
1 3 25 23
2 2 3 21
2 4 9 20
5 3 5 21
4 3 5 20
1 4 19 20
4 3 7 20
5 3 10 19
4 3 10 21
5 2 3 21
2 3 6 22
8 3 15 21
3 3 15 21
2 3 27 23
3 2 3 23
6 2 3 26
3 4 22 24
8 3 11 25
2 3 22 23
5 3 22 23
6 3 22 24
7 3 23 24
1 3 36 26
8 2 3 26
8 2 3 28
1 2 3 27
7 3 11 26
1 3 10 28
4 3 9 29
4 2 3 28
2 3 14 28
5 2 3 31
3 2 2 31
3 3 9 30
5 3 9 31
8 2 2 31
2 2 2 31
5 2 1 31
4 4 13 30
7 3 3 31
5 4 16 30
3 3 4 31
2 3 8 29
6 3 12 29
6 2 3 30
2 3 5 30
4 3 11 29
5 2 3 46
8 2 3 57
2 3 25 56
7 2 3 71
1 3 7 71
3 4 12 71
4 2 3 70
4 3 18 70
3 2 2 70
3 3 12 70
6 3 12 69
6 3 17 71
2 3 16 72
3 3 22 71
6 3 24 68
7 2 1 70
1 3 8 70
5 3 17 69
7 2 3 70
6 3 13 71
4 3 14 70
7 3 16 73
2 3 15 75
1 3 14 75
2 3 18 70
8 2 2 71
8 3 10 70
2 3 15 70
3 2 1 71
4 2 2 70
5 3 5 68
7 3 38 66
3 2 2 70
8 2 3 73
4 3 11 73
3 2 3 78
1 2 3 82
2 4 8 81
7 3 10 83
7 3 34 83
5 3 35 82
2 3 35 82
1 3 37 82
5 3 49 80
5 2 3 83
2 3 4 83
1 4 18 84
6 4 18 86
8 3 5 85
1 4 16 86
8 3 18 85
2 4 29 86
2 4 37 86
5 4 36 86
4 3 34 82
6 3 37 87
4 3 38 80
2 3 39 85
1 3 40 81
2 2 3 86
6 3 34 85
3 3 45 86
6 2 3 86
4 3 18 87
8 3 20 87
5 4 21 87
3 3 23 89
2 3 25 89
5 4 25 89
3 4 28 90
4 4 34 91
4 3 26 91
5 4 32 90
1 3 31 89
3 3 35 92
1 3 35 91
8 3 49 88
4 2 3 85
1 2 2 86
7 3 17 85
3 3 16 85
2 3 27 84
8 3 30 83
6 3 31 82
3 3 37 81
5 3 36 83
7 2 3 84
6 3 11 85
2 3 12 86
3 4 11 87
8 4 22 86
8 5 26 85
1 3 11 88
4 3 11 88
7 4 11 87
6 3 11 87
5 3 22 89
5 3 25 85
7 3 25 90
3 3 26 84
6 3 27 90
2 5 29 87
7 2 3 89
8 3 6 89
4 4 37 88
4 3 5 90
1 3 23 90
2 4 21 90
6 3 26 88
6 2 3 94
7 2 3 93
8 3 8 92
4 3 11 94
5 4 28 93
7 3 12 92
5 3 13 94
8 3 22 91
1 2 4 3
6 3 14 2
3 2 4 16
8 3 9 17
3 3 9 19
4 3 11 15
1 4 17 14
2 3 20 13
2 3 24 14
1 2 4 18
8 3 3 18
6 3 18 16
8 3 17 16
4 2 2 18
6 3 3 18
7 2 3 18
6 2 4 30
7 2 4 31
8 3 4 30
5 2 3 32
3 2 4 31
5 2 4 32
7 3 6 32
8 3 6 31
2 2 4 39
5 2 3 39
7 3 41 39
2 3 40 38
2 4 48 39
3 3 40 36
3 3 52 38
8 2 4 59
8 3 12 60
6 2 4 65
1 3 23 64
7 4 23 63
2 2 4 69
3 3 7 68
1 4 31 66
8 3 27 66
4 2 4 82
2 3 10 81
1 2 4 82
4 3 8 81
3 3 8 81
2 3 28 81
1 2 4 86
2 2 4 96
8 2 5 1
3 2 5 11
4 3 22 10
7 2 5 10
1 2 4 10
2 3 8 10
7 3 8 12
3 3 8 13
6 3 9 13
5 4 22 12
5 3 16 15
5 3 29 13
4 3 34 12
3 3 32 12
2 2 4 11
6 3 7 10
1 3 17 8
5 2 5 14
2 3 9 14
5 3 11 13
6 2 5 15
1 2 5 15
5 2 5 15
4 3 5 15
6 3 6 15
1 3 5 17
7 4 8 16
3 2 5 25
7 2 5 25
7 3 25 25
2 2 5 27
6 2 5 33
3 2 5 32
3 2 5 37
6 3 27 37
4 3 38 37
1 2 5 38
7 2 4 38
2 3 56 38
5 2 4 39
4 3 58 38
1 2 4 39
1 3 38 39
6 3 38 39
8 2 4 40
8 3 22 39
5 3 36 39
3 3 53 38
6 2 3 41
7 4 26 39
4 3 18 40
3 3 26 39
8 3 29 38
7 3 28 39
3 3 28 38
2 2 2 41
1 3 15 41
3 4 16 41
7 3 15 42
2 4 37 43
5 3 14 42
5 3 16 43
6 3 23 45
5 4 34 43
6 4 34 44
2 3 24 44
1 4 27 41
7 3 23 44
3 3 34 40
7 2 2 41
8 3 2 41
6 3 30 40
4 3 36 42
7 4 36 40
2 2 3 42
6 3 13 41
3 4 23 40
5 2 3 42
3 3 8 42
4 3 7 44
1 3 5 44
2 3 7 44
8 3 13 42
8 4 15 40
7 3 13 42
3 3 18 45
5 3 20 41
4 2 5 39
8 3 6 37
5 3 5 37
2 3 9 40
4 3 12 36
8 2 4 37
3 3 11 36
6 3 11 35
8 3 14 34
7 2 5 43
3 3 7 43
8 2 5 43
7 2 5 54
8 4 16 54
4 3 11 55
2 3 13 56
6 3 16 54
1 3 26 52
7 3 30 53
1 2 5 57
4 2 5 62
7 2 5 67
4 3 12 65
1 2 5 71
7 2 5 70
2 2 5 69
7 3 9 68
8 2 5 74
3 3 12 73
2 2 5 75
5 2 5 78
5 3 12 76
2 2 5 78
6 5 28 76
7 3 15 79
3 3 14 78
8 4 16 79
7 5 24 79
8 3 14 76
6 3 18 80
3 3 29 78
4 2 5 83
1 2 6 6
1 2 6 19
8 2 6 18
2 3 8 19
5 4 8 20
3 2 6 18
4 2 6 17
1 2 6 17
3 3 9 15
7 2 6 21
2 2 6 20
4 2 6 20
2 2 6 24
6 2 6 25
4 3 6 24
4 4 13 23
8 3 12 26
6 3 12 25
6 3 15 26
3 2 6 23
3 3 13 23
2 2 6 36
5 3 16 35
5 4 27 34
2 3 26 35
4 2 6 39
3 2 6 39
1 3 28 39
6 2 6 56
8 3 6 55
5 3 9 57
3 3 20 53
7 3 20 51
1 3 19 51
5 3 20 57
6 3 19 57
3 3 23 52
5 3 27 50
5 2 6 73
2 2 5 73
7 2 5 73
5 2 4 73
1 2 4 73
8 2 4 73
5 2 4 73
7 2 3 74
8 2 6 76
3 3 18 77
1 3 26 79
7 2 6 79
6 3 6 79
6 3 10 79
4 3 16 78
3 3 20 80
6 3 21 79
3 2 6 89
5 3 13 90
8 4 12 91
2 3 12 89
3 2 6 95
5 2 7 12
2 2 7 13
1 4 24 11
8 3 25 11
1 2 7 29
2 2 7 33
8 2 7 54
1 3 6 54
8 3 15 52
6 3 35 50
6 2 7 61
2 2 7 60
3 3 15 61
6 3 15 61
8 2 7 64
3 3 12 65
5 3 12 66
4 3 18 65
5 2 6 64
2 2 7 65
7 3 22 66
5 2 6 66
5 4 19 65
8 3 5 66
6 3 21 64
6 2 5 66
3 3 4 67
6 3 7 66
1 3 7 65
2 3 8 68
2 4 9 65
6 3 22 64
8 3 21 65
8 2 4 68
1 2 4 68
6 3 3 68
4 3 12 68
4 2 4 67
5 3 15 66
1 4 14 66
8 2 7 69
4 2 7 91
3 2 7 92
2 3 25 92
2 2 7 93
4 3 22 91
1 2 7 94
8 3 23 92
1 2 7 99
6 2 6 99
5 2 7 99
1 3 27 98
6 2 8 1
3 2 8 11
1 3 8 11
8 3 16 10
4 2 8 14
3 2 8 18
4 2 8 17
2 2 8 25
4 3 17 25
8 3 24 26
7 2 8 25
3 2 8 34
2 3 9 34
6 2 8 33
4 3 18 34
3 3 17 36
1 3 16 36
6 5 20 34
7 3 24 36
1 3 24 37
2 4 23 38
5 3 22 37
4 4 24 38
1 2 8 33
3 3 7 33
8 2 8 35
2 3 13 34
8 3 14 35
4 3 15 35
6 3 24 37
6 2 7 35
6 2 8 39
4 3 19 40
4 3 23 41
2 3 28 38
3 3 27 38
2 2 8 46
7 2 7 47
2 3 23 45
8 3 23 44
1 2 6 47
7 4 27 45
4 3 18 46
8 3 17 45
1 3 22 43
7 2 6 47
8 3 12 48
4 3 27 48
8 4 27 48
3 3 27 47
1 4 27 49
5 2 6 48
2 3 26 49
5 3 25 49
3 3 25 50
8 3 29 49
7 2 8 53
8 3 17 54
3 2 8 56
5 2 8 65
5 2 8 81
3 2 9 12
3 2 9 27
5 3 15 26
4 3 15 27
2 2 9 47
1 2 9 48
4 2 9 48
1 3 23 46
8 2 9 58
4 3 11 58
4 3 18 57
1 3 21 58
7 2 9 57
1 3 11 58
5 3 9 58
2 3 14 56
6 2 9 69
7 2 9 85
8 3 32 83
6 3 33 84
8 2 9 85
7 3 33 85
6 2 9 94
1 2 9 93
7 3 18 93
4 3 17 95
5 2 9 93
3 3 11 92
7 3 21 91
2 3 20 90
3 3 22 89
3 2 9 94
8 3 15 94
4 2 10 25
1 2 10 24
7 2 9 25
5 2 10 28
7 2 10 28
8 2 10 28
3 3 13 26
3 2 9 29
6 3 16 27
7 2 10 29
1 2 10 39
1 3 27 38
4 2 10 46
1 2 10 65
5 2 10 64
7 3 13 63
5 3 16 65
6 2 9 64
4 3 15 63
3 2 10 68
1 2 10 77
8 3 16 76
7 2 9 78
2 3 13 77
1 4 15 79
8 3 15 79
3 3 14 80
5 3 24 81
4 2 10 78
3 2 10 87
4 2 10 89
6 3 35 88
3 2 10 97
6 3 11 95
1 2 9 97
2 2 10 97
6 2 11 10
6 2 11 26
4 2 11 35
3 3 13 34
3 2 11 36
1 2 10 36
3 2 11 48
2 2 10 49
6 3 20 47
6 3 21 49
5 3 21 49
7 3 22 46
7 2 9 49
2 3 13 47
7 2 11 47
4 3 13 48
4 3 19 48
1 2 11 54
6 4 12 53
6 2 11 59
3 3 11 58
5 3 11 60
4 2 10 62
1 3 12 61
8 2 10 61
7 2 10 62
8 2 11 58
4 2 11 66
7 2 11 68
2 2 11 69
8 2 10 69
2 2 11 72
1 2 11 72
1 2 11 82
2 2 11 81
4 3 22 82
6 3 21 82
2 3 29 83
3 2 11 87
7 3 21 85
1 3 22 86
1 2 11 90
6 3 15 90
1 3 15 89
5 3 14 90
5 3 19 89
6 3 23 88
7 3 22 90
8 2 11 94
1 2 10 95
2 2 12 5
7 2 12 7
5 2 12 7
4 2 12 8
3 3 14 8
2 2 12 11
5 3 12 11
6 2 12 11
6 2 12 26
7 2 12 25
3 2 12 26
8 2 12 46
5 2 12 48
3 2 11 48
5 2 10 48
2 2 12 56
5 2 12 72
3 2 12 78
4 2 12 80
7 2 12 80
6 2 12 87
4 2 12 87
1 3 12 87
3 3 12 87
7 2 11 87
4 3 14 86
5 2 12 86
6 3 12 87
8 3 31 84
7 2 12 91
8 3 14 91
6 2 13 13
2 2 13 12
7 2 13 12
3 3 17 12
1 2 13 15
4 2 13 16
2 2 13 26
7 2 13 54
2 2 13 53
8 2 13 52
1 2 13 51
4 3 21 51
4 2 13 54
5 2 13 63
3 2 13 64
6 2 13 82
7 2 13 88
7 2 13 93
5 3 13 92
2 2 12 93
6 4 12 92
5 2 13 99
2 2 14 11
8 2 14 42
6 2 14 43
7 3 16 44
4 2 14 63
8 2 14 80
6 2 14 84
6 3 29 85
8 2 13 85
5 3 14 84
1 3 16 84
2 3 18 83
1 3 26 83
1 2 15 27
1 2 15 34
3 2 15 59
6 2 15 66
2 2 15 76
3 2 15 80
7 3 15 81
6 3 15 82
4 2 14 81
5 4 14 80
1 3 15 81
4 3 21 83
8 2 15 85
3 2 15 85
4 2 15 84
1 2 15 92
7 2 15 91
8 3 14 92
7 2 16 1
5 2 16 1
1 2 15 1
8 2 15 1
6 2 16 4
1 2 15 5
7 2 16 12
1 2 16 15
7 2 16 26
2 2 16 25
6 3 18 25
2 2 16 79
5 2 15 80
8 2 17 3
4 2 16 3
2 2 17 8
8 2 16 8
1 2 17 8
7 3 16 9
5 2 16 9
1 2 15 10
6 2 16 8
2 2 17 63
5 2 17 83
6 2 17 97
8 2 17 98
4 2 16 99
3 2 18 3
7 3 23 2
1 2 18 23
5 2 18 22
8 2 17 23
5 2 18 38
6 2 17 38
7 3 23 37
3 2 18 46
7 2 18 49
7 2 18 77
1 2 17 77
8 2 18 78
5 2 19 2
1 2 19 3
8 3 20 2
7 2 19 2
2 2 19 4
4 2 19 23
8 2 19 28
8 2 19 59
1 2 18 59
1 2 20 27
7 2 20 52
8 2 19 52
7 2 20 84
1 2 20 98
6 2 21 26
4 2 20 26
8 2 21 26
2 2 21 38
4 2 21 39
7 2 21 40
6 2 20 40
8 2 21 39
4 2 21 39
1 3 21 38
6 3 23 39
8 2 20 38
3 2 20 37
7 2 19 38
6 2 20 37
5 2 19 37
1 2 19 38
4 2 24 1
5 2 24 98
3 3 31 99
5 2 25 13
2 2 28 86
1 2 28 89
3 2 28 89
2 2 29 100
5 2 32 1
5 2 32 45
2 2 33 100
3 2 33 100
1 2 44 100
6 2 45 100
4 2 44 100
