16431
2405
6 8 35 20
4 8 59 39
4 8 84 52
6 9 107 7
7 7 6 41
8 7 52 51
6 7 84 51
5 8 111 20
7 6 1 72
1 7 75 73
6 6 8 2
5 6 22 54
6 6 22 74
4 6 21 74
2 6 19 74
5 8 84 76
4 6 24 4
3 6 42 5
5 6 53 28
6 7 60 29
8 6 56 11
3 8 63 10
1 7 71 7
3 6 60 19
6 6 61 13
3 6 65 44
3 6 86 7
4 6 96 64
6 6 116 36
8 5 2 9
5 5 4 17
8 6 23 13
4 6 98 17
1 6 101 14
4 5 5 8
5 5 5 10
7 11 94 7
3 5 6 27
5 6 56 27
1 7 77 29
7 6 98 32
2 5 8 13
7 5 10 32
7 6 61 30
5 5 12 7
4 6 46 7
1 5 13 9
5 5 14 17
4 6 80 18
6 6 116 50
1 5 16 16
5 5 17 53
8 5 17 54
7 6 44 54
3 5 21 1
7 6 20 1
8 6 71 52
1 6 83 3
8 8 86 3
3 5 24 42
5 5 28 61
6 5 31 10
8 5 38 27
1 6 104 27
4 6 106 3
2 5 42 62
6 5 46 51
3 6 53 50
8 5 49 77
3 5 52 62
7 5 64 39
2 5 69 21
5 5 74 63
7 5 76 49
8 5 77 17
8 6 108 27
2 5 78 45
4 5 79 37
1 5 81 23
2 5 84 14
4 5 92 40
5 5 95 72
6 5 102 34
5 6 113 41
6 4 3 27
1 5 10 26
5 4 3 32
3 6 6 31
5 7 7 30
4 5 31 31
3 6 55 30
4 6 85 31
1 4 4 7
6 5 45 8
5 4 4 25
3 6 23 24
2 5 23 28
5 6 92 24
8 5 105 30
2 4 5 27
2 5 70 24
3 5 77 25
1 4 6 28
7 4 7 38
5 5 8 37
4 5 112 37
3 4 7 73
6 6 10 73
3 5 10 72
2 6 31 71
7 6 88 74
5 4 8 14
6 5 44 16
4 5 54 17
6 5 53 17
6 6 100 14
3 5 51 18
2 6 102 18
7 4 8 40
7 5 13 38
8 5 14 36
2 5 20 42
6 5 58 33
7 6 88 43
5 5 95 45
8 5 104 19
2 4 11 11
8 5 103 7
5 4 11 26
8 4 11 58
5 5 34 58
8 5 38 56
2 5 57 55
1 5 105 46
6 6 117 57
4 4 13 35
2 5 57 32
5 4 13 68
1 5 42 67
8 4 14 30
4 4 15 16
3 5 16 15
2 5 85 29
1 5 101 13
4 4 15 63
1 5 31 61
8 5 30 63
2 7 51 59
1 5 39 63
1 5 60 61
6 4 15 62
3 6 37 61
1 5 25 61
6 7 61 58
4 4 15 62
5 4 15 73
2 4 14 74
4 6 65 72
7 6 66 73
2 4 18 5
4 4 17 6
4 7 36 3
3 4 16 6
6 6 64 4
3 5 64 7
1 6 80 7
3 5 86 7
7 4 18 28
4 6 24 27
6 5 77 28
7 4 23 55
8 6 55 56
7 6 54 55
8 7 63 58
4 5 38 55
2 5 39 56
3 5 67 55
1 4 25 41
1 5 51 42
6 5 65 39
3 4 25 72
3 5 92 70
6 4 28 70
2 4 29 5
5 7 46 4
4 6 77 6
8 5 102 1
2 4 29 44
4 6 48 44
7 5 44 43
5 7 48 44
3 4 31 29
1 5 33 29
2 6 48 31
5 5 53 34
6 4 31 49
1 5 90 50
8 5 94 48
3 4 33 70
8 5 57 69
8 4 33 68
2 5 78 68
7 5 82 68
5 4 35 71
7 4 36 8
2 4 36 55
7 4 38 33
6 5 46 32
1 4 39 11
4 4 39 36
3 4 39 65
7 4 40 24
1 5 67 24
2 5 102 3
2 4 41 21
1 5 87 21
6 7 89 20
8 4 41 33
2 4 41 34
8 4 41 46
3 4 42 57
5 4 45 70
3 4 46 32
4 4 46 51
4 7 97 50
3 4 49 5
6 4 49 38
6 4 49 42
7 5 58 51
6 5 92 52
5 4 49 42
8 4 51 9
2 4 53 61
5 4 57 27
3 4 58 31
4 4 57 33
7 4 61 36
7 4 62 60
8 4 63 11
1 4 65 54
5 4 63 56
7 5 84 53
4 4 66 75
2 4 69 53
4 5 91 34
6 4 70 51
1 6 93 52
8 4 74 15
8 4 74 27
6 4 76 66
6 5 84 16
8 7 101 13
7 4 77 3
1 4 78 14
4 4 79 12
8 4 80 46
4 4 81 65
1 4 84 8
5 4 86 18
1 6 98 19
1 4 85 18
7 4 86 32
8 7 91 31
8 4 89 18
8 4 93 63
4 4 94 46
3 6 95 43
5 4 94 48
1 4 94 77
8 4 96 76
5 4 99 11
7 5 97 14
7 4 99 23
6 4 102 57
6 4 104 20
6 4 109 47
3 3 1 41
7 4 26 40
4 4 36 43
3 3 1 45
7 3 2 21
8 4 29 20
5 4 30 21
3 4 39 22
3 6 52 22
8 5 52 21
4 4 51 21
6 4 50 22
8 5 63 22
1 4 76 20
8 4 104 23
3 3 2 35
6 4 7 36
3 4 16 36
6 4 102 38
4 3 1 35
6 3 2 63
8 4 56 62
7 4 56 60
5 4 63 59
4 4 90 61
6 4 97 57
3 4 95 58
3 3 2 70
6 4 17 71
6 4 48 71
7 4 68 69
8 4 87 72
4 3 2 71
1 4 67 69
7 3 2 70
7 4 12 71
6 4 31 69
4 5 59 67
5 6 83 71
2 4 31 68
4 4 32 66
7 4 33 63
3 4 39 64
1 4 50 67
5 6 53 64
5 4 50 72
6 4 50 73
4 4 51 68
5 5 53 73
4 4 61 69
8 4 67 66
3 4 86 75
2 3 2 68
2 4 23 67
5 4 81 68
8 5 100 66
5 3 2 73
8 4 19 71
6 4 60 71
3 4 59 72
6 3 3 8
2 4 33 5
7 4 40 6
2 4 57 4
3 4 55 5
6 4 68 2
1 4 69 3
2 4 88 5
1 3 3 15
6 4 3 14
7 4 6 15
8 6 7 16
3 7 67 14
4 5 19 15
3 4 37 14
4 4 60 17
1 4 89 16
7 3 3 13
7 4 66 13
4 3 3 37
5 4 85 38
8 4 97 38
8 3 4 23
6 4 45 21
3 4 59 21
3 5 66 23
7 4 70 26
1 3 3 24
6 4 4 23
2 4 36 25
7 3 4 27
8 4 36 25
4 5 62 25
2 4 85 28
5 5 89 23
6 3 4 55
4 4 30 52
6 4 48 53
8 4 78 54
3 4 78 55
1 4 87 50
4 3 4 62
5 4 51 61
6 4 54 62
3 3 5 17
7 5 6 17
8 7 74 16
2 4 31 15
7 5 57 17
5 4 56 17
8 4 59 19
2 4 71 16
7 4 78 13
3 3 5 36
6 5 21 35
6 4 22 36
4 6 44 34
6 4 34 37
2 4 67 35
4 4 69 33
6 5 69 34
4 4 70 36
3 4 71 35
3 4 87 34
1 3 5 38
8 4 47 38
3 4 82 38
1 4 80 39
1 3 5 56
2 3 6 64
4 5 67 65
1 4 66 68
2 4 66 67
6 4 92 66
6 3 7 6
6 4 24 4
1 4 31 5
3 4 33 4
8 4 44 7
4 4 84 9
3 3 7 36
4 3 7 37
6 4 7 36
3 4 18 39
5 4 18 40
4 4 19 36
8 5 24 39
2 4 54 36
2 4 87 42
2 3 7 58
8 4 30 59
7 4 29 58
1 4 35 56
8 5 36 55
4 5 77 57
2 3 8 3
5 5 13 3
4 4 22 4
6 5 25 3
6 4 31 5
4 4 52 6
1 4 79 3
3 4 86 6
1 3 7 3
5 4 68 2
7 3 7 4
6 4 12 5
2 4 46 5
1 3 8 27
8 4 26 29
3 4 39 27
3 4 56 26
4 3 8 39
5 4 23 38
1 4 35 38
8 4 35 41
1 4 62 41
5 3 8 48
4 4 22 49
1 4 66 51
4 4 65 52
6 4 92 47
8 6 99 48
2 4 93 46
4 4 102 48
2 4 104 48
5 3 9 13
1 4 41 11
1 5 50 9
2 4 87 13
3 3 9 40
2 4 9 41
2 4 18 42
7 4 25 41
3 4 23 41
2 4 64 40
8 4 65 40
6 4 73 39
7 3 7 42
6 4 7 43
2 4 78 44
1 4 86 43
7 4 90 45
3 6 91 43
3 4 97 45
5 3 8 41
3 5 69 41
6 3 10 23
2 4 63 22
1 3 10 58
4 4 13 57
8 4 24 56
4 4 60 57
6 4 67 57
8 5 85 58
5 4 83 61
7 3 11 51
1 3 11 50
2 6 17 50
8 4 66 51
1 4 65 52
5 4 87 49
1 4 88 49
2 4 90 49
3 3 11 53
7 4 13 52
8 6 30 50
6 4 10 52
6 4 28 52
2 4 66 51
8 3 12 11
3 4 29 10
3 4 45 10
6 4 54 8
8 3 13 1
5 3 13 51
8 3 12 50
7 4 20 49
2 4 21 51
8 4 21 53
7 4 41 55
8 4 60 55
5 4 77 49
6 4 87 48
1 3 12 52
1 4 31 50
3 4 46 52
6 3 14 20
2 4 27 20
1 4 28 21
1 4 43 19
6 4 56 20
5 4 70 16
6 3 14 29
8 4 15 29
3 4 20 28
2 4 21 26
8 4 25 29
3 4 25 30
6 5 24 32
7 4 30 32
5 4 85 33
1 4 84 34
1 3 15 16
5 4 84 15
5 3 15 17
8 3 15 34
7 4 18 36
2 4 22 33
5 5 35 32
5 6 76 31
5 4 48 34
4 4 52 34
3 3 16 15
2 3 16 28
1 3 15 29
5 4 65 27
8 4 68 25
3 4 75 29
5 3 13 29
2 3 16 47
4 3 16 55
2 3 16 71
4 4 17 70
1 4 27 71
6 4 26 73
7 4 29 68
3 4 28 68
6 4 30 74
2 4 43 73
5 4 48 76
2 4 61 70
1 4 70 73
1 4 72 72
6 4 89 75
2 5 94 76
2 4 99 77
7 3 16 75
3 4 38 73
8 7 70 70
2 4 50 75
2 5 67 74
4 5 70 75
4 4 70 69
6 4 94 77
4 4 110 78
2 3 17 37
1 4 44 37
2 4 44 37
8 4 75 36
5 4 77 34
6 4 76 37
7 3 17 66
8 4 48 66
6 5 59 65
8 3 18 2
7 4 56 2
4 5 55 3
3 4 74 3
2 3 18 16
4 4 31 14
6 3 18 32
4 3 18 45
6 4 30 43
7 4 59 45
6 4 73 46
7 4 82 48
6 3 18 67
7 4 22 68
7 3 18 71
5 3 19 7
5 4 45 8
1 5 57 6
8 3 19 43
8 4 42 41
4 4 86 45
7 3 19 45
1 4 54 44
7 4 82 45
5 4 88 44
6 3 19 65
8 4 62 63
6 3 20 17
8 3 20 68
4 3 21 4
7 3 21 24
8 5 45 23
6 4 54 25
5 4 62 25
6 4 62 24
3 4 89 20
7 3 22 8
2 4 77 6
8 3 22 10
4 4 35 9
6 3 22 39
7 4 46 36
6 4 45 36
1 4 48 36
8 4 49 37
7 4 62 34
6 3 22 47
2 3 22 62
3 4 48 60
7 3 23 3
6 4 52 1
6 4 61 5
6 4 66 3
5 5 74 6
5 3 23 20
4 3 23 63
8 3 24 75
4 4 41 74
6 3 25 46
7 4 28 46
6 4 56 47
3 4 89 47
5 3 25 56
6 4 73 55
2 3 26 71
7 4 45 69
2 4 66 70
6 4 65 72
2 3 27 2
2 3 27 13
1 5 48 12
8 4 88 11
8 3 26 13
1 3 27 42
7 5 61 41
6 3 27 55
2 5 71 54
8 4 71 57
1 3 26 54
7 4 25 53
5 4 31 55
3 4 37 55
1 4 51 52
5 4 70 53
3 4 70 53
5 3 27 63
3 4 52 62
1 4 58 64
5 4 69 64
1 3 27 64
6 4 71 64
5 3 28 2
4 4 28 3
3 4 44 2
2 4 48 1
1 4 65 1
3 3 28 55
4 3 28 54
1 4 37 54
6 4 49 55
2 4 52 53
7 3 27 55
1 4 28 54
8 5 27 54
1 3 29 6
8 3 29 6
7 3 29 26
6 3 29 51
6 4 44 49
3 4 54 50
3 4 67 51
8 4 71 49
3 3 29 56
3 4 58 54
6 3 29 58
2 3 29 61
4 3 30 8
5 4 46 9
5 3 31 8
2 3 31 32
2 3 31 42
3 3 30 43
7 4 75 42
2 3 32 12
3 3 31 11
3 4 67 12
2 3 32 22
8 3 32 36
7 3 32 44
6 3 32 65
1 4 52 66
1 4 75 66
7 4 73 66
2 4 80 65
5 3 32 65
3 4 56 64
3 3 32 74
6 4 37 73
4 3 33 75
3 4 74 75
8 3 33 74
2 5 33 72
4 4 63 73
7 3 34 11
8 3 34 13
7 4 40 13
4 3 34 34
3 5 34 33
2 3 34 78
7 4 64 78
5 3 35 54
4 4 56 52
5 4 60 49
3 3 36 1
2 5 62 2
7 3 36 30
5 3 36 53
5 4 61 52
7 4 60 51
2 3 36 57
1 3 36 61
4 4 47 60
6 4 47 59
7 4 53 61
8 4 55 59
4 4 57 63
5 3 37 12
3 4 49 11
2 5 83 10
2 3 36 12
6 4 60 11
7 3 36 11
8 3 37 10
4 3 38 57
2 4 40 56
1 3 39 1
3 3 39 48
1 3 39 53
4 4 40 52
7 3 39 66
8 4 72 67
4 3 40 7
5 3 40 14
2 5 59 12
3 3 40 37
3 6 41 35
4 3 40 46
1 4 81 47
3 3 41 23
2 3 43 57
8 3 44 1
4 3 44 47
7 4 51 48
7 3 45 8
5 3 44 7
8 3 46 34
8 4 50 35
4 4 69 38
5 3 46 75
8 4 58 75
4 3 47 14
6 3 47 30
5 3 47 31
4 5 70 31
6 3 47 32
4 3 48 52
1 3 48 53
3 3 48 74
3 3 49 51
8 3 49 53
2 3 48 54
8 3 49 55
5 3 50 4
3 3 51 1
6 3 50 3
4 3 51 2
7 4 50 1
8 3 50 1
6 3 51 1
8 3 51 18
6 3 51 27
3 4 73 28
1 3 51 53
2 4 49 54
7 4 49 53
6 3 51 63
2 3 51 63
4 3 51 65
5 3 51 70
5 3 52 59
4 4 57 58
6 3 52 78
5 3 53 26
6 3 53 32
5 4 54 29
1 3 53 33
2 3 53 31
8 3 52 31
3 3 52 31
3 3 54 23
8 3 54 25
4 4 54 23
8 3 55 58
8 3 55 65
1 3 55 65
4 3 57 12
5 3 57 11
8 3 56 11
4 3 55 10
4 3 57 18
6 4 57 18
3 4 57 17
1 4 59 16
3 4 74 19
5 3 57 18
4 3 58 32
1 3 59 44
4 3 59 49
7 3 59 57
5 4 69 59
6 3 60 10
6 3 60 43
2 3 60 42
2 3 60 57
8 3 60 57
4 3 59 59
3 4 58 60
3 3 61 76
1 3 62 37
5 3 62 37
4 3 63 75
3 3 63 76
8 5 69 76
5 4 74 77
7 6 84 77
4 3 65 46
2 4 64 46
8 3 68 18
7 3 68 47
7 3 68 77
6 3 69 27
2 3 70 43
1 3 69 43
3 3 73 60
8 4 72 61
1 3 73 77
8 3 73 79
3 4 100 78
7 3 72 79
6 3 74 60
7 3 75 20
6 3 75 60
1 3 76 22
4 3 77 64
7 3 79 47
2 3 77 47
3 3 82 67
2 4 80 67
7 3 88 1
3 2 1 10
8 4 23 9
2 4 33 10
2 3 4 9
3 3 4 11
1 3 19 7
2 3 18 8
2 3 21 7
2 3 22 11
8 5 39 10
7 4 55 11
1 3 23 11
5 3 31 9
3 4 36 10
6 4 47 12
7 4 56 13
1 3 34 6
2 3 34 5
4 3 42 8
3 4 53 9
8 3 47 9
3 3 51 4
1 2 1 11
1 3 15 10
2 4 55 8
3 3 16 10
1 4 22 9
8 3 21 9
4 3 21 10
2 3 22 9
3 4 41 9
4 3 37 12
4 4 48 9
7 3 39 9
7 3 47 8
5 4 53 6
5 3 49 12
2 3 52 7
7 4 52 6
6 2 1 10
2 3 3 11
7 3 4 12
7 4 12 11
6 4 25 11
7 5 42 10
8 3 3 11
8 4 40 10
5 3 11 11
2 4 14 12
7 4 21 11
1 3 11 10
5 3 10 10
1 4 18 10
7 3 16 14
6 5 39 13
3 3 17 11
4 5 17 11
1 3 18 11
6 3 18 10
1 3 23 10
3 3 28 8
8 3 36 9
2 3 35 9
2 3 38 14
3 3 38 14
8 3 39 13
4 3 40 13
3 3 46 16
6 3 52 15
7 3 51 16
6 3 50 18
8 2 1 10
5 3 20 8
7 3 28 11
5 3 30 10
1 3 45 8
8 3 50 13
6 2 1 18
2 3 9 17
5 3 46 16
7 3 46 17
1 3 47 18
8 3 48 16
4 3 49 14
2 2 1 25
3 3 9 25
2 4 59 23
2 3 19 24
3 5 19 24
1 4 33 26
6 4 75 21
4 3 19 26
8 4 18 26
7 4 64 23
5 3 17 27
6 4 28 25
4 6 26 25
2 4 49 23
1 3 20 27
5 3 23 26
4 3 34 28
7 4 40 25
2 3 35 24
7 4 57 25
2 3 37 23
5 3 47 22
3 3 50 28
7 3 51 29
4 3 52 22
7 3 52 24
8 4 54 22
1 3 52 22
6 3 55 28
5 3 56 23
4 3 57 23
2 3 60 21
8 3 60 21
6 3 61 19
5 3 67 29
1 3 66 30
2 3 66 29
1 2 1 25
5 3 31 24
7 3 48 23
6 3 53 21
8 3 55 24
4 3 62 21
1 3 61 23
2 3 61 24
3 3 65 20
7 3 65 26
4 4 63 27
8 3 64 28
2 3 66 20
5 3 67 19
2 2 1 41
8 4 27 40
6 4 26 39
5 4 26 43
8 4 66 43
8 3 11 42
5 4 42 42
6 4 41 40
3 4 46 41
8 5 44 42
7 3 12 43
4 3 21 40
3 3 22 42
1 3 25 38
7 3 26 40
4 4 34 39
7 4 52 37
3 4 60 36
2 3 28 36
5 3 36 37
7 3 39 37
5 4 48 35
8 3 39 37
4 4 39 36
5 3 39 38
3 3 39 36
2 4 50 34
5 3 41 41
3 3 42 35
7 4 66 33
6 3 43 40
6 3 44 44
6 3 45 40
5 3 48 35
3 3 47 34
3 3 49 34
8 3 49 33
1 3 49 37
7 3 57 45
1 3 71 45
8 3 70 45
6 2 1 42
6 3 13 41
7 3 14 42
1 4 35 41
3 5 34 42
2 4 35 43
4 4 43 43
6 4 44 43
3 3 17 43
2 3 21 39
8 3 21 40
4 3 21 44
2 3 22 46
5 3 20 47
8 4 50 47
3 4 73 47
7 3 20 46
1 5 23 46
6 4 33 49
6 4 60 46
1 3 31 45
4 4 47 44
8 3 32 39
2 3 33 40
7 3 42 51
8 4 55 51
1 3 43 49
2 4 42 48
4 4 42 49
5 4 49 45
7 3 41 49
1 5 48 48
1 4 48 49
8 3 43 51
5 3 40 52
8 3 39 51
4 3 39 50
3 3 44 44
7 3 44 52
2 3 46 46
2 3 46 50
5 3 45 50
4 3 48 38
7 3 48 49
1 3 50 46
7 3 52 47
5 3 54 48
4 3 55 49
3 2 1 52
8 3 9 52
4 3 17 52
3 4 38 53
3 3 21 51
1 4 24 50
8 4 46 48
3 3 30 49
2 6 44 48
4 4 51 47
8 3 34 50
3 3 36 50
4 4 42 49
1 3 35 50
6 4 37 50
3 3 36 50
8 3 36 50
1 2 1 54
2 4 26 55
4 4 25 57
5 3 12 55
4 4 57 56
7 3 31 57
1 4 36 57
8 3 31 58
7 4 39 57
6 3 32 54
4 3 31 54
8 3 34 55
4 3 41 58
6 3 56 58
1 3 55 57
7 3 55 57
2 4 54 56
5 3 55 57
1 3 67 59
7 3 73 60
2 3 73 61
7 2 2 2
4 4 35 1
4 3 2 1
1 3 13 3
2 3 30 4
5 3 39 4
8 3 37 4
4 3 44 1
2 2 1 1
8 2 1 1
7 4 40 1
7 3 60 2
5 2 1 1
4 3 10 1
3 3 8 1
5 3 11 2
6 4 20 2
4 3 17 1
8 3 19 3
6 3 43 4
2 5 41 4
1 3 41 3
8 3 43 5
7 3 41 6
1 3 51 3
1 3 52 6
1 2 1 2
2 3 5 3
7 3 8 2
5 3 15 3
1 3 35 4
4 3 36 2
2 3 52 1
3 2 2 3
3 3 5 3
1 3 38 3
2 3 40 1
8 4 39 1
2 3 44 5
6 3 45 1
5 2 2 5
7 3 15 3
1 4 33 1
3 3 21 2
5 4 26 4
3 3 22 4
2 4 44 6
2 3 21 4
2 3 26 6
6 3 26 5
4 4 36 6
7 3 27 3
5 3 32 3
5 3 41 7
5 2 2 7
4 3 9 6
5 3 17 7
8 3 18 5
6 4 41 6
5 2 2 16
4 3 19 15
6 3 32 14
1 3 33 15
2 3 32 15
8 3 33 17
7 3 34 16
2 3 39 18
2 3 48 19
4 3 59 19
6 2 2 20
6 3 34 20
7 4 57 18
3 3 44 20
6 3 58 19
7 3 66 20
4 2 2 50
5 3 5 49
4 3 24 49
3 3 30 51
6 3 31 50
7 3 32 48
2 3 31 49
7 3 32 49
1 3 34 48
3 3 42 47
8 3 49 47
5 2 1 50
2 3 2 50
8 3 5 48
8 4 22 46
5 3 26 46
5 3 35 51
5 3 54 44
8 2 2 52
1 3 7 52
2 3 7 52
7 3 7 52
6 3 23 51
5 3 22 51
7 3 25 49
1 3 25 50
8 3 38 53
5 2 2 53
6 3 7 53
5 4 22 53
6 3 10 53
1 3 11 54
2 3 12 56
1 3 24 58
3 3 26 55
3 3 33 57
5 3 36 57
2 3 38 57
8 3 40 54
3 3 45 60
1 3 46 56
2 3 46 60
2 2 2 65
5 3 44 65
3 3 75 64
8 2 2 65
7 4 73 64
2 3 47 64
1 3 50 64
8 3 52 65
3 3 64 63
3 3 71 64
2 3 73 67
5 2 1 65
5 3 25 65
3 4 46 64
3 3 50 67
3 4 60 67
6 4 70 69
4 3 65 65
4 3 70 68
3 2 2 66
4 3 1 67
4 3 7 64
3 4 20 64
2 3 5 65
7 4 39 63
5 4 51 65
2 4 66 61
7 3 10 65
7 4 33 63
5 3 14 65
3 4 15 65
2 3 31 68
3 4 30 68
4 4 30 67
3 4 65 69
8 4 71 69
5 3 33 63
6 3 36 66
5 3 49 61
3 3 52 69
8 3 52 71
5 3 52 72
8 3 55 69
7 4 57 70
5 3 55 70
7 4 60 69
1 2 1 68
2 5 18 66
7 3 15 68
1 4 57 68
3 3 30 65
3 3 52 67
4 3 54 68
7 2 2 67
1 3 26 65
7 3 46 67
1 3 47 64
5 2 1 67
6 3 23 67
3 3 27 65
7 3 42 67
7 4 50 67
1 3 42 67
5 5 47 66
4 3 41 68
4 3 48 66
6 5 49 66
5 2 2 67
3 4 44 66
6 3 16 67
1 3 15 66
2 4 24 64
2 3 20 67
7 4 42 67
5 3 33 69
6 3 31 70
7 4 30 70
8 4 55 71
6 3 34 63
4 3 35 63
8 3 34 62
1 3 34 64
6 3 37 67
5 3 40 71
1 3 42 61
2 3 43 72
7 3 44 59
5 3 44 58
2 3 45 61
4 3 48 62
4 3 48 72
2 4 59 71
5 3 48 72
1 3 54 71
4 3 53 71
8 5 59 70
2 3 52 70
6 3 57 70
4 3 62 60
7 2 1 67
8 3 13 65
6 3 20 64
5 4 23 65
7 3 22 67
6 4 32 65
1 3 29 63
3 4 34 61
8 3 38 62
7 3 39 68
1 3 47 62
6 4 58 60
6 3 49 60
5 3 50 62
6 2 2 66
4 3 4 67
1 3 3 66
3 3 4 66
6 3 11 68
4 3 22 65
5 3 28 64
8 3 28 63
4 3 29 69
1 3 40 71
1 3 41 63
7 3 48 62
8 2 1 67
8 3 13 67
5 3 17 68
2 3 21 66
1 3 27 70
8 4 27 69
3 3 25 71
3 4 44 70
4 3 33 72
2 3 33 71
1 3 47 73
6 3 46 74
7 3 48 73
3 2 2 71
4 3 25 70
7 3 24 71
4 4 38 71
1 3 22 71
6 4 28 71
8 3 25 70
4 3 25 71
3 4 24 71
5 3 32 74
7 4 31 74
6 3 32 76
6 4 59 75
8 3 36 74
8 4 67 76
7 3 39 75
5 3 50 76
8 3 56 75
6 3 64 75
7 3 63 76
8 3 78 78
1 2 2 71
1 3 9 71
3 3 15 69
5 4 20 67
4 3 17 68
2 3 17 70
4 3 16 71
2 3 24 69
3 3 26 70
6 3 35 72
3 3 39 72
6 3 47 73
8 3 46 73
3 2 2 75
2 3 36 76
7 3 40 75
8 3 49 75
8 2 2 77
4 4 6 75
3 3 4 77
7 4 28 77
2 3 14 74
4 3 18 72
4 3 25 71
5 3 32 76
2 3 40 72
5 3 54 76
3 4 53 75
2 3 55 78
1 3 57 79
7 3 61 77
2 3 63 78
3 4 63 78
5 3 72 78
3 3 75 78
2 2 3 23
8 4 19 22
4 3 5 23
7 3 11 25
6 3 15 24
4 4 22 23
7 3 20 24
1 3 42 22
2 3 49 26
3 3 50 22
8 3 59 21
1 2 3 29
6 5 33 28
2 3 24 27
5 3 36 29
6 4 56 28
8 3 34 29
1 3 39 28
3 3 43 28
2 3 48 31
2 3 51 29
8 3 56 31
3 3 56 30
1 2 3 43
8 4 23 41
2 3 26 39
1 3 52 44
6 2 2 43
7 3 3 43
6 3 14 42
1 3 14 41
4 3 15 40
2 3 16 42
5 3 26 41
4 4 29 43
6 3 28 44
6 3 34 42
5 3 33 42
5 3 35 42
2 2 2 44
3 3 2 43
5 3 10 44
7 4 9 45
1 4 39 45
3 3 40 45
3 2 3 42
7 4 29 42
8 3 28 43
7 3 31 41
2 6 31 40
4 4 29 43
8 3 30 40
5 3 34 39
1 3 33 39
5 3 39 40
2 3 51 38
6 2 3 49
1 4 28 48
2 4 29 47
1 3 42 47
6 3 42 46
4 2 3 50
4 2 3 53
8 4 6 53
5 3 15 55
1 3 36 57
8 2 2 54
2 4 2 53
3 3 5 52
1 3 6 54
5 3 7 52
4 3 6 53
2 3 14 53
1 3 14 56
6 3 20 56
8 3 21 55
2 3 24 56
7 3 24 55
6 4 24 55
4 3 24 56
1 3 27 54
6 2 1 53
2 3 16 52
6 2 3 58
3 3 3 58
4 3 4 57
5 4 32 55
1 3 7 58
4 4 25 59
5 3 24 57
3 3 25 61
3 2 3 61
8 3 2 62
6 4 4 61
2 5 41 60
6 4 39 61
5 2 2 62
6 4 14 61
2 4 12 62
8 3 13 61
3 3 23 63
5 3 24 65
8 3 24 63
1 3 41 60
8 3 41 59
3 3 46 60
2 3 48 60
8 3 47 60
5 3 56 59
1 2 3 63
7 3 36 62
7 2 3 62
7 4 5 61
4 4 35 62
5 3 18 62
7 4 17 63
2 4 17 61
6 5 19 62
5 3 21 64
7 3 19 64
8 4 24 62
4 3 19 64
1 4 23 64
6 3 21 64
8 2 3 65
3 3 18 64
2 3 18 63
7 3 20 64
2 2 4 7
4 3 32 7
1 2 3 7
1 3 9 5
2 3 15 7
3 3 39 6
2 2 4 11
1 3 5 12
8 3 4 13
6 3 8 12
2 3 9 14
4 3 9 13
8 3 22 13
7 4 29 12
5 3 23 14
3 3 22 15
7 3 31 16
7 3 48 17
8 2 4 17
6 3 5 16
5 3 7 17
3 4 35 16
7 3 6 17
6 3 6 18
1 3 14 19
7 3 16 15
4 3 14 16
8 4 18 16
1 3 16 15
5 3 17 15
5 4 38 14
1 4 38 13
1 4 45 16
5 3 25 16
1 3 26 14
3 3 28 18
6 3 34 18
5 3 45 18
4 2 4 29
3 3 7 28
2 4 29 28
6 3 9 28
3 4 13 27
7 4 21 25
6 3 15 27
5 3 15 27
8 4 31 28
2 4 37 30
1 3 16 29
1 4 31 30
4 3 26 23
7 3 26 29
4 3 28 28
7 4 42 26
7 3 31 29
5 3 34 32
1 3 34 32
7 3 32 32
4 3 33 30
1 3 33 28
1 4 37 30
1 3 39 30
8 4 38 31
5 3 41 30
3 2 4 38
7 3 5 37
4 4 24 37
5 4 35 37
8 3 24 36
8 2 3 38
1 3 21 38
6 3 38 39
6 2 4 38
5 3 4 37
4 4 6 36
6 4 7 37
1 5 9 35
2 3 7 37
8 3 9 36
6 3 21 39
2 3 21 39
4 3 26 40
2 3 30 37
7 3 40 35
5 2 4 45
7 3 4 45
2 3 7 46
3 4 15 45
1 3 26 45
6 3 31 46
1 3 41 46
2 2 4 61
4 2 4 66
1 3 17 65
8 3 16 67
7 3 16 68
5 3 18 64
8 3 28 69
2 2 4 73
5 4 14 74
8 3 16 74
1 4 49 75
1 3 37 73
3 4 37 73
4 3 39 72
1 2 3 73
8 3 25 72
5 3 27 72
8 2 4 74
6 3 14 74
4 5 14 74
5 4 15 73
2 3 26 73
6 3 25 74
3 3 41 76
6 2 4 77
4 3 9 76
4 4 34 75
7 3 17 78
3 3 17 77
4 4 23 76
7 4 42 75
2 4 41 75
5 3 17 79
7 3 22 75
5 3 22 79
7 4 25 78
3 4 40 77
4 3 24 78
1 3 27 78
2 4 71 79
7 3 31 75
3 3 33 79
8 3 41 77
5 3 41 79
4 3 53 78
1 2 4 77
5 3 4 78
6 4 23 77
6 4 39 76
1 3 22 79
3 3 30 76
4 3 36 77
7 3 36 75
1 3 39 78
1 3 47 78
7 3 45 79
4 2 3 77
2 3 17 76
8 3 21 75
2 3 21 77
2 3 31 75
5 2 5 1
1 3 14 2
8 2 5 12
1 3 6 13
7 3 21 14
4 3 24 12
7 2 4 12
7 3 8 11
5 3 15 12
8 3 21 11
5 2 5 13
5 3 9 11
6 3 8 13
8 3 7 13
3 4 22 13
1 3 24 9
5 3 23 10
6 3 24 9
4 3 24 10
2 3 34 15
5 3 33 14
4 2 5 15
3 3 8 15
6 3 11 16
4 5 23 14
4 5 25 17
4 3 12 18
8 3 20 13
4 3 30 13
1 3 30 13
3 2 5 16
5 2 5 20
4 4 60 20
6 3 19 20
5 5 25 18
7 3 33 20
4 4 33 20
4 3 47 19
3 2 5 32
3 3 17 31
2 3 22 31
5 3 38 30
4 2 5 32
1 3 4 33
1 4 20 32
2 3 6 34
3 3 8 33
2 3 23 33
6 3 28 34
3 3 52 34
6 2 4 32
1 3 9 32
5 3 44 34
1 3 43 34
8 2 4 32
7 3 13 33
8 4 18 31
4 3 12 34
5 3 15 35
6 3 23 35
8 3 28 31
8 3 29 37
7 3 33 29
5 2 5 32
3 3 25 32
1 3 27 30
3 3 30 28
6 3 42 33
4 2 4 32
3 3 31 31
7 3 32 32
8 2 5 34
1 3 21 34
5 3 21 34
1 2 5 36
6 2 5 40
7 3 36 39
5 2 5 42
5 3 11 42
7 2 5 48
6 3 6 47
1 3 12 47
5 2 5 55
1 3 12 54
8 2 5 70
4 3 27 69
5 2 5 69
8 3 7 69
3 3 6 70
1 4 9 68
3 3 10 70
7 3 9 70
6 3 12 71
1 3 14 70
2 3 13 71
7 3 12 71
8 4 11 71
6 3 10 70
3 3 15 67
3 3 18 72
7 3 18 72
4 3 24 73
6 2 4 70
3 3 5 68
1 3 14 66
5 2 5 69
3 3 6 68
2 3 13 70
5 3 12 70
8 2 4 70
1 2 4 69
2 3 6 70
4 2 4 70
1 2 5 77
7 3 5 77
2 3 4 77
6 3 7 78
4 3 10 77
3 3 10 78
1 3 23 75
4 3 39 79
8 3 49 78
5 3 48 79
6 3 45 80
6 2 4 77
8 3 4 76
1 3 14 77
4 2 6 25
2 3 12 24
1 4 12 23
3 3 18 21
3 3 25 23
6 4 35 24
3 4 36 24
2 3 36 25
1 3 48 20
7 2 6 42
3 3 16 40
2 3 27 42
3 4 27 41
3 2 5 43
4 3 13 42
5 2 6 58
3 3 6 57
3 4 15 56
4 5 20 58
5 3 10 59
5 3 14 57
5 3 18 56
1 4 21 56
8 3 18 58
3 3 20 57
5 3 21 54
7 3 20 56
8 3 21 59
6 3 20 59
4 3 19 58
5 3 19 59
1 3 40 60
5 2 6 68
7 2 6 67
2 2 6 66
8 2 6 67
4 3 5 68
8 3 11 66
1 2 5 69
2 2 5 68
8 3 4 68
7 3 4 69
6 4 4 70
4 2 4 68
2 2 3 68
3 2 6 69
7 2 6 71
5 3 14 72
6 2 6 75
3 3 11 73
7 3 11 74
3 3 10 75
1 3 10 76
7 3 10 78
1 3 12 74
2 3 11 74
4 3 14 73
6 3 18 79
2 2 5 75
8 3 5 75
4 3 14 75
3 3 17 73
5 2 6 76
6 3 11 76
3 3 10 76
8 2 6 76
5 4 16 75
8 3 9 76
4 3 15 77
8 2 7 15
5 4 19 13
1 4 19 12
2 3 17 15
1 3 19 16
7 3 24 17
6 3 30 18
3 2 7 37
8 3 19 35
3 3 37 33
7 3 36 35
2 2 7 36
7 3 18 35
4 3 18 34
6 3 31 33
2 3 31 34
3 2 7 36
4 3 24 36
5 2 7 36
4 3 6 37
8 2 5 37
6 3 14 37
2 2 4 37
6 2 5 36
4 3 13 34
5 3 12 35
1 3 13 35
2 4 34 33
7 4 35 32
1 3 23 33
4 2 5 37
5 2 7 38
3 3 28 39
7 2 7 37
2 3 11 38
4 2 7 40
2 2 7 52
8 2 7 52
1 2 7 68
8 2 7 71
5 2 7 73
4 2 7 74
6 2 6 75
7 2 7 78
2 3 9 79
1 3 40 78
3 2 8 6
1 3 28 6
7 3 31 6
6 3 30 7
6 2 8 7
8 2 8 6
3 3 15 6
8 2 8 11
1 2 8 22
4 2 8 29
6 4 18 28
7 2 8 34
5 2 8 46
3 3 39 45
8 2 8 50
3 3 7 50
4 3 9 50
8 4 9 50
4 3 10 50
4 3 12 51
5 3 11 51
4 3 22 49
1 2 8 52
6 3 11 52
7 2 8 62
3 2 7 63
2 2 7 62
4 3 20 60
2 3 18 61
3 3 17 60
7 5 17 59
1 3 20 59
4 3 19 60
6 3 20 59
8 2 6 63
5 3 10 62
7 3 10 62
7 3 30 60
5 3 30 59
3 2 8 67
6 2 7 67
7 2 8 76
2 2 8 77
4 2 8 76
6 2 8 76
5 2 9 17
2 3 21 17
7 3 27 17
2 3 25 18
1 5 24 17
8 3 35 20
7 2 9 20
2 3 9 19
1 4 19 19
3 3 15 19
8 3 18 20
2 3 30 21
6 2 8 20
5 3 18 19
7 2 9 22
1 3 23 22
3 3 29 20
7 2 9 28
6 3 12 26
4 3 13 25
5 3 18 29
4 3 19 27
5 3 23 30
4 3 28 24
1 3 27 24
5 3 29 22
4 3 32 26
1 4 32 24
6 3 36 26
3 2 9 40
5 4 12 39
5 3 23 40
7 4 23 39
4 2 9 46
4 3 27 44
5 2 9 50
6 3 8 51
2 2 9 49
7 2 9 55
6 2 9 54
5 2 9 54
7 2 9 55
7 2 9 60
6 4 14 58
2 4 16 59
5 3 14 61
1 2 9 64
5 2 9 72
8 2 9 76
4 2 9 78
6 2 10 8
7 3 18 7
1 3 20 5
3 2 10 8
8 3 24 6
5 3 23 7
4 3 37 5
8 3 36 5
7 2 10 10
2 2 10 9
4 3 17 9
2 3 16 10
3 3 16 11
3 2 9 10
4 2 10 12
5 2 10 19
4 2 10 20
5 3 21 19
8 4 23 18
7 3 22 19
1 3 22 18
6 4 20 18
4 4 22 19
6 4 26 21
2 2 10 20
7 2 9 20
1 2 10 21
3 3 15 22
4 3 24 21
8 3 32 23
8 2 9 22
8 3 17 22
1 5 23 21
6 2 10 22
5 3 10 21
7 3 13 22
7 2 9 22
5 3 29 21
5 2 9 22
5 3 24 23
7 4 24 21
3 4 22 24
8 2 10 27
4 3 10 26
8 3 13 25
1 2 9 26
7 2 10 30
2 3 10 29
8 4 19 30
2 3 27 30
8 2 9 31
6 4 10 30
4 3 17 31
6 3 20 31
8 3 19 32
4 3 19 31
7 2 9 30
7 3 18 30
5 2 9 29
2 3 12 30
5 4 19 29
8 3 17 29
1 2 8 30
4 4 9 29
6 2 8 29
6 2 9 29
3 3 9 28
1 3 8 28
3 3 12 27
8 3 22 26
7 2 7 28
5 2 9 27
4 2 9 31
3 3 13 32
5 2 9 30
6 2 9 30
3 2 9 33
8 2 10 51
6 2 10 55
4 3 18 54
7 2 10 57
3 2 10 56
2 2 10 59
1 2 10 61
3 3 16 61
4 2 9 62
8 3 11 61
6 2 9 61
7 3 20 60
5 2 11 4
3 3 34 5
5 3 33 5
2 2 11 5
3 3 12 3
6 2 11 4
5 2 11 24
6 3 13 22
2 4 22 23
5 2 11 31
3 3 14 31
6 2 11 32
2 2 11 31
8 2 10 32
5 2 11 31
2 2 11 34
8 2 10 35
6 2 11 34
8 2 11 54
5 2 10 54
3 3 14 53
7 3 14 53
4 2 10 55
6 3 11 54
2 3 10 54
7 2 11 56
4 3 12 56
1 2 10 57
8 2 11 61
2 4 13 61
8 3 12 61
4 2 11 60
3 2 10 60
1 2 9 60
5 2 11 77
4 2 11 79
1 2 12 8
6 3 22 6
6 2 12 8
3 2 12 34
8 2 11 35
2 2 12 38
7 2 12 40
1 3 35 40
6 2 12 45
3 2 12 44
6 3 20 45
3 4 19 46
6 4 30 45
2 5 30 46
8 3 19 46
2 2 12 49
4 2 11 50
5 3 11 49
6 2 12 75
1 2 13 6
8 2 13 6
4 2 13 5
8 2 13 5
1 2 13 9
4 2 13 21
6 3 20 22
7 2 13 37
8 2 13 36
2 2 13 46
1 2 12 46
7 3 22 46
6 2 13 49
8 3 25 47
6 3 29 47
5 2 13 60
4 2 13 59
1 3 13 59
7 3 25 58
3 3 24 58
7 2 12 59
4 2 13 64
8 2 12 64
4 2 14 6
3 2 13 6
4 3 26 5
7 3 26 4
8 3 26 4
2 2 13 7
6 3 15 7
2 3 19 7
1 2 14 7
3 3 14 6
7 3 14 5
4 3 13 5
5 2 12 5
6 3 16 4
7 2 13 8
3 2 14 5
2 2 14 4
7 2 14 3
2 2 14 7
7 2 14 6
4 2 14 5
6 2 14 17
2 2 14 18
7 4 19 17
5 3 19 18
8 3 19 18
1 2 13 18
8 2 14 59
5 2 15 1
4 2 15 5
5 2 15 13
8 2 15 27
6 2 15 62
4 2 15 65
2 2 15 79
4 2 14 80
1 3 28 78
5 2 14 80
7 2 13 80
2 2 13 79
3 2 12 79
6 2 12 79
5 3 27 78
2 2 16 20
8 2 15 20
3 6 16 19
6 2 14 21
1 2 13 21
6 2 16 22
5 2 15 22
8 2 15 23
5 3 14 23
4 4 19 22
6 4 18 22
7 3 15 22
2 2 13 23
3 3 15 23
4 3 14 22
1 2 14 24
5 2 13 24
8 2 14 24
7 2 15 25
8 3 17 24
5 2 16 24
5 3 23 25
8 3 22 24
2 2 16 25
4 2 16 24
5 2 16 44
8 3 15 44
2 3 22 44
3 2 16 46
8 2 16 46
5 2 15 46
7 3 18 44
5 3 20 42
4 2 16 56
6 2 16 64
1 2 17 14
4 2 17 13
6 4 17 14
8 3 20 14
2 2 17 34
3 2 16 34
1 3 21 33
7 2 17 58
3 2 16 58
1 2 17 59
3 2 17 58
4 2 17 66
1 2 18 3
6 2 18 2
1 2 18 27
5 2 18 34
8 2 18 34
1 2 18 48
3 3 26 47
2 2 19 57
7 2 18 57
4 2 19 66
3 2 20 31
7 2 20 59
8 2 20 78
6 2 19 78
3 3 19 78
3 2 20 78
7 3 27 79
4 3 26 78
6 2 21 21
5 2 20 22
1 2 21 21
6 2 21 33
3 2 21 42
4 2 21 42
6 4 22 41
1 3 20 42
1 2 21 47
3 2 20 48
8 3 26 47
1 2 22 9
6 2 22 9
6 2 22 33
1 2 22 40
5 2 21 40
4 2 20 40
6 2 21 39
8 4 26 39
3 2 21 39
8 3 27 40
7 2 21 39
7 2 22 60
1 2 21 60
8 2 22 59
3 2 21 59
4 2 21 59
1 2 22 78
8 2 23 27
3 2 23 40
8 2 24 45
6 2 24 78
5 2 24 78
3 2 23 79
6 2 25 33
1 2 25 49
3 2 26 2
7 2 28 26
5 2 29 26
5 2 30 15
7 2 30 15
6 2 29 15
2 2 31 1
3 2 39 1
8 2 39 2
6 2 39 2
3 2 53 2
8 2 53 2
8 2 67 80
1 2 73 1
