6982
111
5 73 3 1
1 25 3 2
6 26 4 22
7 11 1 20
7 10 3 1
2 7 1 5
3 5 1 7
1 6 22 23
7 4 1 26
8 4 6 2
4 4 9 20
2 4 11 9
6 4 16 28
4 3 4 12
3 3 6 25
8 3 8 1
2 3 8 15
4 3 8 18
3 3 7 18
4 3 10 28
7 3 12 20
8 3 17 16
7 3 20 9
6 3 26 16
8 2 1 6
6 3 3 5
3 3 3 6
1 3 4 5
7 3 4 6
6 4 4 4
2 3 4 7
3 4 7 8
7 2 1 9
7 3 5 9
8 2 1 9
3 4 14 9
3 2 1 10
1 2 2 9
8 2 2 9
2 2 2 28
1 3 14 28
2 3 19 26
1 2 3 8
6 3 5 9
7 2 3 8
5 2 2 9
7 2 3 27
2 3 5 28
3 2 4 2
4 3 3 3
7 2 3 3
6 3 6 1
2 3 5 1
8 4 8 1
7 2 4 1
1 2 4 1
5 3 3 2
6 2 3 1
4 2 3 2
7 2 4 3
5 2 6 11
5 3 8 10
8 3 9 8
8 2 6 20
2 3 15 19
1 2 6 19
5 2 6 27
7 2 7 11
1 3 9 11
7 3 19 13
1 3 25 14
2 2 7 10
6 4 6 11
4 4 9 11
6 5 11 13
1 4 17 15
8 3 7 12
7 3 8 11
5 2 5 13
4 2 6 10
5 2 7 12
2 2 7 20
6 3 15 20
6 2 7 27
8 3 13 28
7 2 8 8
6 2 8 7
3 2 7 8
8 3 7 7
6 3 6 7
1 2 4 8
6 2 8 15
6 4 14 13
3 2 8 18
5 2 8 26
8 2 9 13
2 2 11 21
5 3 16 21
5 2 10 21
6 2 12 28
1 2 11 28
5 2 16 12
1 2 16 19
3 2 17 15
3 2 18 15
8 2 17 15
2 2 17 14
4 2 19 26
2 3 18 26
3 2 20 23
8 2 20 29
