9572
2213
6 4 9 20
6 4 9 74
4 5 10 29
6 4 10 28
4 4 10 56
4 4 10 83
6 4 10 82
4 4 10 97
7 4 65 28
4 3 9 10
7 3 9 23
2 4 10 23
5 4 11 24
2 4 64 25
8 4 65 20
2 4 65 22
3 4 73 21
2 4 85 22
6 4 86 20
5 4 86 24
8 3 9 26
1 3 9 27
5 3 9 40
5 4 17 38
2 5 21 38
4 4 29 38
4 6 66 38
2 4 39 40
1 4 60 37
6 4 60 36
2 3 9 41
8 3 9 42
6 4 38 41
7 3 9 43
2 3 9 56
7 3 9 77
2 4 10 77
5 4 11 78
2 4 34 79
2 4 53 79
3 4 54 78
8 5 55 75
8 3 9 80
1 3 9 81
1 3 9 83
5 3 9 85
7 5 34 82
7 4 63 84
7 4 92 84
2 3 9 86
8 3 9 87
7 3 9 88
5 3 9 93
2 3 9 94
1 4 15 92
6 4 21 94
8 4 49 94
8 3 9 95
2 3 9 97
6 4 33 95
4 4 32 93
5 4 45 93
4 4 59 92
7 4 82 92
4 5 86 92
5 3 10 30
4 3 10 39
6 3 11 19
7 4 70 20
3 4 80 19
1 4 89 18
6 3 11 73
2 3 14 43
3 4 15 42
5 4 42 43
4 4 51 46
2 3 14 88
3 4 15 87
3 4 44 87
3 4 73 88
8 3 16 41
2 4 70 41
2 4 89 41
8 3 16 86
2 4 42 87
2 4 70 87
5 4 75 85
7 3 17 22
2 4 17 22
7 4 78 22
6 3 16 21
4 4 17 20
1 4 69 18
4 3 17 29
1 3 16 30
6 4 90 28
7 3 17 76
2 4 17 76
2 4 34 76
4 4 40 76
6 3 16 75
4 4 17 74
5 3 17 85
5 3 18 24
5 3 18 78
8 3 22 83
8 4 50 82
7 3 27 37
3 3 29 27
1 3 29 36
6 4 29 36
6 4 48 34
7 4 63 31
7 4 72 31
4 3 30 77
2 5 48 75
8 4 73 73
8 3 31 77
2 3 32 43
5 4 60 43
4 4 79 46
3 3 32 79
8 3 33 41
5 3 32 40
3 3 33 44
4 3 34 29
1 4 57 28
4 4 66 25
4 4 70 29
2 4 88 31
5 3 34 44
4 3 35 97
7 4 84 94
4 3 36 45
1 3 36 82
7 3 37 9
6 3 38 28
5 5 48 28
8 3 40 35
8 3 43 86
2 3 43 86
5 3 43 85
8 4 68 86
7 3 42 85
3 4 49 83
4 3 42 83
1 4 45 82
2 3 44 94
7 4 54 94
8 4 67 93
7 3 44 93
4 4 64 93
1 3 46 36
4 3 47 10
1 4 79 8
2 3 49 32
2 4 69 31
7 3 49 79
6 3 56 81
7 3 56 93
2 4 56 93
1 3 60 8
6 4 91 7
4 3 60 23
8 4 79 20
4 3 60 65
1 3 60 90
1 3 61 81
7 3 62 46
6 3 63 33
5 3 63 88
2 3 65 18
1 3 67 35
7 3 67 78
7 4 82 76
8 3 68 37
1 3 68 48
6 3 69 33
5 4 70 34
2 3 69 50
5 4 70 48
5 4 87 48
7 3 68 49
8 4 68 50
4 3 67 48
7 3 69 88
8 3 70 18
8 3 75 11
2 4 91 9
1 3 75 19
1 3 75 81
6 3 77 23
4 3 76 24
7 3 77 97
1 3 79 72
7 3 79 93
8 3 80 8
5 3 80 30
8 4 83 31
7 3 79 31
2 3 83 86
2 3 84 90
6 3 83 91
1 3 83 90
4 3 88 65
1 3 88 66
5 3 97 70
8 2 1 21
4 3 20 22
7 4 20 20
5 5 75 18
1 3 29 18
6 4 29 18
6 4 61 17
4 3 27 19
6 4 48 16
7 3 31 24
7 4 67 22
7 3 50 24
4 3 52 20
5 3 59 22
4 3 59 20
5 3 63 26
4 3 66 17
5 3 67 25
1 3 69 28
1 3 70 17
6 3 69 17
3 3 70 22
4 3 75 22
7 3 79 16
8 3 81 28
1 3 82 27
2 3 84 15
8 3 90 15
2 2 1 56
3 4 71 55
2 4 75 54
1 3 28 57
2 3 29 59
5 3 29 58
7 4 28 57
8 4 28 59
2 4 31 57
6 4 37 56
5 4 43 57
6 4 60 56
7 4 64 56
7 3 34 57
2 4 67 59
7 3 41 58
6 3 48 60
7 3 58 59
5 4 66 57
1 3 60 55
2 3 64 53
1 3 75 55
2 3 82 58
3 3 84 54
6 4 87 53
8 2 1 66
8 3 11 65
8 3 30 65
4 3 37 67
7 4 92 66
4 3 46 67
4 3 55 67
4 3 67 65
5 4 82 64
8 2 1 75
4 3 20 76
7 3 20 75
5 3 30 76
2 4 72 76
7 3 29 76
3 3 35 77
4 4 68 75
5 3 43 76
7 3 42 76
4 3 41 75
7 3 62 76
1 3 70 74
6 3 73 72
6 3 88 70
2 2 1 97
1 3 28 98
1 3 84 96
5 3 87 97
7 2 2 47
6 3 29 48
6 3 37 48
3 3 42 47
7 3 42 47
7 4 79 48
2 4 82 48
1 3 52 46
3 4 63 47
4 3 52 47
4 4 78 47
2 3 62 47
3 4 75 48
6 3 76 49
1 3 82 45
7 2 3 22
3 3 12 20
7 3 12 20
8 3 13 20
4 3 19 19
2 3 24 17
4 4 40 17
1 3 41 19
6 3 40 19
4 3 63 20
7 4 65 19
4 4 65 21
1 3 75 15
4 4 89 14
3 3 77 15
8 3 79 14
3 3 91 14
3 2 3 38
3 3 70 36
4 3 86 34
2 2 3 44
6 3 24 42
4 3 65 41
4 3 73 40
2 3 74 39
2 2 3 53
2 3 13 52
6 4 87 51
2 3 52 52
3 3 53 53
1 3 66 55
7 4 66 56
4 3 65 57
6 3 64 57
7 3 68 52
7 3 76 57
4 3 83 53
7 3 85 52
7 2 3 67
3 4 79 65
7 3 33 67
7 3 41 67
7 4 49 67
5 3 41 69
5 4 48 69
7 3 59 66
8 3 63 64
4 3 69 69
4 3 73 65
7 2 3 76
3 3 12 74
2 4 25 72
7 3 12 74
8 3 13 74
5 3 37 70
4 4 59 68
2 4 72 72
4 4 77 68
2 4 79 71
1 3 38 71
1 4 46 70
7 3 68 66
6 4 70 64
8 3 77 64
2 4 80 66
3 2 3 83
1 3 15 84
4 3 15 83
1 4 68 81
2 3 15 86
7 3 15 85
1 4 38 84
3 4 70 85
4 4 69 86
6 3 19 82
6 3 21 82
5 4 51 80
8 4 59 81
4 4 62 80
1 3 41 87
5 3 50 88
6 3 62 82
6 3 71 88
5 3 74 79
6 3 76 87
4 3 76 89
3 3 75 89
2 2 3 89
1 3 37 90
6 3 50 87
4 4 74 85
1 3 64 87
6 2 4 15
4 3 78 16
1 3 78 14
5 3 79 13
6 2 4 24
5 3 50 25
1 4 61 27
6 3 61 26
3 4 60 27
6 3 65 24
2 3 65 22
6 3 65 20
3 3 67 19
7 2 4 29
7 4 10 29
1 3 37 27
4 4 47 28
5 3 43 25
3 3 53 29
6 3 68 28
3 2 4 44
1 4 31 45
3 4 36 44
1 3 40 46
5 3 41 47
2 4 51 47
8 3 53 46
3 3 54 43
2 3 59 50
4 3 81 50
3 2 4 53
3 3 13 53
3 3 18 51
6 4 55 52
6 3 23 54
1 3 25 54
1 5 34 53
5 4 38 52
8 4 58 50
5 3 28 52
2 4 39 50
2 3 29 50
7 4 29 50
7 5 36 49
5 3 53 49
8 3 64 55
8 3 66 50
1 3 70 52
1 3 75 51
6 2 4 69
2 3 44 68
6 3 45 69
8 4 75 66
7 3 44 68
8 3 57 68
2 3 57 68
7 3 59 70
3 4 60 69
5 6 67 67
6 3 77 65
4 3 76 66
6 2 4 78
6 4 67 78
7 3 31 79
5 3 39 79
6 4 76 78
2 3 39 81
6 3 43 77
6 4 50 78
8 3 44 83
1 3 48 81
7 3 53 82
2 3 73 83
6 2 4 83
4 4 18 82
5 4 33 80
1 3 15 82
6 3 34 80
7 3 59 84
2 5 62 83
8 3 74 79
3 2 4 89
5 3 70 87
4 2 5 23
7 3 15 23
2 3 38 23
7 3 56 25
8 3 57 21
2 3 58 19
5 2 5 38
1 4 7 39
1 3 20 37
2 5 24 35
1 4 64 38
1 4 78 33
3 4 80 33
8 3 22 36
3 3 22 38
4 5 47 37
1 4 80 39
5 3 34 35
1 3 50 36
2 3 50 35
7 4 49 34
6 3 59 38
2 3 60 32
2 4 72 31
4 4 73 33
6 4 73 35
8 4 75 35
7 3 68 40
4 3 70 30
1 3 70 28
1 3 72 29
8 3 72 33
4 2 5 68
4 2 5 77
1 4 42 76
4 4 41 78
7 3 15 77
6 3 42 80
8 2 6 12
6 3 73 11
6 2 6 15
4 3 6 14
6 4 74 14
7 4 77 13
2 3 7 13
6 3 50 14
3 3 53 12
4 3 74 10
6 3 76 13
2 3 81 8
2 3 81 15
4 2 6 24
4 3 11 23
6 3 10 24
6 3 30 23
1 3 53 21
7 3 53 22
7 4 60 22
4 3 54 24
1 2 6 28
8 3 10 28
6 3 30 28
2 3 37 27
4 4 68 27
6 3 46 29
8 3 46 30
6 3 54 28
4 3 61 28
4 2 6 41
7 3 7 39
2 4 39 41
1 3 12 39
7 3 12 40
4 3 11 39
8 4 14 37
2 3 15 36
4 4 21 35
6 4 51 35
7 3 24 40
3 3 30 35
5 4 63 34
5 3 41 42
4 3 45 34
1 4 45 33
8 5 48 32
4 4 53 30
1 4 69 35
8 3 46 39
8 3 59 35
6 3 59 40
7 3 63 32
5 3 65 35
7 3 65 41
4 2 6 50
6 3 30 51
8 4 42 51
4 4 42 51
4 3 33 50
6 4 34 50
7 3 41 49
7 3 43 52
1 3 43 53
5 3 42 54
8 3 43 53
4 5 45 50
1 4 45 50
4 5 50 52
4 3 43 54
6 3 46 48
7 3 44 50
4 2 6 78
4 3 11 77
6 3 10 78
1 3 30 78
1 3 33 80
4 3 32 80
4 3 42 80
3 3 59 80
4 2 6 83
6 3 12 82
6 4 29 82
3 3 22 83
2 3 34 83
3 3 35 81
2 3 40 82
6 5 58 81
2 3 46 84
3 4 54 83
4 2 6 86
7 4 21 85
6 3 14 87
5 3 41 89
1 3 40 90
4 3 50 83
4 3 56 82
1 3 56 85
1 3 63 91
5 3 64 93
7 3 63 93
4 2 6 94
6 5 64 92
7 3 8 92
7 4 17 91
6 3 10 94
4 4 37 93
1 3 9 95
4 4 50 95
5 3 9 94
2 3 12 93
8 3 13 94
4 3 16 93
6 5 34 93
8 4 34 92
1 4 49 94
4 3 25 96
7 3 27 93
6 3 33 90
3 3 59 93
2 3 68 89
6 3 68 97
3 2 7 12
3 4 36 10
1 4 39 8
6 4 49 9
3 3 16 11
4 3 18 10
8 4 60 7
1 3 27 11
8 3 30 12
1 3 31 9
6 4 42 8
2 4 50 7
5 3 39 9
2 3 63 10
1 3 64 11
2 3 74 13
1 3 75 11
7 3 90 6
6 2 7 23
7 4 7 23
8 4 44 24
6 4 50 21
3 3 8 22
1 3 13 23
6 3 12 24
2 3 33 21
3 3 48 25
6 3 53 25
2 2 7 30
1 3 7 29
2 3 11 31
5 3 26 29
4 3 32 29
3 2 7 29
6 3 7 29
6 4 10 28
4 3 8 28
3 3 20 30
6 4 33 28
7 4 54 28
8 3 26 28
2 3 29 31
1 2 7 29
6 2 7 77
7 4 7 77
3 3 8 76
1 3 13 77
6 4 23 75
6 3 13 78
5 4 29 75
5 3 20 78
2 4 25 77
6 4 57 74
1 3 26 74
6 3 32 73
4 3 50 74
8 4 56 71
3 3 51 74
3 3 74 71
5 3 75 71
1 3 74 72
7 2 8 15
6 4 76 15
5 3 8 15
7 3 9 14
5 4 75 15
6 3 8 15
1 4 73 14
4 3 52 12
5 3 56 13
8 3 74 17
4 2 7 15
7 4 56 13
6 3 27 15
1 3 37 16
1 4 44 18
5 3 59 16
4 3 61 14
8 2 8 21
4 2 8 20
6 2 8 24
2 3 9 23
5 3 15 21
1 3 26 24
4 3 33 24
3 3 33 25
4 2 8 31
6 4 46 29
8 3 11 32
7 3 20 30
7 3 28 28
8 3 52 26
8 2 8 75
4 4 23 74
8 5 27 72
2 4 54 73
1 3 27 72
4 3 28 73
6 3 27 73
6 3 60 71
7 3 72 70
4 2 8 74
4 3 33 73
6 3 33 73
3 3 52 73
1 3 57 71
4 3 59 72
8 2 8 73
1 3 24 73
2 4 44 72
1 3 28 72
4 3 45 71
8 3 44 71
1 3 44 72
6 3 49 74
7 3 55 75
6 3 61 71
6 3 64 69
4 2 8 73
1 3 7 74
2 4 33 74
4 4 57 72
1 3 34 73
5 4 41 71
2 4 62 70
4 3 45 73
3 2 8 72
2 3 11 72
1 3 43 74
1 2 8 71
6 3 20 71
5 3 23 71
2 3 23 72
5 3 45 71
5 3 50 70
8 4 49 71
4 2 8 72
1 3 11 73
7 3 26 74
3 3 49 75
6 2 8 78
2 3 9 77
7 3 27 77
7 2 8 85
4 3 18 86
5 3 20 88
8 3 23 90
5 3 31 88
4 4 39 86
4 4 43 84
8 4 65 89
6 3 38 89
5 3 65 90
4 2 8 95
1 3 31 94
4 4 33 94
8 3 32 95
4 4 68 96
8 3 60 96
1 3 60 96
2 3 67 97
3 2 8 94
2 4 49 94
6 3 28 92
1 3 28 90
2 3 30 93
3 4 30 93
7 4 28 94
2 3 43 95
4 3 54 89
3 3 64 96
2 2 7 95
6 3 32 95
8 4 40 93
3 3 48 96
8 4 68 96
2 3 58 91
7 3 70 99
6 3 72 97
6 2 9 11
5 3 15 10
4 4 77 11
6 3 15 9
2 3 15 8
6 4 19 9
4 3 21 10
6 3 21 9
5 4 27 6
1 4 45 11
3 4 47 10
7 4 49 12
6 3 37 6
8 3 41 12
2 3 48 10
2 3 62 9
8 3 66 12
8 2 9 10
2 3 21 8
4 3 30 7
3 3 48 7
7 3 68 6
2 2 8 10
2 3 23 9
8 3 23 9
5 3 45 9
6 3 45 10
6 3 48 8
3 4 49 8
4 2 9 19
1 3 9 18
6 3 11 19
2 4 12 20
8 4 57 16
1 3 13 18
5 4 33 16
3 3 17 18
3 4 30 17
7 3 29 21
4 3 51 16
6 2 9 33
5 3 47 33
5 3 63 32
7 3 62 34
7 3 65 34
1 2 9 37
1 3 23 36
1 3 50 36
6 3 56 36
7 2 9 57
5 3 8 58
7 4 16 55
4 3 13 56
2 3 15 55
6 3 16 54
1 4 15 54
5 4 53 52
5 3 16 57
5 3 20 53
5 5 56 54
3 3 23 57
6 3 23 55
2 4 59 53
4 3 22 55
4 3 28 55
2 3 56 59
2 3 57 57
8 3 61 53
7 3 66 59
5 3 66 61
4 3 76 60
5 3 90 61
1 2 9 64
1 3 19 63
1 4 79 62
1 3 71 64
5 3 81 60
1 3 87 63
4 2 9 65
2 3 64 66
6 4 76 63
2 3 74 68
6 2 8 66
6 4 35 65
2 4 48 65
2 3 54 65
6 3 53 65
5 3 57 66
1 3 57 65
6 3 59 64
6 3 62 65
4 3 64 63
5 3 91 61
3 2 9 64
1 3 52 64
2 2 8 65
1 3 60 65
5 2 9 63
6 3 28 61
2 4 59 63
5 4 63 61
7 3 35 59
3 3 52 58
3 3 55 56
1 3 65 62
6 2 9 73
5 3 14 71
7 4 42 73
6 3 14 74
6 4 26 74
8 3 19 74
4 3 19 72
8 3 17 73
2 3 26 70
2 3 66 68
6 3 71 69
4 3 70 68
4 2 9 82
8 3 8 82
8 3 29 80
6 3 28 80
5 3 29 81
1 4 50 81
7 3 28 82
4 3 30 83
8 3 50 82
2 2 7 82
1 3 17 81
6 3 37 82
4 3 53 79
5 2 7 81
8 2 8 82
2 3 8 81
8 3 28 79
5 3 56 79
6 2 9 84
4 3 23 84
7 3 25 86
6 4 35 87
6 3 24 87
7 4 56 85
8 3 52 89
6 3 56 85
2 4 55 86
7 2 9 98
5 3 8 99
4 3 13 97
3 4 65 97
2 5 65 96
4 4 66 98
5 2 10 21
2 3 31 19
3 3 39 19
5 3 40 20
2 3 51 19
3 2 9 22
6 2 9 22
6 3 12 20
6 3 21 19
1 3 23 17
8 3 24 23
5 3 23 25
5 4 35 24
1 3 27 26
8 3 56 26
5 3 57 25
8 2 9 23
5 5 26 21
6 3 14 23
1 2 10 20
7 3 34 21
2 3 34 19
4 3 47 18
3 2 10 20
6 3 37 20
4 3 37 19
2 2 9 21
4 3 23 21
8 2 10 19
7 2 10 22
2 3 28 21
4 2 9 22
3 2 9 22
1 4 32 20
2 3 9 22
4 3 19 24
6 3 24 24
7 3 22 25
6 4 38 24
2 3 44 25
1 2 10 21
6 3 21 20
8 3 23 19
4 3 26 21
8 3 29 19
6 3 28 20
7 2 10 34
6 4 62 33
4 2 10 34
6 3 16 33
1 3 45 32
5 3 49 33
6 2 10 35
4 4 55 35
3 3 42 34
5 3 41 36
1 3 54 35
3 2 10 46
8 3 47 47
3 3 50 45
1 4 55 46
4 3 49 45
1 3 58 49
1 2 9 46
6 3 47 46
6 3 59 46
2 2 10 59
4 4 17 57
4 3 32 58
2 3 34 58
8 4 34 58
8 4 43 59
2 3 41 59
4 3 42 57
7 3 41 58
4 4 57 55
8 3 43 58
4 3 44 58
8 2 10 60
6 3 21 58
1 4 33 56
4 4 49 59
3 3 29 58
7 3 45 55
7 3 45 60
6 3 50 59
6 3 55 61
6 2 9 60
7 2 10 61
4 3 10 61
4 3 28 60
6 4 72 61
1 3 30 59
1 3 35 63
8 4 57 64
2 3 58 64
4 3 61 60
8 4 59 62
3 3 59 62
5 3 58 61
7 3 58 60
8 2 10 84
2 2 10 84
6 4 29 83
5 2 9 84
1 3 15 84
8 3 22 82
2 3 21 83
5 3 21 84
3 4 26 84
2 4 39 85
3 3 25 81
3 2 10 84
2 4 24 85
2 3 19 84
4 3 30 83
4 2 9 85
5 4 39 84
6 2 10 86
5 4 22 85
7 4 22 85
6 4 28 84
7 4 33 86
4 3 21 86
8 3 27 85
7 3 32 85
8 3 36 87
1 4 50 88
1 2 9 87
5 3 9 86
8 4 20 85
1 4 26 83
7 3 43 87
4 2 8 87
2 2 9 87
7 3 12 88
8 2 9 87
4 2 9 88
6 3 8 89
5 3 41 88
8 2 9 89
4 4 26 87
8 3 37 89
8 3 55 91
4 2 8 90
4 3 17 89
5 3 21 87
5 4 43 88
6 3 40 89
6 3 41 88
1 2 9 90
5 3 9 89
4 3 27 91
3 3 26 92
2 3 28 94
8 3 44 92
7 3 53 96
7 3 60 98
1 2 8 89
6 3 7 90
4 4 7 89
3 5 16 89
3 4 30 89
4 4 33 89
3 3 7 90
6 3 7 88
3 3 10 87
6 3 12 86
2 3 12 89
2 3 13 86
5 3 28 89
8 3 27 89
1 3 28 89
1 2 8 87
8 2 8 92
1 3 30 90
4 2 9 93
8 3 9 93
7 3 19 91
5 2 9 94
7 4 10 92
3 2 9 95
7 3 12 94
3 3 52 96
2 2 10 87
4 3 10 86
1 3 10 87
6 2 10 88
1 3 19 87
3 3 22 85
7 3 22 85
6 3 22 85
2 3 24 89
7 2 10 88
8 3 11 88
4 3 15 89
6 3 25 86
5 2 10 93
5 3 21 93
2 3 25 91
6 2 10 92
3 3 23 92
3 2 9 93
2 3 36 92
2 2 9 92
6 3 34 91
3 3 34 92
6 3 39 91
8 2 10 91
5 2 10 90
3 5 24 89
2 3 30 93
1 2 9 90
7 2 9 89
2 2 10 94
1 3 31 95
2 4 51 97
2 2 10 100
7 3 24 98
1 3 27 96
5 3 56 98
6 2 11 56
2 3 18 57
3 4 33 56
2 4 40 56
6 3 29 58
2 3 32 55
1 2 11 55
8 4 50 54
6 3 49 56
3 3 49 54
6 2 11 63
6 3 28 62
8 3 44 64
1 4 61 62
4 3 61 63
8 3 60 64
6 3 60 64
8 3 62 61
4 3 64 62
3 3 64 62
3 2 11 76
2 3 11 75
8 3 19 77
1 3 18 76
7 4 17 77
3 3 17 76
7 3 34 73
8 3 41 76
4 2 11 87
2 3 20 86
6 2 11 97
4 3 24 95
6 3 23 96
6 3 26 93
8 3 31 97
8 3 38 97
2 2 12 19
7 2 11 20
8 2 12 19
1 2 12 19
5 2 11 19
3 2 12 21
7 3 18 22
3 3 19 20
2 4 24 19
4 2 12 29
3 3 21 29
7 2 12 31
3 3 41 31
2 3 61 33
5 2 11 31
8 3 11 30
1 2 11 29
8 4 12 28
8 4 32 26
2 3 31 28
5 3 34 24
8 3 33 25
1 3 34 26
7 3 37 28
4 3 49 31
3 3 48 31
1 3 53 26
5 3 61 32
6 2 11 29
2 2 11 28
3 4 38 28
1 3 17 27
2 3 23 28
5 3 35 30
1 3 59 32
4 2 11 30
1 2 12 30
3 3 14 31
5 3 27 33
4 4 42 34
8 3 26 35
6 3 30 33
2 3 39 34
6 2 12 36
7 3 13 37
6 3 18 35
4 3 22 37
7 3 25 37
2 3 31 36
5 3 34 34
5 2 12 41
6 3 14 42
1 3 14 40
6 3 16 44
1 5 47 44
6 3 30 44
7 3 31 43
4 4 48 43
4 3 33 43
7 4 34 40
7 3 35 46
4 3 52 45
1 3 54 42
4 2 12 42
1 3 27 40
8 3 53 39
5 3 56 43
3 3 63 45
2 2 12 42
8 4 26 40
4 3 23 40
7 4 42 38
4 3 29 42
6 3 31 43
8 3 32 44
2 3 40 38
5 3 40 39
5 4 47 39
2 3 42 39
3 3 42 40
3 4 44 39
4 3 66 45
8 2 12 41
6 2 12 40
3 4 26 39
6 3 17 38
6 3 44 38
4 4 43 38
5 3 58 42
4 3 60 44
6 3 65 46
3 2 11 40
7 3 22 40
6 3 35 41
7 3 39 41
8 4 40 40
2 3 43 41
6 3 43 43
1 3 52 45
8 3 52 46
6 4 52 45
5 2 11 39
1 3 42 38
1 2 11 38
4 4 25 36
1 3 27 34
2 3 39 39
2 3 45 34
4 3 47 33
3 2 11 38
3 4 39 38
7 3 39 38
5 3 39 39
6 2 11 38
8 3 14 39
6 3 25 39
6 3 36 38
4 3 41 36
4 2 11 37
3 3 14 35
5 3 16 36
4 3 25 35
5 3 43 35
5 2 12 45
4 3 15 43
8 3 36 46
2 3 47 45
3 3 48 43
5 3 53 44
7 2 12 67
3 2 12 86
6 2 12 86
1 2 12 88
8 2 11 89
8 2 13 12
4 4 33 10
8 4 43 9
7 3 43 13
7 3 45 8
6 3 54 14
6 3 56 6
3 4 68 5
4 4 67 4
5 3 61 14
8 3 68 4
5 3 70 3
7 3 69 3
4 3 69 1
2 3 75 6
4 3 83 4
1 3 83 2
2 3 84 4
5 3 84 3
7 3 83 3
8 4 83 4
2 4 86 2
3 2 13 13
3 4 59 11
7 3 22 14
2 4 45 12
7 3 31 12
7 3 46 10
2 3 48 11
2 2 13 23
4 2 13 23
3 3 25 22
4 2 13 32
7 3 14 30
2 2 12 32
5 3 12 31
2 4 24 29
7 4 26 31
5 4 33 33
3 3 32 35
8 3 31 35
8 3 34 34
6 2 11 32
4 3 27 32
6 3 30 33
6 3 46 32
8 2 13 32
6 3 15 31
7 3 14 31
5 2 13 37
2 3 19 36
8 2 12 37
2 2 12 37
2 2 13 40
4 2 13 41
3 3 13 40
7 3 13 42
1 3 15 42
5 5 17 42
4 3 20 40
1 3 21 45
5 4 44 46
1 3 32 46
2 3 34 46
6 3 43 43
2 4 46 45
8 3 50 44
8 2 13 52
1 4 39 50
5 4 41 50
5 3 29 51
5 3 51 50
7 2 13 61
6 3 15 60
7 2 13 66
4 3 15 65
7 3 35 67
2 5 36 66
7 3 54 65
3 3 53 65
8 2 13 71
4 3 22 71
3 3 22 70
6 4 36 72
6 3 39 68
7 3 46 70
7 4 66 68
1 3 49 70
5 3 55 69
8 3 55 70
7 3 55 69
1 3 58 69
5 2 12 71
8 3 27 70
7 2 13 94
6 3 19 93
8 3 22 95
4 3 27 94
8 2 13 93
5 3 31 92
1 2 14 14
2 3 35 14
5 2 14 15
2 3 16 13
4 4 55 13
7 3 15 13
7 3 51 14
5 3 55 12
1 2 14 33
4 2 14 42
7 3 20 40
7 3 28 39
6 3 31 41
4 2 14 46
3 3 15 45
1 2 14 45
8 4 21 45
6 3 28 46
8 3 28 47
8 3 40 45
5 3 39 45
1 3 38 45
1 2 14 51
4 4 26 49
7 3 20 50
7 3 26 48
2 3 29 46
6 3 28 47
6 3 39 48
5 2 14 53
1 2 14 58
4 3 20 59
1 3 39 57
6 3 46 56
4 3 46 56
7 3 47 55
2 3 45 56
8 2 13 58
6 2 13 58
5 3 18 57
7 4 40 58
4 3 19 57
8 3 18 57
3 2 14 62
5 3 61 63
2 4 61 62
8 2 14 63
4 3 42 62
7 3 57 62
5 2 14 63
8 3 29 63
2 4 33 62
5 3 29 63
3 3 38 61
6 3 37 63
6 4 47 63
4 3 47 64
2 3 48 62
3 3 47 62
6 2 14 66
8 3 31 66
6 3 34 67
2 3 42 68
1 4 51 68
7 3 56 67
2 2 14 65
5 3 13 66
2 4 18 66
3 4 30 65
2 3 23 65
2 3 26 63
4 3 26 65
1 3 34 64
3 3 34 64
7 3 34 65
8 3 46 67
2 3 48 67
3 2 14 64
4 3 18 64
3 3 22 65
7 3 22 65
1 3 41 62
3 3 52 61
7 2 14 66
6 3 16 65
4 2 14 67
7 3 22 66
6 3 49 68
8 3 49 68
6 2 14 78
2 2 14 90
1 2 14 99
3 3 38 98
7 2 15 10
4 4 20 10
2 3 21 12
3 4 19 12
7 3 21 13
5 3 29 15
8 3 28 17
3 3 33 11
7 3 34 15
3 2 15 14
2 3 47 13
8 3 53 13
8 2 15 15
1 3 45 15
1 3 46 17
2 3 50 16
6 2 15 24
8 3 19 22
2 2 15 23
7 3 26 23
6 2 15 37
6 3 21 35
5 2 14 37
8 2 15 37
8 3 19 37
5 3 23 35
2 3 22 37
3 2 15 40
5 2 15 40
8 2 15 60
3 2 15 66
7 3 38 67
1 2 15 71
8 2 14 71
7 2 15 74
3 3 14 74
4 2 15 95
6 3 40 96
2 2 15 97
6 3 44 98
8 3 50 97
3 2 16 7
4 3 62 5
2 3 68 4
5 2 16 18
2 2 15 19
1 3 16 18
7 3 18 19
4 3 18 17
3 3 20 20
7 3 19 20
8 3 19 19
7 3 23 18
6 2 15 18
5 3 41 16
3 3 39 18
5 2 16 18
5 3 17 17
5 3 38 16
4 2 16 20
6 3 16 20
4 2 16 22
1 3 16 21
5 2 16 21
1 2 16 29
4 3 16 30
1 3 19 29
6 3 29 31
8 3 31 29
8 2 15 31
8 3 24 29
6 3 31 28
1 2 16 60
1 3 19 60
7 4 29 58
4 5 30 60
5 2 16 60
7 3 20 61
3 3 19 61
5 4 21 61
1 3 21 62
6 3 32 60
4 3 31 60
2 2 16 61
5 4 22 60
4 2 16 62
5 3 30 62
2 2 16 63
1 3 26 61
8 3 38 63
6 3 41 60
6 2 16 87
1 2 16 90
6 2 16 91
8 2 15 91
6 2 16 95
5 3 22 93
6 3 25 93
1 2 15 95
1 3 19 93
2 3 22 95
5 3 20 95
6 3 25 95
3 3 26 96
6 3 27 97
2 3 36 98
7 2 16 94
7 3 20 92
2 2 15 94
5 2 16 98
5 3 37 99
7 3 36 99
8 2 16 98
5 3 21 99
2 4 24 98
1 2 17 17
5 3 25 16
5 3 32 15
2 3 44 16
3 3 45 16
8 2 16 17
6 3 25 15
8 3 28 15
7 3 35 16
8 3 40 15
7 3 39 16
8 2 17 26
7 2 17 31
3 3 17 30
1 3 16 30
3 3 29 28
2 2 17 41
8 3 25 42
1 6 25 41
2 3 25 41
3 2 17 44
4 3 20 43
8 3 34 44
7 4 34 44
2 3 35 42
8 2 17 47
3 4 24 47
2 3 17 46
3 3 34 48
1 3 37 46
7 2 17 46
3 3 40 47
8 2 17 45
5 3 17 45
8 2 17 53
5 3 17 52
6 3 33 53
3 4 53 51
2 3 45 51
1 2 17 52
3 3 19 53
8 3 17 53
2 3 18 54
8 3 17 55
7 3 22 50
6 4 37 50
3 3 29 53
6 2 17 52
4 4 46 51
8 3 43 51
2 3 46 52
2 2 17 61
3 3 23 59
2 3 26 57
8 2 17 62
5 2 17 67
7 3 17 67
4 2 17 77
3 3 21 75
8 2 17 80
4 2 17 89
8 2 18 11
4 3 50 10
6 2 18 15
4 2 18 15
3 3 24 13
8 4 33 12
5 4 32 11
6 3 25 11
2 3 30 12
4 3 31 13
6 3 30 13
5 2 18 21
2 2 18 20
1 2 17 21
7 2 17 20
1 2 18 23
1 2 18 38
7 3 31 37
6 2 18 42
1 2 18 48
3 2 18 71
4 3 21 70
8 2 18 76
1 3 20 74
5 3 23 75
7 3 23 74
8 3 32 77
2 3 31 77
8 3 35 73
1 2 18 78
5 3 21 79
3 3 21 81
1 3 26 77
4 2 18 91
6 2 18 92
4 3 28 91
8 2 18 92
7 3 18 91
7 3 22 91
2 2 16 92
6 2 19 12
8 4 18 13
1 3 20 15
4 3 23 14
3 3 27 12
4 3 36 11
3 3 40 13
2 3 39 13
5 2 17 13
7 4 38 12
5 2 19 11
2 3 18 12
6 3 19 10
7 3 26 13
5 4 25 12
1 4 25 10
1 3 33 12
1 3 36 9
5 3 46 8
5 3 49 6
8 3 48 6
2 3 66 5
8 3 68 4
5 2 18 12
4 2 19 15
2 4 24 14
6 3 39 16
2 2 18 15
1 2 19 24
6 3 24 24
6 2 18 24
2 3 24 24
8 3 23 25
2 2 19 24
4 2 19 41
8 4 32 41
4 3 31 41
2 2 19 43
4 2 19 47
2 2 18 47
7 2 18 46
1 2 18 46
6 2 18 48
6 2 19 61
3 4 18 62
4 4 18 62
1 3 20 64
4 3 22 59
8 3 28 62
8 3 32 57
6 3 31 56
1 3 46 54
3 2 17 63
6 2 17 63
7 2 19 64
3 2 19 63
5 2 18 63
7 4 24 62
1 3 23 63
5 3 24 60
8 2 18 64
2 2 19 62
2 3 24 63
5 3 25 65
3 3 25 65
6 2 19 65
5 2 18 66
6 2 18 66
2 2 19 67
6 3 39 68
4 4 39 68
3 2 18 67
5 2 17 67
4 2 19 76
8 3 23 74
3 3 22 74
1 3 32 73
6 3 31 74
5 2 19 88
3 2 19 92
7 2 19 94
1 2 18 94
2 2 19 96
1 2 18 96
5 3 20 95
8 3 20 96
3 3 20 98
5 2 17 96
3 2 17 96
1 4 34 96
1 2 19 96
8 2 20 6
7 3 53 5
6 4 65 4
5 4 76 2
5 3 53 5
4 4 71 4
6 3 69 5
3 2 20 10
2 2 20 11
8 3 30 12
6 3 30 12
5 3 29 12
7 3 34 9
1 3 43 8
4 4 43 7
5 3 45 6
1 3 62 7
3 4 68 6
4 2 20 27
6 2 20 30
2 3 27 29
8 2 20 34
3 2 20 43
7 3 29 42
6 3 29 41
2 2 20 45
5 4 28 43
3 3 26 45
1 3 29 43
6 4 29 42
8 2 20 46
5 2 20 45
1 2 20 44
8 2 20 53
5 3 40 53
1 2 21 25
8 2 21 37
4 2 21 47
3 2 21 47
5 2 20 48
5 2 21 57
7 2 21 58
4 3 24 57
8 2 21 57
8 4 24 55
6 4 24 55
6 3 30 53
1 3 30 53
1 2 21 60
2 3 21 59
3 3 26 57
1 3 30 56
3 3 31 55
8 3 38 55
6 2 20 60
5 2 19 60
6 2 19 59
1 2 19 58
3 2 19 57
5 2 19 58
7 3 22 56
5 3 20 58
7 2 18 59
3 2 19 58
3 2 21 77
1 3 34 78
3 3 45 79
1 2 21 81
7 3 25 82
4 2 21 80
6 2 20 81
5 3 22 81
8 3 22 79
4 2 20 81
8 3 30 80
8 2 20 82
4 2 21 81
2 3 24 81
8 2 21 82
2 3 20 82
8 2 21 82
5 2 21 85
8 2 21 88
5 2 20 89
4 2 20 88
1 3 20 88
8 2 19 89
8 2 21 96
4 2 21 99
4 2 22 17
2 2 22 33
7 3 43 32
3 2 22 44
8 2 21 44
8 2 22 53
6 3 26 51
5 2 21 53
6 2 22 54
6 3 33 53
3 3 32 53
4 3 32 55
8 2 22 61
1 2 22 60
6 2 22 90
7 2 23 5
8 3 39 4
5 3 40 3
5 3 59 1
5 3 62 4
1 3 66 5
6 3 74 2
3 3 77 2
6 2 22 6
2 2 23 10
8 2 23 13
4 2 22 13
7 2 23 16
4 2 23 15
2 3 27 14
3 2 23 15
1 2 23 16
6 3 24 15
8 3 28 16
4 2 23 28
7 3 22 29
8 3 22 28
5 3 22 27
2 3 26 25
4 2 23 27
1 2 23 38
4 2 23 44
2 3 25 45
5 2 23 69
6 2 23 75
8 3 26 73
4 2 23 76
5 3 25 75
8 2 23 76
2 3 23 75
7 2 22 77
6 2 21 77
3 2 23 76
5 2 22 76
4 2 22 75
1 2 21 75
5 2 23 74
7 3 28 72
3 3 27 72
5 3 28 71
2 2 23 74
4 2 23 73
8 2 23 85
7 2 24 13
8 2 24 40
3 2 24 45
6 2 23 45
5 2 24 70
1 3 29 71
4 3 35 71
3 3 34 71
5 2 24 76
8 2 25 9
6 3 52 7
5 3 66 6
6 3 66 5
4 2 25 33
1 2 24 33
7 3 28 33
2 2 25 32
1 3 32 32
3 2 25 59
2 2 24 59
7 2 25 60
6 3 25 60
1 2 26 7
7 2 26 43
8 2 26 67
3 2 26 67
1 2 26 67
2 2 25 68
8 2 26 71
6 4 27 70
2 3 27 69
5 3 31 72
3 2 25 72
4 2 24 72
4 2 26 77
3 2 26 77
8 2 27 2
3 3 57 1
2 3 63 1
4 3 76 1
5 2 27 34
6 3 32 34
2 2 26 34
3 3 35 32
2 2 27 36
1 2 27 36
3 2 27 38
6 2 26 39
4 2 27 53
3 2 26 53
6 2 27 70
7 2 26 70
1 2 27 71
8 2 27 71
4 3 26 71
3 3 27 71
5 2 27 78
3 2 28 2
4 3 41 1
8 3 71 1
2 2 28 2
1 3 44 2
8 3 51 1
3 4 60 1
7 3 64 4
7 3 67 2
5 2 27 2
3 3 46 1
7 3 51 3
4 3 53 3
7 2 28 10
3 2 28 49
4 3 35 48
7 2 28 52
2 3 31 51
5 2 27 52
3 2 28 52
4 2 28 51
2 2 28 80
2 2 29 4
8 2 29 5
4 3 28 5
6 3 52 5
1 3 52 4
6 3 58 3
1 4 57 3
4 3 58 6
1 2 28 4
2 4 48 4
7 3 38 3
3 3 55 3
2 3 55 3
8 3 55 2
4 3 56 1
6 2 27 5
6 3 40 4
1 3 51 5
5 3 52 5
5 3 58 7
8 3 57 6
4 2 29 9
8 2 29 9
4 3 53 7
6 2 29 25
5 2 29 34
7 2 28 34
2 2 29 60
8 2 30 79
3 2 31 6
4 3 33 6
8 3 50 5
7 3 51 4
6 3 52 3
7 2 31 6
4 2 31 33
4 2 31 69
2 2 31 78
6 2 31 83
8 2 30 83
8 2 31 91
5 2 32 7
1 3 33 5
3 3 51 7
3 2 32 17
1 2 32 26
4 2 32 50
6 2 32 54
3 2 32 79
5 2 32 78
4 2 32 97
5 2 33 17
4 2 32 17
6 2 32 18
3 2 32 17
4 3 32 17
6 2 31 17
2 2 33 52
7 2 33 67
4 2 33 80
5 2 33 98
4 2 34 18
6 2 34 91
3 2 34 99
5 3 37 99
5 2 35 17
2 2 35 56
3 2 36 7
6 2 36 6
3 2 36 26
8 2 36 27
4 2 36 48
2 2 36 100
2 3 41 98
2 2 37 4
8 3 44 3
5 2 37 27
2 2 36 28
6 2 35 28
4 2 35 27
4 2 36 26
5 2 36 27
2 2 35 28
2 2 37 26
3 2 36 26
7 2 37 79
6 2 38 2
2 3 39 3
2 3 46 2
7 2 38 4
4 2 38 4
3 3 44 4
7 3 44 3
1 3 56 1
3 2 38 3
1 3 42 4
4 4 43 3
8 2 38 10
8 2 38 48
6 2 38 97
3 3 40 97
4 2 38 98
6 3 38 98
3 2 39 69
4 2 40 7
3 3 46 7
5 3 46 8
1 2 39 7
7 3 43 6
8 2 40 26
6 2 40 43
7 2 40 50
3 2 41 99
3 2 42 2
1 2 42 8
8 2 42 80
2 2 44 6
4 2 44 7
8 2 44 51
2 2 43 51
3 2 46 50
8 2 47 2
8 2 59 1
7 2 64 1
