15324
2405
3 9 42 6
6 8 20 18
8 8 52 82
2 7 28 81
1 7 50 7
3 7 52 65
4 9 55 71
2 6 9 86
6 6 10 38
3 6 17 55
6 7 55 34
2 6 18 19
7 6 23 62
2 6 25 11
3 6 31 13
8 6 43 44
7 6 46 13
2 8 89 53
4 9 90 9
7 6 51 59
2 6 52 52
7 6 52 91
4 6 52 95
4 6 64 78
1 6 68 98
8 6 75 36
7 6 88 74
3 6 89 23
8 6 93 45
2 5 5 42
6 6 39 43
5 5 3 43
7 6 2 40
2 6 11 43
7 6 62 43
1 5 7 21
7 5 9 68
2 5 19 3
8 8 80 2
4 5 19 82
2 5 21 64
2 6 40 63
4 5 22 30
4 6 85 31
1 5 22 36
4 5 23 17
1 6 63 16
6 5 26 58
3 5 31 76
7 5 32 73
5 10 51 70
1 6 46 72
5 6 57 67
1 5 37 42
3 6 50 42
8 5 39 64
4 5 42 8
3 5 45 11
5 5 50 10
7 5 56 64
3 5 60 45
6 5 61 19
7 5 61 62
6 5 62 79
6 5 64 27
6 5 65 83
5 5 67 29
2 5 75 47
3 5 76 81
4 5 84 67
5 5 89 2
5 6 92 1
5 5 89 47
5 5 93 88
8 6 94 97
8 4 1 75
5 5 14 74
3 6 44 74
2 5 17 77
3 5 29 79
8 5 31 73
6 5 41 72
2 4 3 7
3 4 3 40
8 5 25 40
4 4 4 11
1 5 5 10
3 5 9 12
7 6 10 11
5 5 29 9
6 5 65 11
1 5 74 10
8 4 5 14
2 5 28 15
6 4 8 26
1 4 11 69
2 5 80 69
7 4 13 11
4 5 52 10
5 4 14 23
7 6 50 22
4 4 15 50
3 5 51 49
3 4 17 44
5 4 18 22
4 5 63 22
8 4 18 31
3 6 26 29
8 5 39 32
2 7 36 34
4 8 37 32
6 5 36 34
3 4 18 47
5 6 75 45
7 4 19 31
7 4 19 63
7 5 21 65
5 4 19 65
5 4 20 59
8 5 25 58
4 4 22 54
6 4 23 12
2 6 57 10
4 4 23 36
7 5 23 35
1 5 27 33
7 5 53 37
8 4 24 49
4 4 24 59
4 5 52 58
3 5 72 57
5 4 24 63
3 4 25 23
2 5 60 22
6 4 25 31
6 5 75 31
6 4 27 50
8 4 28 79
2 4 30 30
3 7 29 30
3 7 54 28
5 4 30 73
3 4 30 74
7 6 49 73
1 4 30 89
7 5 30 88
8 5 47 87
2 5 70 85
2 4 27 91
5 5 57 91
2 5 85 93
8 5 87 88
6 4 30 98
6 5 68 98
4 5 69 97
2 4 33 43
8 5 35 41
8 5 52 38
8 5 78 36
8 5 81 34
1 5 83 45
5 4 34 16
4 4 34 46
7 4 37 64
3 6 62 63
5 5 78 61
7 5 81 62
2 4 38 73
3 4 38 72
5 4 38 77
3 4 39 31
2 5 52 30
3 4 40 30
7 4 40 40
8 4 42 67
7 7 85 65
4 5 55 66
3 4 42 98
2 4 44 35
6 4 45 15
6 4 45 47
6 4 45 98
5 4 46 86
5 4 47 94
8 4 48 28
1 4 48 96
4 5 59 42
5 4 49 35
4 4 49 41
1 4 52 84
3 4 53 14
2 4 54 54
6 4 54 88
7 4 55 90
7 5 75 90
2 5 74 91
6 4 56 2
3 5 82 94
1 4 60 22
4 4 60 62
7 5 64 63
5 5 63 65
6 4 60 69
4 4 64 85
3 4 65 48
4 4 64 47
6 5 74 46
3 4 65 75
8 4 66 56
4 4 67 45
8 4 67 51
6 4 67 53
8 4 69 8
7 5 69 8
1 5 66 8
3 4 69 50
6 4 70 41
2 4 70 39
2 4 70 54
7 4 74 19
3 4 74 37
6 4 77 62
4 4 78 90
1 4 79 24
4 4 80 65
3 4 82 20
6 4 82 54
4 5 83 3
8 4 83 36
7 4 84 51
7 4 87 96
4 4 87 95
4 4 88 81
4 5 91 4
6 3 1 1
3 4 8 1
2 4 8 1
2 6 33 1
3 4 61 2
1 3 1 5
3 5 74 4
3 4 77 4
4 3 1 35
7 4 53 36
2 5 52 36
5 4 54 35
8 3 1 38
8 4 39 37
6 6 70 37
2 4 74 39
3 4 75 35
2 5 75 34
3 3 1 43
8 4 47 44
8 4 61 45
7 6 75 45
7 3 1 67
6 4 26 66
4 4 34 67
2 4 50 68
1 4 50 70
1 4 67 66
6 3 1 67
6 4 7 65
8 4 22 68
2 4 25 65
5 3 2 12
1 4 54 13
1 4 69 15
3 4 82 16
4 3 2 44
7 6 60 42
1 4 15 45
2 4 15 44
7 4 14 47
1 4 15 44
7 4 14 43
6 7 14 43
1 4 29 48
3 3 2 85
5 4 47 84
3 5 60 83
2 5 60 82
8 5 61 81
5 4 71 86
3 4 78 86
5 3 3 4
3 4 13 3
5 4 35 4
7 4 73 4
5 3 3 56
1 4 11 57
5 4 17 56
7 4 16 58
4 4 42 56
7 4 65 56
4 4 73 59
1 4 77 59
7 4 82 55
7 3 2 56
6 4 1 56
2 4 40 57
6 4 47 56
1 4 46 55
2 3 2 57
8 5 51 58
2 3 4 38
2 5 18 37
1 5 35 38
1 6 54 35
5 5 68 37
7 4 61 39
8 3 4 46
5 4 15 48
3 6 27 46
8 4 13 48
7 4 17 47
3 4 31 47
1 4 44 47
1 5 64 50
1 4 49 45
8 4 64 50
3 5 64 51
2 4 73 49
6 3 4 82
8 6 31 81
2 4 11 82
8 4 43 80
3 4 42 81
8 4 54 79
3 5 74 80
6 4 79 79
7 4 82 78
7 5 87 77
6 3 5 12
8 3 5 50
2 4 21 51
8 4 55 49
5 4 66 51
2 4 68 49
6 4 74 53
8 8 74 52
4 5 71 52
5 5 73 53
1 4 73 55
6 4 73 54
2 3 5 54
8 4 4 54
7 4 15 53
5 4 13 52
5 4 44 50
1 4 58 52
6 4 65 51
7 3 5 93
7 5 81 95
5 3 6 13
8 4 16 11
6 4 15 9
5 4 43 10
2 3 6 19
2 6 53 19
7 4 19 17
7 4 38 16
4 4 41 16
7 4 54 17
3 4 61 18
1 5 60 20
7 5 60 20
4 3 6 19
2 5 10 20
1 6 72 19
1 3 6 28
6 4 17 27
3 4 82 27
3 3 6 46
1 4 9 47
4 3 6 55
3 4 15 54
2 4 32 53
4 4 35 52
5 3 6 73
7 4 7 72
6 6 9 69
3 7 45 71
8 4 34 72
4 4 36 72
6 6 53 72
2 4 47 74
5 4 70 73
7 5 74 71
3 3 7 28
3 3 7 36
3 4 51 35
8 3 7 95
7 4 16 94
1 4 47 94
1 3 7 95
7 4 16 96
2 4 15 97
5 6 44 96
3 4 47 98
1 4 47 97
7 3 8 9
7 5 53 9
3 4 14 9
8 3 8 23
4 5 19 22
5 6 25 23
7 5 27 22
6 6 32 23
6 4 21 23
1 4 26 22
3 4 39 24
7 4 50 24
8 4 54 22
4 5 69 21
1 4 67 23
3 3 8 22
3 4 27 21
2 4 29 23
8 4 44 24
6 4 62 21
1 4 82 25
4 3 8 30
4 4 17 30
4 3 8 70
3 4 19 69
5 4 43 71
8 5 46 71
6 4 56 69
3 3 9 28
5 4 46 26
4 4 56 27
6 3 9 60
2 4 23 58
8 5 24 59
3 3 9 88
3 4 15 87
6 5 23 88
2 4 47 89
5 4 56 86
4 4 58 88
3 4 65 91
4 4 65 90
7 5 73 88
5 4 79 92
7 3 9 98
5 4 30 97
8 6 56 95
8 4 30 95
1 4 28 98
7 4 44 97
6 3 10 26
1 4 18 24
2 4 34 23
7 3 10 31
8 4 24 30
2 4 55 31
5 4 56 29
1 4 54 31
8 4 68 28
8 4 72 28
1 3 10 42
3 4 40 43
5 4 60 41
3 4 60 38
4 3 10 42
4 3 10 48
5 3 11 13
2 4 41 11
1 5 56 13
4 4 64 13
7 3 11 18
5 3 11 27
7 4 21 24
4 4 59 29
1 3 11 60
3 4 28 60
1 4 38 60
6 4 45 61
3 3 12 8
4 3 12 62
7 4 25 59
5 4 33 61
7 4 60 60
4 3 13 27
8 4 31 25
4 4 73 25
2 3 13 34
3 4 19 33
5 4 58 32
2 4 64 33
8 4 65 34
4 3 13 49
1 4 26 48
2 5 24 48
5 5 30 49
7 4 40 49
4 3 13 65
5 3 14 31
7 3 15 12
8 3 15 26
6 4 40 25
7 4 39 26
5 3 15 44
4 4 13 45
5 4 23 46
5 4 36 46
8 6 35 46
1 4 34 46
1 5 52 44
5 3 14 45
6 3 15 90
8 4 20 89
3 4 41 92
5 5 41 91
6 5 50 93
8 3 15 93
7 3 16 24
1 4 29 22
1 4 41 20
5 4 45 22
8 3 16 31
1 3 16 65
1 3 17 29
6 3 17 37
2 3 17 54
4 5 57 54
4 3 17 81
8 4 66 79
6 4 67 79
4 4 66 79
8 4 80 79
2 3 17 93
5 5 77 92
6 3 18 5
7 3 18 52
6 3 18 59
3 3 18 60
8 5 26 61
2 4 27 60
3 5 44 59
5 4 44 58
1 3 17 59
8 3 18 64
6 4 19 64
5 5 44 63
7 3 18 89
2 4 17 89
3 3 16 90
3 4 27 91
7 3 17 89
1 4 43 87
5 3 19 8
1 4 23 8
5 4 74 7
2 6 79 4
8 3 19 55
3 5 32 54
2 4 25 56
3 4 28 52
8 4 32 51
3 4 53 54
8 3 19 59
1 3 19 61
3 3 19 80
7 4 32 78
2 5 39 78
5 6 39 77
2 4 44 77
5 3 19 85
8 4 37 86
4 4 54 86
6 3 20 61
4 4 29 58
7 3 21 6
7 4 42 4
1 3 21 51
4 4 23 49
5 4 30 52
8 4 35 50
6 4 34 49
8 4 53 54
6 4 53 53
4 3 22 12
2 4 29 10
7 3 23 27
1 4 42 25
2 4 47 24
2 4 60 25
6 4 60 25
5 3 23 31
4 4 44 32
5 4 49 34
3 4 56 30
4 3 23 42
5 3 23 56
2 4 27 54
5 4 48 56
3 4 47 57
7 4 46 56
6 4 61 59
8 4 62 57
7 3 23 65
2 4 52 64
8 3 23 90
5 3 24 31
3 4 28 30
6 4 27 32
7 3 23 32
6 4 30 29
8 4 64 33
2 3 24 36
4 3 24 67
5 4 49 66
6 4 52 65
8 3 24 93
1 4 70 93
7 3 25 7
1 3 26 4
1 3 26 86
5 6 33 85
2 4 70 87
8 3 27 6
7 4 59 8
7 4 61 3
3 3 27 87
7 4 27 87
4 3 27 98
6 5 37 96
8 3 28 31
4 4 27 32
8 4 48 30
3 3 28 47
8 3 29 12
3 4 45 13
7 4 58 14
2 3 29 54
6 3 29 82
3 4 48 82
7 4 55 81
3 5 59 79
5 4 63 81
8 4 64 82
2 3 29 97
1 4 43 98
2 4 54 96
1 3 28 98
8 3 30 7
4 5 61 7
8 4 39 6
2 4 52 5
5 4 59 8
3 4 58 8
3 4 73 4
1 3 30 5
4 4 52 3
6 3 30 44
3 3 30 51
2 4 35 49
1 4 51 52
6 3 29 53
6 3 30 56
6 3 30 85
8 4 39 86
4 4 39 87
6 4 43 87
7 4 49 88
8 3 30 87
5 3 31 94
8 4 36 94
1 3 31 92
1 4 36 94
6 3 32 68
2 3 32 88
6 3 33 41
2 4 53 42
8 4 57 40
5 4 59 41
1 5 67 39
6 3 33 65
6 3 33 96
8 3 36 61
3 4 38 62
5 3 36 74
7 3 36 91
8 4 35 91
3 4 73 92
6 3 36 89
1 4 41 91
3 3 37 18
5 4 71 18
3 3 37 86
4 3 38 9
6 5 57 8
7 3 38 9
3 3 38 8
7 3 38 10
6 3 38 51
5 3 39 3
2 4 56 2
3 3 39 3
4 4 56 1
6 4 67 4
5 3 39 15
6 4 60 16
6 4 68 16
7 4 70 16
8 3 39 16
1 4 66 15
7 3 39 17
3 4 47 16
2 4 48 14
5 4 48 15
5 3 39 19
5 5 52 18
2 4 51 21
6 3 39 65
6 5 43 65
6 3 39 71
5 4 53 70
8 5 56 70
8 3 39 72
2 5 48 72
2 3 39 74
1 4 38 74
7 4 39 75
4 3 40 26
3 3 40 25
6 4 51 26
4 4 56 24
1 3 40 58
5 3 40 75
6 4 80 76
7 3 40 86
2 3 40 97
8 3 41 69
8 4 70 69
8 3 42 21
1 4 48 22
2 5 54 19
8 4 54 17
2 3 40 21
3 3 42 42
6 4 45 40
6 3 42 55
1 5 41 55
4 3 42 57
6 3 42 70
5 4 47 71
2 4 56 70
6 4 55 72
8 3 43 54
3 3 43 76
5 3 44 20
7 3 44 18
1 3 44 25
7 3 44 26
5 4 56 27
7 4 60 27
8 3 43 25
5 4 47 23
3 3 44 26
2 4 51 27
5 3 44 39
1 3 44 66
6 3 45 16
4 5 45 14
4 5 46 12
7 3 45 37
7 3 45 59
3 3 46 38
8 3 45 38
8 4 58 37
6 3 45 37
4 3 45 36
8 3 46 51
3 3 47 6
6 3 47 47
8 3 47 47
5 3 48 21
2 3 48 62
4 4 54 62
2 4 53 64
1 3 48 87
2 4 49 88
1 3 49 8
5 3 49 8
3 3 49 43
3 3 49 85
3 3 50 27
2 3 50 78
5 3 50 81
8 3 51 66
4 3 51 69
4 4 56 69
6 5 59 69
7 3 50 68
3 4 52 66
5 4 55 67
5 4 60 69
8 3 51 84
7 4 62 84
5 4 61 85
2 3 52 5
8 3 52 9
1 3 52 91
5 3 53 5
1 3 53 7
1 3 53 28
2 3 53 34
4 3 53 48
8 3 54 14
8 5 60 12
3 3 54 90
2 3 55 6
4 4 62 4
8 3 55 77
1 3 56 4
7 3 56 70
8 3 56 90
8 3 57 80
5 4 56 82
7 5 56 80
6 3 58 20
2 3 57 20
8 3 57 18
6 3 58 35
4 3 58 42
4 3 59 60
2 3 59 60
2 3 60 13
4 3 60 69
8 3 59 69
3 5 59 68
8 3 61 17
8 3 61 62
4 3 61 75
3 4 63 76
3 3 61 92
7 3 62 1
2 3 62 75
3 3 63 21
3 3 64 33
6 3 64 96
8 4 68 93
2 3 65 78
5 3 66 14
6 3 66 93
7 4 68 93
6 3 67 40
7 3 69 99
3 3 73 77
7 3 73 84
2 2 1 4
1 4 13 4
2 3 5 3
4 5 19 2
7 4 34 5
7 3 5 2
1 3 20 1
4 3 23 6
3 3 27 1
8 4 51 2
2 3 31 6
3 3 32 2
1 4 53 4
6 3 37 1
8 3 39 2
8 3 47 4
6 4 52 5
3 4 49 7
5 3 51 5
7 3 52 3
7 3 55 6
3 3 63 1
1 3 65 1
3 2 1 7
8 3 16 7
1 3 26 8
8 4 53 6
7 3 25 9
4 3 25 7
5 3 25 8
3 3 26 5
8 3 33 8
2 3 33 10
6 3 32 9
1 3 31 8
2 3 34 7
3 4 44 9
5 3 51 6
2 2 1 9
8 3 7 8
5 3 6 8
1 3 12 10
6 3 19 6
8 4 34 8
2 4 32 9
2 3 28 8
4 3 32 7
7 3 35 8
5 3 36 7
5 3 41 11
8 3 41 11
6 5 56 12
8 3 43 13
2 4 42 13
1 4 41 15
5 3 44 12
7 3 49 10
6 3 49 14
3 3 50 5
5 3 50 15
8 2 1 11
4 3 12 9
1 4 36 10
7 3 11 10
2 3 21 11
7 3 27 8
3 3 27 9
4 3 31 13
2 3 42 11
4 3 46 14
1 3 57 14
4 3 61 16
6 2 1 13
4 4 1 12
1 4 27 12
3 4 50 14
1 3 5 12
5 4 40 10
8 3 5 12
4 3 19 15
8 3 28 13
3 3 27 14
7 3 28 12
3 3 31 16
2 3 34 15
1 3 36 12
7 3 35 12
6 3 37 16
8 3 50 14
2 3 50 17
2 3 54 16
4 3 61 18
2 3 59 18
7 3 59 17
4 3 60 18
3 2 1 11
4 2 1 10
6 3 3 10
6 4 27 11
6 3 35 10
8 2 1 10
1 2 1 13
5 3 41 14
2 3 43 14
2 2 1 14
7 2 1 18
5 4 8 16
1 4 45 14
7 3 8 14
5 3 8 12
6 3 8 17
2 3 10 16
5 5 43 14
4 4 42 14
3 3 9 16
6 4 14 16
2 4 25 18
6 4 28 16
3 3 16 11
3 3 24 13
4 5 24 12
8 3 23 12
8 3 37 21
4 4 38 20
7 3 42 21
8 3 43 18
6 3 42 20
4 6 42 19
6 3 43 20
3 3 48 22
2 2 1 25
8 4 38 23
8 3 9 24
5 3 25 25
1 3 37 22
7 3 44 24
7 4 48 25
4 3 43 23
8 3 43 23
2 4 45 24
1 3 41 25
8 3 46 24
3 3 44 24
4 3 48 27
5 3 53 27
6 4 56 27
1 4 54 28
3 3 52 27
4 3 52 27
3 3 59 29
5 3 60 29
4 3 58 30
8 2 1 26
6 3 35 25
3 3 37 24
6 3 43 23
5 2 1 26
3 3 6 25
7 3 6 24
8 3 17 22
2 2 1 31
5 4 35 30
7 4 45 30
3 3 31 31
2 3 35 32
7 2 1 33
7 4 26 33
7 3 15 31
2 4 40 29
2 3 20 32
1 3 21 33
6 4 31 31
3 3 20 32
6 3 22 30
8 3 27 34
8 3 30 30
3 3 30 34
4 3 41 36
2 3 40 36
3 3 44 37
8 3 49 29
2 3 54 33
3 2 1 34
7 4 27 32
5 5 26 35
8 3 18 35
8 5 27 34
3 4 36 37
7 3 29 31
3 3 32 34
7 3 36 37
5 3 35 39
2 4 54 38
1 3 43 33
7 3 48 35
6 3 50 35
4 3 68 40
5 2 1 37
6 4 25 36
2 4 25 37
7 4 28 37
8 3 6 37
7 4 30 35
2 4 30 37
8 3 34 36
4 3 41 33
7 3 57 39
4 2 1 41
7 3 16 40
3 3 20 40
8 3 24 40
7 4 59 41
3 3 29 41
4 3 29 42
7 4 37 43
8 3 45 45
6 3 44 46
2 3 53 42
7 2 1 56
1 3 4 55
4 4 11 55
5 4 9 58
4 4 16 57
2 4 15 57
3 3 7 55
6 3 15 54
1 3 14 53
2 4 20 52
2 4 37 53
3 3 14 52
6 3 17 53
7 5 19 52
7 5 42 50
1 3 18 57
6 4 27 58
2 4 34 60
1 3 34 58
3 3 36 52
3 3 48 49
1 3 48 60
2 3 52 57
2 3 55 57
4 2 1 59
2 3 7 60
7 3 7 61
5 4 33 62
8 4 39 63
5 3 18 60
4 4 22 59
1 3 19 59
3 3 25 58
2 3 26 59
5 3 26 63
1 3 35 64
3 5 35 64
4 3 33 65
7 4 41 65
6 4 44 64
8 4 53 66
2 3 32 65
3 3 37 60
6 3 39 64
7 3 51 63
7 3 52 58
2 3 55 63
8 2 1 58
6 2 1 62
7 3 2 61
1 4 5 60
5 4 8 62
1 4 21 62
4 4 22 63
1 4 35 62
8 3 20 63
7 3 29 61
1 3 44 62
2 2 1 69
7 4 4 69
1 3 31 68
7 3 40 69
6 3 43 68
2 3 57 71
2 2 1 73
7 3 32 74
8 3 45 75
7 3 47 73
8 3 54 73
1 3 58 75
5 3 60 77
2 3 58 79
8 3 61 77
5 3 72 76
4 2 1 75
4 3 25 76
5 4 42 73
6 3 24 77
2 3 30 78
6 3 38 76
1 4 48 75
7 4 46 78
4 3 38 77
6 3 51 75
1 3 59 77
3 2 1 74
6 3 5 73
4 4 30 72
2 3 6 74
2 3 8 73
7 4 18 73
6 3 8 72
4 3 12 72
3 4 12 73
4 3 17 72
8 3 17 74
8 3 22 76
8 4 23 74
7 3 20 77
6 3 41 72
7 3 42 71
3 5 42 70
8 3 52 68
1 2 1 76
2 3 18 75
3 3 18 76
3 4 51 76
4 4 51 77
6 3 21 74
4 3 19 75
1 3 20 75
8 3 26 76
4 3 29 73
8 3 36 77
1 5 48 78
6 3 51 77
5 2 1 81
4 3 10 82
3 3 10 81
5 3 20 80
8 4 47 79
8 3 20 82
2 4 67 83
1 3 29 79
4 3 30 81
3 4 50 82
3 3 37 79
6 3 40 82
7 3 39 82
4 3 43 78
4 3 47 84
1 3 48 82
7 3 52 84
4 2 1 80
3 3 2 79
4 4 15 79
4 4 33 78
2 3 41 81
5 2 1 81
7 3 16 80
8 3 43 82
7 2 1 83
5 4 12 83
2 3 39 83
3 4 61 84
6 3 40 82
5 3 49 85
4 3 50 84
1 3 58 85
1 2 1 96
5 3 23 97
7 3 26 95
5 3 25 94
5 3 31 97
8 3 62 99
3 3 65 96
3 2 2 1
5 3 2 1
2 4 59 1
4 3 2 1
1 3 57 2
8 3 57 1
8 2 1 1
6 3 36 1
6 2 2 1
8 4 8 1
5 3 14 1
1 3 41 2
5 3 40 3
1 2 1 1
5 3 8 1
7 3 20 2
1 3 28 3
8 3 32 1
5 2 2 5
3 3 27 3
2 3 28 1
6 3 28 4
4 3 27 4
6 3 39 1
7 3 41 6
2 2 2 21
1 3 1 21
3 3 9 20
2 3 13 22
1 3 23 20
6 3 26 22
4 2 2 23
3 2 2 24
3 3 36 22
1 2 1 24
1 2 2 26
4 3 9 24
1 3 9 25
5 3 12 25
1 3 15 25
1 4 24 23
3 3 17 25
2 2 2 25
8 4 9 23
1 3 13 21
5 3 24 22
5 3 28 24
4 2 2 24
6 2 1 25
8 4 14 24
3 3 9 25
5 3 13 24
4 3 14 22
7 3 13 21
5 3 13 20
4 3 22 19
8 3 22 20
5 2 2 23
2 3 14 24
1 3 14 25
3 2 1 24
3 3 5 23
8 3 21 22
1 2 2 37
5 3 11 37
8 3 15 39
7 4 44 38
6 3 26 36
2 3 52 39
4 2 2 39
5 2 2 38
4 3 16 39
1 4 41 38
5 3 16 39
5 5 42 39
2 3 21 41
7 3 22 42
8 4 34 41
5 3 35 44
6 3 34 46
3 3 33 46
7 3 36 40
6 4 35 40
1 3 40 42
4 3 43 43
5 3 43 43
6 2 2 44
8 4 20 44
2 3 9 44
4 3 9 46
7 3 27 47
5 3 26 46
3 3 36 46
5 3 46 48
7 2 1 44
3 4 22 43
2 3 26 44
1 3 32 45
5 3 42 44
8 2 2 48
6 3 10 48
8 3 24 47
1 3 33 45
6 2 2 49
5 3 4 49
4 3 37 50
8 3 45 49
5 2 2 50
5 3 7 51
4 3 6 50
1 4 28 51
3 3 9 52
3 3 32 48
4 3 38 49
3 3 38 51
7 3 41 48
6 3 45 48
8 2 2 59
6 3 11 60
6 3 17 59
5 4 44 57
8 3 17 58
7 3 17 57
5 4 25 56
4 3 25 60
6 3 27 60
6 3 30 59
4 3 41 56
8 2 2 68
1 3 1 68
4 4 37 68
2 3 6 67
2 3 13 69
8 3 22 70
2 3 37 70
7 3 40 70
2 2 1 67
3 3 14 65
6 3 22 64
5 3 33 65
1 3 40 62
2 3 48 61
3 3 48 61
2 2 2 66
8 3 2 65
4 3 2 67
2 4 13 65
4 3 13 65
3 5 17 65
7 5 17 67
7 3 14 65
6 5 14 64
4 3 21 63
3 3 20 63
7 3 21 69
1 4 36 71
2 3 28 62
6 3 28 60
8 3 37 62
5 3 41 66
2 3 43 71
5 4 43 70
3 2 1 66
5 3 21 67
5 4 28 68
4 4 36 68
4 3 21 66
2 3 20 66
7 3 27 71
2 3 27 72
2 3 37 67
3 3 37 70
8 2 1 67
4 3 2 66
3 3 1 68
1 4 19 67
6 4 18 65
1 3 17 69
7 3 17 68
7 3 26 69
5 3 29 69
1 2 1 67
8 3 3 66
3 3 2 65
5 3 7 66
1 3 16 64
5 2 1 69
4 2 2 65
5 2 2 64
3 2 2 66
6 4 1 66
1 3 15 65
2 3 14 67
8 2 1 66
2 3 3 65
7 4 3 64
8 3 28 62
1 3 27 63
8 2 2 68
8 4 13 67
5 2 2 68
1 3 25 68
4 2 2 67
7 3 3 65
5 3 10 64
6 3 18 63
1 2 2 65
3 2 2 66
7 3 10 64
6 3 11 66
1 2 2 67
2 4 8 66
4 3 8 67
1 2 2 77
2 3 18 78
1 4 32 77
5 4 33 75
8 3 26 79
7 3 28 75
2 3 28 75
4 3 29 77
5 2 2 85
2 4 18 86
2 4 24 85
5 3 5 86
4 3 5 85
3 3 19 86
8 3 40 87
2 3 46 87
4 3 45 87
6 3 46 85
5 3 44 87
8 4 45 85
1 2 1 86
6 3 2 86
7 3 2 85
8 5 16 85
6 4 23 88
5 4 44 89
2 3 1 85
3 4 17 84
5 3 3 85
4 4 26 84
6 3 5 86
2 4 34 85
8 3 13 87
1 3 15 86
2 3 27 90
1 3 30 83
7 3 31 92
6 3 53 89
1 2 1 85
6 3 7 85
2 6 7 84
3 4 6 83
2 4 28 84
1 3 11 83
5 3 11 88
6 6 11 87
1 3 13 83
8 3 16 90
1 3 16 89
7 4 39 88
4 3 18 82
3 3 21 90
4 3 22 89
6 4 47 90
1 4 48 89
5 3 20 89
7 4 44 89
3 3 35 88
8 4 33 90
5 3 44 90
3 3 45 91
4 3 63 92
3 2 2 87
1 3 6 85
2 3 13 84
7 3 24 83
8 3 24 82
6 3 34 87
4 2 2 88
3 3 5 86
5 2 2 91
8 2 2 91
2 3 20 92
6 3 23 93
2 3 35 93
1 4 36 91
2 4 43 93
8 3 36 92
7 3 57 93
7 2 2 92
7 3 17 93
5 4 32 92
6 4 46 93
3 4 46 94
4 3 35 92
6 3 36 94
5 4 46 94
3 3 35 95
7 4 34 94
6 3 42 97
1 3 41 97
3 3 54 96
2 2 2 94
6 3 9 93
4 3 15 94
3 4 30 94
4 3 19 95
2 4 25 93
3 4 25 95
7 3 31 91
2 4 41 92
3 3 31 91
7 3 34 97
3 3 37 97
8 3 40 97
2 3 51 95
2 3 67 99
3 2 3 1
4 3 37 1
8 2 3 5
2 3 13 5
1 3 36 4
3 3 35 4
3 3 36 6
5 3 36 6
8 2 3 9
2 2 3 12
5 3 9 10
2 2 3 27
7 3 5 28
8 3 10 29
2 3 17 26
5 3 27 29
7 3 30 29
6 3 31 31
4 2 3 33
7 3 8 34
8 4 17 32
4 4 17 31
3 3 9 31
2 3 13 34
6 4 36 34
2 3 14 29
7 3 14 30
1 4 25 29
1 3 15 31
8 3 19 31
1 3 21 32
4 3 20 33
4 3 33 34
3 3 34 28
8 3 33 27
7 2 3 32
2 3 19 30
7 3 34 28
8 2 3 41
1 3 17 39
6 3 19 41
5 3 36 38
1 3 40 43
3 2 3 42
7 2 3 42
4 3 9 42
5 3 12 41
8 3 15 39
6 4 22 37
3 3 17 38
5 5 21 37
2 5 21 39
4 5 31 37
4 3 40 42
5 2 2 42
7 3 2 41
8 3 8 42
3 3 11 42
6 4 11 42
6 3 24 41
7 3 23 41
6 3 31 40
6 2 2 41
4 4 14 40
5 4 26 40
2 3 2 40
5 4 14 41
1 3 10 42
6 3 10 40
2 3 12 39
7 3 16 43
7 3 24 37
5 3 28 36
5 3 29 45
5 3 35 40
5 2 1 40
7 3 30 39
3 3 29 38
3 2 3 47
2 2 3 47
2 5 24 46
5 2 3 52
2 3 8 52
1 3 29 52
8 4 37 51
4 3 30 51
4 3 35 51
6 4 37 52
1 2 3 57
4 3 12 58
5 3 14 55
7 3 12 56
8 3 36 55
4 2 3 70
7 3 7 71
5 3 16 70
6 4 15 70
5 3 19 68
1 3 25 68
6 2 2 70
1 3 2 69
4 3 11 69
7 2 1 69
3 2 1 70
1 2 2 71
8 3 27 71
4 4 27 70
3 3 28 73
4 2 3 73
1 3 4 73
4 3 12 74
8 3 11 74
4 3 13 75
6 3 36 77
5 3 36 76
1 3 39 78
1 2 3 76
8 3 3 76
1 3 12 75
1 3 16 74
8 3 17 74
4 4 18 73
1 4 17 75
6 3 20 73
3 3 20 74
2 3 33 76
5 2 3 77
2 3 13 75
7 4 34 77
6 4 32 77
7 3 17 74
2 2 2 77
7 3 3 77
7 3 15 77
1 3 27 78
2 2 2 78
3 2 2 77
2 3 27 77
8 2 3 93
4 3 6 94
6 3 10 93
6 3 25 92
4 3 38 92
6 2 2 94
8 3 24 94
2 2 2 94
5 3 4 94
4 3 7 94
4 3 16 94
1 3 17 93
2 2 3 96
7 3 7 96
3 3 11 96
4 3 17 94
5 2 2 96
6 4 5 95
8 4 11 95
1 3 3 95
8 4 4 94
8 3 6 93
5 4 24 91
4 3 11 98
1 3 21 98
7 3 28 91
7 3 30 96
7 2 1 96
5 3 7 95
8 3 25 96
1 3 24 96
8 3 22 97
6 3 25 95
6 3 30 97
7 2 3 94
7 3 10 94
2 2 4 6
6 4 36 5
1 3 14 7
8 4 33 6
8 2 4 12
4 3 10 12
4 2 3 12
3 2 3 11
1 3 3 11
3 3 8 10
4 3 6 10
7 3 15 9
2 3 22 11
3 3 22 11
7 2 3 12
5 4 20 12
6 3 21 11
4 3 22 9
4 3 30 14
6 3 36 16
7 4 36 16
8 4 35 17
6 2 3 11
4 3 16 11
7 4 17 12
7 3 25 14
2 3 32 14
6 3 31 15
1 2 4 20
2 3 16 19
3 3 29 20
5 3 47 17
6 2 4 23
2 3 4 23
7 3 16 24
7 3 23 21
4 3 27 19
8 3 27 21
1 3 45 18
3 3 44 18
4 2 3 24
5 2 3 25
5 4 14 26
4 3 3 25
4 3 14 27
8 3 13 28
2 2 4 24
7 3 4 23
4 4 9 22
3 3 20 21
5 2 4 24
3 2 3 24
1 3 4 24
1 2 4 34
5 3 4 34
1 3 7 35
5 4 40 34
7 3 17 33
3 3 18 32
5 3 17 31
6 4 18 31
2 3 16 32
8 3 15 32
8 5 19 31
4 4 18 34
6 3 19 33
3 3 37 36
1 2 3 35
4 3 7 33
3 3 9 35
8 3 8 36
6 4 9 36
1 3 21 36
8 3 20 36
3 4 25 33
2 2 3 34
7 3 3 34
5 4 11 33
7 3 19 35
2 4 24 35
8 3 19 34
4 2 4 37
3 3 17 38
1 2 4 43
3 3 10 44
4 4 23 43
7 3 10 45
4 3 24 46
7 2 4 52
4 4 16 50
8 3 15 51
3 4 15 50
5 3 29 53
2 3 29 52
7 3 30 53
1 3 29 54
2 3 27 56
7 2 4 56
1 3 23 55
3 5 30 54
3 3 26 56
8 3 26 57
8 2 4 69
7 2 4 68
5 2 4 70
6 2 4 74
2 3 10 73
7 3 9 73
1 3 12 72
7 2 3 74
2 3 3 73
6 3 9 72
1 3 13 73
5 2 3 74
3 2 3 75
6 3 7 75
7 3 7 75
8 2 4 78
3 2 4 94
2 3 11 95
6 4 26 96
2 3 26 98
4 3 24 98
2 3 23 98
3 3 23 98
4 3 30 98
5 3 29 98
1 3 32 99
2 3 32 98
5 2 4 96
6 2 4 96
1 2 4 97
5 4 14 97
7 2 4 96
3 3 18 95
1 2 4 97
4 3 7 96
1 3 7 95
2 3 7 98
5 3 10 93
1 3 18 96
7 3 31 99
2 3 33 91
8 2 5 1
8 3 19 2
6 3 17 2
2 3 19 2
4 2 5 2
4 3 20 1
2 3 36 3
7 2 5 2
4 3 9 2
3 3 13 4
6 3 16 5
8 3 28 5
7 4 28 5
6 3 27 5
1 2 5 12
8 2 5 27
4 2 5 28
6 3 14 27
8 2 5 30
3 3 12 28
6 3 12 30
7 2 5 35
4 2 5 47
1 2 5 49
2 3 6 48
6 2 5 51
1 2 5 59
7 5 10 58
8 3 11 61
6 3 16 59
8 3 17 58
1 3 25 58
4 3 25 59
8 2 5 61
1 2 5 68
6 3 14 69
6 2 5 85
2 2 5 89
5 3 24 87
7 2 5 93
7 3 11 93
4 3 11 94
2 2 6 7
3 3 10 6
2 3 11 8
2 3 14 8
4 3 13 9
6 3 15 9
1 3 14 11
8 2 5 7
5 3 23 6
6 3 23 7
5 2 6 8
6 2 6 12
8 3 8 13
2 3 11 15
3 3 39 17
4 2 5 12
3 3 13 12
2 2 6 11
3 2 5 12
1 2 6 16
2 2 6 15
5 3 6 16
7 3 5 18
1 5 26 16
5 3 7 16
6 4 9 15
2 4 20 15
1 3 14 14
1 3 14 18
3 2 6 14
4 2 5 14
3 2 5 14
8 2 6 16
7 2 6 15
5 3 5 15
6 2 6 22
5 4 26 20
7 4 25 22
5 3 17 20
6 3 22 18
3 2 6 28
3 3 15 28
5 3 22 27
1 3 33 27
3 2 6 36
1 3 16 35
4 2 6 39
1 3 7 40
2 2 6 39
7 3 16 38
3 2 6 43
5 2 6 43
7 2 6 54
8 3 20 54
4 3 19 54
8 2 6 97
3 3 14 98
8 3 22 99
2 2 7 9
6 2 7 13
2 2 7 13
7 2 7 27
2 3 14 27
8 3 14 26
5 4 31 27
6 3 30 27
2 2 7 28
2 3 16 26
1 2 7 27
2 3 24 28
5 3 25 29
2 2 7 35
8 2 7 59
1 2 7 73
5 2 7 80
1 3 12 78
5 3 10 80
8 3 18 78
7 2 7 87
8 3 19 86
3 3 18 88
1 3 22 88
7 2 7 91
6 2 6 91
1 3 8 90
7 4 16 88
2 4 17 89
6 3 16 91
8 3 16 90
4 3 16 92
6 3 17 90
1 3 17 89
4 5 17 88
6 3 15 88
8 3 16 89
7 3 26 90
2 2 7 93
1 3 13 91
5 4 15 90
3 2 7 92
7 2 8 6
5 2 8 10
1 2 8 23
6 2 7 23
7 2 8 27
6 2 8 32
7 3 7 32
1 4 15 31
5 3 11 31
7 3 13 30
4 2 7 32
2 3 11 32
3 2 8 33
1 2 7 33
6 2 7 33
3 3 9 33
1 2 8 33
7 3 8 32
6 3 8 32
5 3 7 32
8 2 8 33
5 2 7 34
7 2 8 39
8 2 8 44
3 3 17 44
8 2 8 55
3 2 8 65
1 2 8 66
6 2 9 5
4 2 9 5
4 3 26 4
8 3 26 4
5 2 8 6
7 3 15 4
4 2 9 22
2 2 9 22
2 2 9 34
3 2 9 34
8 2 9 54
2 3 9 53
8 3 14 54
1 3 13 55
6 2 9 53
2 3 12 52
5 3 25 51
4 2 9 54
3 3 10 54
1 2 9 69
2 2 8 69
3 2 8 70
3 3 10 70
8 3 9 71
2 2 7 70
5 3 7 69
6 2 8 68
8 2 9 74
4 3 12 74
3 2 9 73
7 3 19 71
2 3 18 71
7 3 22 71
5 2 9 73
3 2 9 77
6 3 11 76
1 3 14 77
1 2 9 79
5 2 9 88
7 2 9 89
2 2 9 90
5 2 9 97
8 2 10 11
4 2 10 26
2 3 9 26
2 2 10 30
1 3 10 29
5 3 10 28
2 2 8 30
1 4 8 29
4 3 11 30
8 3 16 29
7 2 7 29
1 2 10 40
4 3 13 39
1 3 12 38
8 3 13 39
4 3 20 38
7 2 10 40
4 2 10 47
8 2 10 55
8 2 10 58
1 3 19 57
2 3 19 58
7 3 25 57
4 2 10 61
2 2 10 91
8 2 11 6
3 2 11 5
5 2 11 6
7 2 11 14
6 2 11 16
2 2 11 19
6 3 13 18
3 4 13 19
8 6 12 19
1 4 12 18
3 3 17 16
2 3 16 17
8 4 16 18
4 3 15 16
7 2 11 19
5 2 11 19
6 2 11 20
5 3 14 21
7 2 11 47
1 3 19 48
6 3 19 49
7 3 18 50
8 3 17 50
2 4 28 48
5 3 16 49
1 3 16 50
4 3 16 49
5 2 11 47
7 3 33 48
2 3 31 48
8 3 30 48
2 2 10 47
3 2 10 47
5 3 9 47
4 2 10 48
6 3 13 48
7 2 11 47
2 4 10 48
1 3 12 48
7 3 14 48
6 2 11 52
7 2 11 52
8 3 12 51
2 3 18 50
7 3 21 49
1 3 19 49
5 3 20 49
4 2 11 52
6 2 11 61
3 3 12 60
8 2 10 61
2 3 12 59
8 3 21 58
7 2 10 60
5 3 11 61
1 3 10 60
5 3 14 63
7 3 22 62
2 3 22 62
2 2 11 75
4 2 11 85
6 2 11 89
2 2 10 89
4 3 25 89
3 2 9 89
1 2 12 2
8 3 12 1
1 3 24 2
7 2 11 1
5 2 12 3
8 2 12 10
7 3 12 9
6 2 12 19
1 3 22 18
7 3 23 17
2 2 11 20
3 2 11 20
4 2 12 34
1 2 12 35
8 2 11 36
5 3 14 36
3 3 14 36
1 2 10 36
7 2 12 53
8 2 12 79
2 3 26 79
3 2 11 79
7 3 23 78
6 2 11 79
6 3 17 79
7 2 12 83
5 3 26 84
5 2 11 83
5 2 12 85
1 3 20 83
8 3 19 85
6 4 24 85
7 3 38 82
6 2 12 84
3 3 19 83
8 3 24 84
5 3 38 82
3 2 11 84
8 2 11 84
4 2 12 95
2 2 12 97
7 3 22 98
7 2 11 97
4 3 12 97
5 2 13 4
4 2 13 4
1 2 13 7
6 2 12 7
7 2 12 6
6 3 22 7
7 2 13 19
6 3 21 19
1 2 13 21
1 3 16 21
6 2 13 23
1 2 13 39
6 2 13 38
4 2 13 54
5 3 17 55
5 2 12 54
4 2 13 64
8 2 12 64
7 2 13 72
3 2 12 72
7 2 11 72
6 3 15 71
5 2 13 78
2 3 16 78
4 2 13 77
6 3 12 77
3 3 12 76
1 3 14 76
3 3 15 78
2 2 12 76
7 3 12 77
5 2 11 76
8 2 11 76
5 2 11 78
2 2 13 93
6 2 13 94
1 2 12 94
5 2 14 19
4 2 13 19
4 3 17 18
6 2 13 18
7 3 20 19
7 2 14 17
5 2 13 17
4 2 13 16
1 3 13 15
7 2 12 15
8 2 11 15
1 2 10 15
3 3 10 14
8 2 10 15
5 4 10 14
1 2 13 18
3 2 14 33
5 2 14 55
8 2 13 56
3 2 13 55
3 2 14 82
6 2 14 81
5 3 15 82
2 2 13 81
4 2 14 87
6 4 20 86
7 2 13 88
8 2 13 87
5 2 14 90
1 2 13 91
8 2 14 95
6 2 14 98
7 2 13 98
2 2 12 98
1 2 11 98
2 2 14 100
4 2 14 99
7 3 13 100
5 3 13 99
8 2 15 1
6 2 15 6
1 2 15 14
6 2 15 40
8 2 15 43
2 3 18 44
6 3 28 44
8 2 16 17
7 2 15 17
6 2 16 44
4 2 16 48
3 2 16 48
2 3 16 48
1 2 16 55
3 2 16 64
8 2 16 63
8 3 22 62
5 2 16 73
1 2 16 72
4 2 15 73
8 2 16 79
8 2 17 8
4 2 17 19
2 2 17 27
4 2 16 27
7 2 17 29
8 2 17 40
3 2 17 41
2 2 17 42
8 2 17 44
7 3 26 45
1 2 17 45
4 2 16 45
2 2 15 45
4 2 16 45
7 2 16 46
2 2 17 63
2 2 17 99
5 2 17 99
3 2 18 4
6 2 18 17
4 2 17 17
6 2 18 19
3 2 17 20
5 2 18 27
6 3 17 27
6 2 18 29
4 2 17 30
3 2 16 30
1 2 17 29
2 2 16 30
1 2 18 41
3 2 19 1
6 2 19 2
3 2 19 41
3 2 19 59
5 2 18 59
2 2 18 59
1 2 19 62
3 3 26 61
8 2 19 76
3 2 19 84
1 2 19 99
8 2 20 28
2 2 20 50
6 2 20 51
1 2 19 51
8 2 20 85
1 2 20 85
5 2 19 86
7 2 20 84
4 2 20 87
8 2 21 44
8 2 21 46
1 2 21 49
7 2 22 5
5 2 22 52
5 2 22 57
2 2 22 76
5 2 23 58
1 2 23 68
3 2 22 68
3 2 24 1
1 2 24 41
2 2 25 57
3 2 25 57
3 2 25 80
2 2 25 83
4 3 26 82
8 3 30 82
6 2 25 84
1 3 29 83
1 2 24 84
1 2 26 99
3 2 27 82
8 2 26 82
6 3 25 82
5 2 27 83
5 2 28 1
6 2 28 57
4 2 28 58
7 2 28 61
5 3 28 61
5 2 28 92
3 2 32 57
8 2 31 57
8 2 33 99
4 2 34 81
2 2 34 81
6 2 33 81
5 2 35 3
4 2 38 80
7 2 39 80
2 2 43 1
1 2 42 1
3 2 51 100
3 2 62 100
2 2 62 100
