29579
2153
4 19 5 17
5 15 5 9
4 15 10 161
7 13 23 10
2 13 39 187
5 12 6 51
1 12 11 195
5 12 14 47
2 12 17 149
8 12 21 46
8 12 27 166
8 12 29 194
7 12 43 111
6 11 4 181
8 11 18 102
7 11 28 51
4 12 33 50
7 11 32 129
6 11 35 40
5 11 38 104
7 12 45 175
5 11 46 23
7 10 6 57
2 10 6 146
3 10 6 188
6 10 8 50
5 12 15 143
6 10 19 179
3 10 24 100
5 10 25 10
6 10 27 169
6 10 30 182
3 10 34 134
4 10 35 43
7 10 39 96
3 10 42 93
5 9 9 11
7 10 15 11
7 13 34 9
7 9 7 11
5 9 16 30
5 9 23 126
3 9 23 192
5 9 25 116
4 10 38 117
6 9 31 31
5 9 32 109
8 9 32 156
5 10 38 157
8 9 40 62
7 9 40 83
2 8 1 37
6 11 28 40
7 9 8 38
7 10 15 40
3 9 17 37
2 8 5 52
8 8 5 138
6 8 4 139
5 12 7 136
4 8 6 61
1 8 8 28
7 8 8 197
7 9 24 195
7 8 9 81
6 8 9 79
6 10 23 81
7 8 7 83
5 8 11 167
8 8 13 12
6 9 34 15
2 8 13 112
6 8 15 149
5 13 39 146
5 8 19 167
7 8 20 167
7 8 26 92
3 8 27 61
5 8 27 158
7 8 30 110
7 11 35 108
7 8 31 92
7 8 34 62
6 8 37 73
3 8 39 23
8 10 43 21
7 7 1 5
2 10 3 5
6 9 8 7
8 7 1 98
5 9 10 101
6 10 26 100
5 11 32 99
8 7 1 147
7 7 3 48
6 8 5 46
5 7 6 178
8 8 25 177
8 7 7 1
3 7 7 15
7 8 29 16
6 7 7 31
3 7 8 110
5 7 8 170
2 10 10 167
8 7 9 50
7 10 8 50
5 8 31 53
3 7 6 49
3 7 10 119
4 8 11 116
6 7 10 155
7 9 11 153
8 9 11 153
8 7 10 160
4 7 10 182
7 7 10 195
6 7 7 197
3 7 11 182
5 7 15 87
6 7 18 27
3 7 19 115
6 8 27 111
8 8 28 110
4 8 35 110
6 7 23 65
7 7 23 66
7 7 24 57
5 7 24 78
8 8 22 76
3 9 28 72
8 9 27 72
7 7 25 176
6 8 31 176
7 7 26 126
8 7 31 98
3 7 31 171
7 7 32 151
8 7 32 150
7 8 33 148
1 7 33 144
3 7 34 164
3 7 35 64
7 7 35 126
6 7 35 193
7 7 36 104
8 9 44 77
2 6 1 87
6 7 10 88
7 6 1 142
5 6 2 77
7 6 2 116
7 6 3 166
6 6 3 190
6 8 8 189
7 6 3 188
7 9 17 185
5 6 4 150
6 7 32 148
5 6 4 162
8 10 15 160
1 6 4 199
8 6 5 6
7 6 5 35
8 12 40 33
1 7 26 36
6 8 38 34
7 7 39 35
4 6 7 84
7 6 7 152
4 6 8 35
4 6 8 91
8 10 11 88
6 9 11 89
7 8 8 90
2 7 9 87
6 6 9 127
6 6 10 80
6 6 10 145
8 7 15 148
4 7 16 144
8 7 34 144
6 6 11 50
5 6 11 97
4 6 11 140
6 7 35 141
8 6 11 157
7 6 11 166
1 6 14 107
7 6 14 105
6 9 15 106
8 6 16 72
7 6 16 178
8 6 16 187
3 6 16 198
2 6 17 68
6 6 18 61
5 6 18 72
6 6 19 69
7 6 21 31
4 6 21 38
8 7 24 40
6 6 22 178
7 6 23 21
4 7 22 19
4 6 23 32
5 6 24 98
7 6 24 180
4 8 24 180
7 6 25 6
5 6 26 133
8 8 24 134
7 6 27 38
5 6 27 55
8 6 30 51
5 6 30 161
4 6 32 2
8 6 32 20
8 6 34 81
4 6 34 165
3 6 36 2
5 7 47 122
6 5 1 4
6 7 23 3
6 5 1 9
7 6 5 7
3 7 8 9
4 5 1 12
4 5 1 40
4 9 29 40
7 5 1 98
4 5 1 188
8 6 1 188
7 6 29 100
6 6 29 97
8 6 27 98
6 5 1 188
4 5 2 124
5 8 32 123
8 6 32 187
8 5 2 153
5 6 16 153
7 6 20 153
8 5 2 180
1 5 3 10
6 7 9 11
7 6 7 13
5 5 3 29
7 6 6 30
1 7 19 31
6 7 20 33
7 6 34 121
6 5 3 44
2 5 3 69
5 5 3 156
8 6 29 158
7 7 29 157
3 6 33 156
6 5 3 171
5 5 1 173
5 6 17 170
8 7 22 167
2 8 20 165
4 6 25 168
7 5 4 133
8 8 4 132
6 8 7 134
7 9 7 130
6 7 16 133
8 11 13 135
7 6 25 137
8 6 25 136
7 6 25 135
4 7 27 138
6 5 1 133
8 5 5 107
6 5 6 85
8 7 5 85
7 7 16 83
6 5 6 101
5 5 6 110
5 6 20 111
8 5 6 129
5 6 36 128
2 8 35 127
6 6 35 130
8 5 6 183
8 6 11 180
5 5 6 191
6 5 7 167
7 6 23 168
6 5 7 185
7 5 8 102
4 5 9 15
8 5 9 89
5 7 12 91
8 5 9 145
7 6 27 144
6 5 7 146
5 6 9 147
4 5 10 30
7 9 10 29
8 6 10 28
1 5 10 117
3 5 10 149
6 5 11 40
6 6 13 150
7 8 13 148
7 5 11 112
4 5 11 180
8 6 15 178
6 8 17 176
7 6 12 177
8 6 19 39
8 6 26 181
7 7 38 174
4 5 12 31
6 5 10 32
7 5 10 31
8 5 12 59
6 7 33 59
4 7 35 61
5 5 11 58
5 5 12 73
8 6 14 73
8 5 12 137
6 6 30 138
6 5 10 139
7 5 7 138
8 6 8 139
6 6 15 137
7 6 24 138
7 5 12 135
7 5 12 181
3 5 13 76
6 8 23 76
7 5 13 124
3 6 19 122
8 7 22 120
7 6 26 118
6 11 24 117
8 7 28 119
8 5 12 124
4 5 13 139
7 5 13 188
7 6 21 188
6 5 14 109
7 5 12 109
1 5 15 20
4 6 27 19
6 5 15 21
8 5 15 123
6 5 14 124
7 6 21 123
7 6 24 123
3 5 15 124
6 7 22 121
8 6 22 124
5 5 15 138
5 5 16 42
3 5 16 113
8 5 16 112
6 6 18 113
7 5 16 160
2 6 18 159
6 6 27 159
7 5 17 49
8 6 16 48
6 5 17 48
1 5 17 109
3 5 17 167
6 8 14 168
8 11 13 166
4 5 13 168
7 5 17 194
3 5 18 57
5 7 24 55
3 7 26 53
6 6 24 53
7 5 18 100
2 5 17 101
8 6 20 99
7 5 18 113
6 5 18 184
4 7 21 186
6 6 22 188
6 5 19 154
8 5 20 4
2 6 26 1
1 5 20 178
7 5 21 76
8 5 21 77
6 5 22 111
8 6 24 111
7 6 21 112
5 5 22 167
1 5 23 118
3 5 22 116
7 5 24 35
7 5 25 3
2 6 33 60
8 5 24 3
6 5 25 45
5 5 25 79
6 5 25 178
4 5 26 33
2 5 26 82
8 6 27 46
7 5 26 98
8 5 26 140
6 7 25 142
7 5 26 141
7 5 26 171
2 5 26 180
3 6 28 80
2 5 28 22
1 5 28 156
8 5 29 66
7 5 30 88
8 5 30 172
5 5 30 199
1 5 31 54
5 5 31 65
4 5 31 88
7 7 31 87
4 5 32 144
5 5 34 5
6 5 33 3
8 5 32 1
8 5 37 28
3 5 37 185
2 5 40 71
3 4 1 1
6 6 3 1
1 7 31 1
6 5 22 3
4 5 23 5
2 4 1 106
6 7 27 106
8 5 11 105
5 5 18 104
7 5 16 103
6 4 1 114
1 5 4 117
4 6 1 117
7 5 2 118
6 5 12 115
7 5 10 116
6 4 1 121
3 5 30 122
4 4 1 152
6 5 19 150
8 4 1 150
1 4 1 172
2 6 27 171
4 4 1 196
7 6 8 197
5 5 17 196
5 7 27 195
4 5 25 194
6 5 23 194
1 4 2 5
6 5 6 3
4 5 3 3
8 5 19 3
5 5 22 6
8 5 23 7
7 4 1 5
1 5 9 3
5 4 1 4
6 4 2 20
3 4 2 43
3 5 8 42
8 8 11 40
7 5 17 45
8 5 18 45
8 5 34 45
8 4 1 44
3 4 2 47
6 4 2 50
7 5 22 51
8 4 2 56
7 4 2 67
8 4 1 66
5 6 23 64
6 5 31 67
5 4 2 73
8 5 6 71
4 5 10 74
6 8 9 74
7 5 14 75
7 6 18 71
4 4 2 136
3 6 13 138
3 6 15 138
8 4 2 156
1 4 2 163
2 4 2 169
4 7 17 170
5 4 2 195
4 6 12 194
8 4 3 20
7 5 20 20
2 4 3 38
7 5 15 38
8 5 19 22
4 7 25 20
5 5 23 23
4 6 25 36
7 6 29 22
5 4 3 37
5 6 6 36
8 6 18 36
4 5 9 37
7 5 18 36
6 4 3 57
4 4 3 196
2 4 2 195
2 5 4 194
5 6 21 196
3 4 4 23
5 7 25 23
4 7 29 24
7 4 4 55
6 4 3 54
4 5 7 54
1 4 4 71
6 5 1 71
5 4 4 77
5 4 4 82
8 5 10 53
8 5 13 81
7 6 21 79
5 4 4 91
1 4 4 111
4 6 9 110
8 6 10 108
8 7 19 111
5 4 4 145
7 5 14 112
8 6 25 144
7 4 4 166
6 4 2 165
6 6 5 163
7 7 8 163
2 4 4 182
7 6 3 181
8 4 5 13
8 4 5 24
6 4 5 40
5 4 5 39
6 4 5 58
8 5 5 57
4 4 5 56
7 8 13 53
4 5 11 165
5 4 5 79
8 5 15 82
5 5 25 58
8 4 5 81
2 5 24 80
5 5 22 82
4 4 5 85
7 4 5 95
7 5 27 85
6 4 4 93
6 7 10 91
8 5 25 93
6 4 4 97
3 5 3 96
5 6 20 95
2 5 18 97
6 6 23 94
2 4 5 93
8 4 5 101
6 4 4 101
2 4 5 150
8 4 5 149
6 4 5 148
2 4 5 179
6 6 10 177
5 5 10 180
8 4 5 188
5 4 6 43
5 4 6 89
7 5 10 89
6 7 17 87
6 4 6 149
2 4 6 164
2 4 7 12
8 4 7 66
7 5 8 68
7 4 7 88
3 5 8 89
4 6 22 91
1 8 19 90
7 5 22 91
7 4 7 99
6 5 7 98
5 4 7 175
7 7 15 174
1 5 8 99
8 5 16 97
1 5 16 100
5 4 7 189
6 5 8 186
2 5 15 186
8 5 22 175
4 4 8 22
3 4 7 21
7 4 7 21
8 4 8 56
6 4 8 61
6 5 24 184
8 4 8 68
2 4 8 72
4 4 8 135
3 4 8 180
5 5 17 181
3 4 8 189
8 4 8 187
7 4 9 4
5 5 17 2
5 5 19 1
2 4 9 5
5 4 9 27
7 7 31 27
6 4 9 38
5 4 9 107
6 5 9 106
7 4 9 105
8 7 24 105
7 4 9 119
1 4 9 143
7 5 9 141
7 4 9 170
8 4 7 170
7 5 7 169
5 4 6 168
6 4 7 167
7 4 9 178
8 6 8 179
7 5 13 179
6 4 9 183
7 5 9 182
8 4 10 83
6 4 10 101
5 4 10 124
6 4 11 47
4 4 10 46
8 4 11 59
6 4 11 76
8 5 10 76
4 4 9 78
7 4 11 113
2 4 11 137
2 4 11 138
2 4 12 2
6 4 12 14
8 4 9 15
6 5 28 62
7 5 27 63
1 6 28 63
6 6 27 63
8 12 27 61
5 4 12 122
6 4 12 197
5 4 13 26
8 5 29 16
4 4 13 29
8 4 13 33
6 4 13 38
8 4 13 63
5 4 13 65
6 6 21 66
7 4 12 66
8 4 13 98
5 4 13 106
2 4 11 107
4 4 13 185
1 4 14 65
8 4 11 66
3 4 10 65
8 6 16 62
7 5 13 64
6 4 11 67
4 4 14 81
8 4 14 84
6 4 13 84
1 4 14 126
8 4 14 138
4 4 15 29
8 5 14 28
5 4 15 60
5 4 15 81
1 4 15 122
8 4 16 37
4 4 16 103
3 4 16 151
7 6 16 151
4 4 16 152
1 4 17 54
8 5 16 54
3 4 15 55
2 5 17 56
7 4 17 55
1 4 17 63
2 4 17 76
3 4 17 180
5 4 18 27
6 4 18 131
2 5 19 28
7 4 18 148
1 4 17 147
8 4 17 147
4 4 18 152
8 5 19 130
6 4 19 1
8 4 19 32
7 4 19 67
2 4 19 154
1 4 20 60
3 4 19 59
8 4 20 94
7 4 19 96
4 5 18 96
6 6 26 95
7 4 20 161
2 4 20 160
8 4 21 14
8 4 21 91
5 4 21 155
7 4 19 153
6 4 19 154
3 5 23 155
6 4 21 162
4 4 22 29
7 4 21 29
8 5 21 29
8 4 22 70
5 4 23 71
2 4 23 84
1 6 23 83
3 4 23 93
4 4 23 177
6 4 24 19
3 4 24 106
8 4 24 105
8 5 25 95
2 5 25 95
5 6 25 95
5 4 25 120
6 5 24 120
2 5 24 120
8 4 26 130
1 4 25 129
4 4 27 44
3 4 27 68
7 4 27 71
5 4 27 86
2 4 28 26
3 4 28 132
7 4 29 18
6 4 29 45
4 4 29 60
7 4 29 78
8 4 29 132
6 4 31 9
7 4 30 9
6 4 31 17
8 4 31 43
6 4 32 27
5 4 32 143
7 4 32 192
7 3 1 4
8 3 1 9
8 3 1 15
6 4 5 14
4 4 2 14
6 5 16 13
7 4 16 14
7 4 32 16
1 3 1 19
6 5 7 16
1 6 7 18
8 6 12 14
6 5 12 18
7 4 12 16
5 4 13 15
8 4 18 17
3 4 22 20
8 3 1 20
7 3 1 21
5 3 1 32
1 5 15 30
8 4 5 30
6 4 16 31
8 3 1 51
6 4 10 50
7 3 1 49
6 4 19 48
2 3 1 53
8 4 4 54
8 5 14 56
6 5 15 54
8 4 16 51
7 3 1 54
3 4 8 54
1 4 9 55
7 5 9 54
5 4 8 55
7 3 1 72
6 7 6 70
4 4 2 71
6 3 1 106
5 3 1 123
7 3 1 121
3 3 1 121
2 5 6 120
6 8 10 117
4 5 4 120
7 4 8 120
4 3 1 133
6 5 21 132
7 4 2 132
6 4 24 131
4 6 28 131
6 3 1 154
7 5 1 154
6 5 2 152
6 5 2 157
8 4 1 153
4 4 1 155
8 8 12 151
5 4 1 154
4 6 15 153
7 4 5 159
2 4 6 153
7 3 1 163
1 3 1 175
6 4 2 175
4 5 5 173
6 6 8 173
8 5 17 172
3 5 20 171
5 4 30 174
8 4 31 174
6 3 1 178
8 4 15 178
1 3 1 183
4 4 6 185
7 6 5 185
8 6 12 186
1 4 6 184
7 6 11 184
5 6 9 185
8 4 12 184
3 3 1 187
3 5 12 186
1 5 10 185
5 5 10 185
6 4 12 183
8 3 1 187
4 4 3 188
7 3 1 189
4 5 7 190
8 4 9 190
3 4 33 191
4 4 32 192
5 3 1 191
6 4 21 192
8 4 23 192
2 3 2 6
7 4 3 7
6 4 21 7
7 4 21 6
8 5 28 8
6 3 2 11
1 4 11 13
7 5 9 13
8 3 2 12
1 4 6 12
3 4 8 13
3 3 1 11
6 3 2 24
4 5 11 25
7 5 11 23
2 4 10 26
4 6 9 26
6 5 12 24
7 4 11 25
6 4 17 21
5 4 19 26
7 4 19 25
4 4 20 24
2 3 2 34
7 4 2 33
8 4 2 31
6 4 8 33
1 4 14 34
6 3 1 35
2 4 2 34
6 4 17 35
8 3 1 34
4 4 2 36
5 4 12 33
7 5 11 32
8 3 2 36
1 4 6 34
7 3 1 36
8 3 1 37
6 4 3 37
8 5 9 35
5 3 2 35
4 3 2 43
6 5 5 42
7 5 5 42
7 4 8 42
4 6 18 41
5 4 8 41
7 5 10 41
3 4 11 43
1 5 7 44
2 5 12 41
5 4 18 44
1 3 2 78
6 4 2 79
5 6 5 79
8 5 5 77
7 4 3 81
2 4 8 79
6 4 11 78
1 4 19 79
6 3 2 92
5 3 2 102
1 3 2 104
8 4 1 103
6 6 14 104
7 4 19 104
6 4 17 104
1 5 19 105
3 3 2 102
6 3 2 105
5 3 2 107
1 4 6 108
6 4 7 109
8 3 2 127
5 5 2 127
4 7 8 126
8 6 13 129
4 4 14 125
4 5 16 130
6 4 16 128
8 4 20 128
6 4 19 127
4 4 21 126
6 3 1 126
4 7 10 125
8 4 2 124
6 4 2 125
7 5 2 125
5 5 10 125
8 4 12 125
1 3 1 129
7 3 2 126
2 4 4 127
4 3 2 148
7 5 3 147
6 5 18 146
5 6 16 146
3 4 14 145
8 5 13 146
7 3 2 154
8 4 4 153
6 6 2 153
8 3 1 154
8 3 2 152
1 3 1 152
6 4 10 150
8 3 2 168
1 4 2 169
8 4 2 169
3 3 2 176
6 3 2 188
1 3 3 39
4 4 4 38
2 4 7 37
7 3 3 37
1 3 3 43
7 4 14 44
6 4 12 45
5 3 3 59
2 3 3 62
6 3 3 87
7 4 25 87
4 3 3 110
8 3 3 127
6 4 7 128
7 4 5 128
6 3 3 129
8 4 4 127
8 3 3 147
2 3 3 156
1 5 13 157
8 4 24 158
2 3 3 159
3 3 3 165
8 5 3 166
7 5 19 164
8 6 22 164
3 4 19 164
6 4 21 165
4 3 1 166
4 4 9 165
3 3 3 177
7 4 15 175
6 4 13 176
8 4 14 174
6 3 3 195
8 5 5 195
1 4 3 196
8 5 9 198
7 4 4 197
8 4 32 199
8 3 3 196
1 3 1 197
4 4 8 197
6 4 21 198
8 5 21 198
4 3 3 195
6 3 3 199
6 5 4 198
1 3 4 1
4 3 4 23
3 4 17 24
2 3 4 28
7 4 8 26
7 3 4 46
6 3 4 53
2 3 4 54
7 3 4 76
3 5 14 75
4 3 4 76
3 3 4 80
3 6 11 80
5 3 4 88
8 4 3 87
6 5 2 88
7 5 3 85
8 4 2 86
5 4 6 89
4 4 7 84
7 5 8 88
6 6 14 86
8 4 13 88
6 4 12 90
7 4 13 87
6 4 17 82
7 3 2 91
2 3 3 86
2 3 4 125
4 3 4 136
8 4 4 137
6 3 4 158
8 3 3 158
4 5 4 159
3 4 10 157
5 5 12 161
1 3 4 161
7 3 4 162
2 4 16 162
5 4 19 161
8 3 4 163
8 3 4 177
4 3 4 182
8 5 4 183
4 4 8 182
6 4 8 181
7 5 10 182
3 3 4 197
7 3 5 9
6 4 15 8
7 4 15 6
3 3 5 30
6 4 7 28
6 4 7 29
3 3 5 55
1 5 5 55
8 3 5 60
6 3 5 78
8 3 5 84
6 3 5 91
7 5 11 89
3 4 13 89
2 3 5 92
3 3 5 95
8 3 4 96
6 3 5 95
6 4 7 95
7 5 7 94
5 3 4 94
6 4 10 93
2 4 10 93
1 3 5 135
6 5 6 135
8 3 5 135
6 3 5 141
8 3 5 158
8 3 5 195
8 3 6 6
4 3 5 6
1 3 5 6
4 5 7 6
8 3 3 6
5 3 6 10
5 3 6 38
7 4 7 39
6 3 6 58
8 3 6 107
4 4 7 105
7 4 8 107
8 4 7 107
3 5 8 105
8 3 6 117
6 4 25 115
8 5 24 115
8 3 6 146
7 4 7 145
4 4 13 147
5 3 5 147
4 3 4 146
1 6 4 146
7 4 4 145
6 6 4 146
1 3 6 172
7 4 4 173
2 3 6 172
1 3 6 180
8 3 7 9
8 5 10 9
6 4 18 10
8 3 7 33
2 3 7 33
6 3 6 34
7 3 7 32
5 4 7 31
2 4 7 33
2 3 7 41
4 3 7 61
7 4 16 61
6 5 16 62
4 3 7 66
3 3 7 92
8 3 7 121
2 3 7 131
5 3 7 133
8 3 7 141
1 4 7 140
7 4 10 139
2 6 13 140
6 5 11 138
1 3 7 161
1 3 7 170
7 3 7 173
6 5 11 173
4 4 11 172
4 3 7 187
1 3 5 188
7 3 8 1
8 5 8 1
2 3 8 6
5 3 8 7
4 4 7 6
3 4 7 5
1 3 8 7
1 3 8 33
1 3 8 41
4 3 8 61
7 3 8 64
7 3 8 77
2 4 17 76
8 3 8 76
1 3 8 80
6 3 8 83
3 4 17 84
6 4 16 85
8 4 15 86
3 3 8 85
6 3 8 89
4 3 8 97
1 3 8 103
8 4 12 103
7 3 8 137
7 3 8 161
2 3 8 174
3 3 8 177
8 3 8 184
3 3 8 189
7 4 5 190
8 4 6 189
2 3 4 189
6 3 4 189
3 3 7 190
6 3 8 192
3 3 9 3
7 3 9 42
1 3 9 64
6 3 9 71
6 3 9 72
7 4 9 70
2 4 11 72
5 3 9 71
4 3 9 75
3 3 9 80
8 3 8 79
6 4 8 78
7 5 7 79
7 3 9 82
1 3 9 83
4 4 13 81
8 3 9 84
8 3 9 100
7 3 9 101
8 3 9 112
1 3 9 114
5 5 9 113
6 4 14 114
6 3 8 112
2 3 9 119
7 4 11 119
2 3 9 142
2 3 9 159
6 3 7 160
6 3 9 166
7 3 9 199
2 3 8 199
3 4 11 198
7 3 10 4
3 3 10 18
5 5 10 17
8 3 10 23
2 4 17 22
7 3 10 23
8 3 10 42
1 3 10 46
3 3 10 57
6 3 9 58
4 3 7 59
7 5 11 58
4 3 10 65
7 3 10 101
5 3 10 130
3 3 8 131
4 3 10 134
8 5 12 132
6 3 10 135
5 3 10 143
5 4 16 142
7 4 19 143
3 3 10 163
8 3 10 163
5 3 10 163
8 3 10 185
6 3 10 191
8 3 11 28
6 3 11 28
2 3 11 75
7 3 11 98
5 3 11 114
8 3 11 136
2 3 11 137
5 3 11 174
7 4 13 175
6 4 15 174
5 4 16 174
3 3 11 176
3 3 11 180
6 3 12 10
7 3 12 10
1 3 12 12
7 3 12 15
5 3 12 35
8 3 12 39
7 3 12 82
6 3 12 99
4 3 12 127
7 3 12 132
1 3 12 166
2 3 12 174
8 5 12 173
4 3 13 9
3 3 12 8
8 3 13 11
5 3 13 111
8 4 14 110
4 3 13 198
5 3 14 39
2 3 14 53
8 3 14 74
4 3 14 115
6 3 14 122
7 3 12 122
3 3 12 122
2 3 14 132
5 3 13 134
2 4 15 133
7 4 14 132
6 4 15 134
7 3 14 158
2 3 14 178
2 3 15 48
6 3 15 52
2 3 15 62
5 3 14 62
7 5 14 61
3 3 12 62
4 3 15 105
5 3 15 120
1 3 15 121
8 3 15 123
4 4 15 123
6 3 14 123
2 3 15 132
8 3 15 156
2 3 15 172
8 3 16 22
6 3 16 63
8 3 16 74
2 3 17 73
7 3 17 86
3 3 17 118
3 3 17 143
6 3 18 27
8 3 18 68
8 5 26 68
6 3 18 97
1 3 18 109
1 3 18 117
5 5 18 115
1 3 18 152
7 3 19 69
6 4 26 68
5 3 19 68
4 4 24 69
4 3 19 142
4 3 19 174
7 3 20 49
8 3 20 68
6 3 20 187
6 3 22 52
6 3 22 191
1 3 22 193
4 3 21 193
7 5 23 192
8 3 21 193
8 3 25 115
4 2 1 1
8 3 2 2
7 5 2 1
2 4 2 1
8 2 1 1
2 2 1 4
8 2 1 6
6 2 1 9
8 3 2 8
7 2 1 10
7 4 8 9
3 3 4 10
5 3 6 11
6 3 10 9
5 3 11 8
5 2 1 9
8 3 8 8
8 2 1 13
7 2 1 12
6 3 4 12
1 2 1 15
7 2 1 18
2 3 1 19
6 4 3 18
8 4 5 20
4 3 3 20
2 3 5 22
8 3 9 19
3 3 9 18
4 3 7 20
1 3 7 19
7 3 7 17
8 3 6 17
5 2 1 20
7 3 1 19
6 2 1 20
3 2 1 24
7 3 1 24
6 3 6 26
8 3 5 25
4 3 9 25
8 2 1 26
5 3 10 27
7 2 1 27
2 3 11 26
8 2 1 29
7 2 1 29
3 2 1 36
5 3 1 37
3 3 2 37
7 2 1 43
3 5 6 42
6 3 6 41
5 2 1 45
8 3 3 46
1 2 1 44
4 3 2 44
5 3 2 43
7 3 6 46
8 4 14 47
8 3 5 47
4 4 13 47
1 3 4 48
2 3 2 48
5 6 6 47
7 4 9 46
3 3 10 49
4 2 1 43
7 3 3 42
8 3 3 42
6 4 3 41
8 3 2 41
5 2 1 43
1 3 2 43
6 3 2 44
6 4 4 43
5 3 2 45
7 4 1 45
1 5 3 45
4 2 1 45
3 2 1 44
2 2 1 45
3 3 5 46
7 3 8 48
7 2 1 45
8 2 1 44
5 2 1 48
4 3 2 46
8 3 7 48
8 2 1 47
1 2 1 49
3 3 4 49
6 2 1 49
3 2 1 53
6 3 1 53
6 2 1 57
7 4 2 57
6 4 10 58
7 3 4 58
3 4 3 59
1 3 3 58
7 3 2 59
7 4 4 60
8 5 6 61
6 3 1 59
6 4 5 59
4 2 1 62
8 3 7 62
5 2 1 63
6 2 1 65
8 2 1 65
5 2 1 65
3 2 1 65
1 2 1 65
6 2 1 66
4 2 1 67
8 4 13 67
3 3 14 67
5 2 1 67
4 3 9 67
2 3 9 67
7 3 8 67
1 3 8 66
3 3 8 67
3 2 1 67
6 3 1 67
7 3 1 67
7 4 2 66
7 3 8 68
8 2 1 66
6 2 1 75
4 3 1 76
4 4 3 78
8 4 1 79
7 4 4 75
7 3 9 74
6 3 9 74
5 3 8 75
6 3 13 73
7 3 13 72
7 2 1 74
2 3 6 73
5 3 10 72
8 2 1 73
8 4 7 71
4 3 10 70
8 3 10 71
2 3 10 69
3 2 1 77
6 2 1 85
1 3 6 84
7 3 6 83
3 3 10 86
8 2 1 89
1 3 4 88
5 2 1 90
3 2 1 89
8 3 5 90
4 3 5 90
4 2 1 94
7 3 3 95
5 3 14 96
8 3 14 96
7 3 12 96
5 2 1 103
3 3 10 102
8 2 1 103
6 3 8 101
8 4 8 100
7 3 7 103
5 3 14 104
1 2 1 104
3 3 1 104
5 3 3 104
6 4 10 104
8 3 2 103
5 3 4 102
6 2 1 103
7 3 7 103
4 2 1 108
2 3 1 108
7 3 2 107
2 5 2 105
6 4 1 107
2 4 8 105
3 3 1 106
2 3 6 103
3 3 13 109
4 2 1 108
8 2 1 109
2 2 1 112
5 4 2 111
8 4 2 112
7 3 4 111
3 3 17 114
8 4 15 114
6 4 15 114
7 3 15 116
1 6 14 115
6 3 14 117
8 2 1 117
3 3 5 118
3 5 8 116
2 2 1 119
5 2 1 120
7 2 1 119
6 4 6 119
7 5 4 120
6 3 2 117
7 3 2 120
2 3 3 122
8 3 2 122
8 3 3 123
7 4 10 121
7 3 3 123
3 3 2 123
8 3 6 121
6 3 4 122
6 2 1 122
4 2 1 122
2 2 1 123
6 2 1 125
7 3 10 125
6 3 10 125
8 3 9 127
8 2 1 128
7 4 8 128
2 3 10 129
3 4 8 130
6 3 8 130
1 3 7 129
8 4 7 130
3 3 7 132
4 3 9 130
2 3 9 133
5 2 1 129
5 3 8 128
3 3 12 127
7 2 1 128
8 2 1 131
6 2 1 130
8 2 1 129
6 3 2 130
7 3 1 130
8 3 2 130
3 2 1 129
2 2 1 129
4 2 1 131
8 2 1 134
1 4 6 133
7 3 5 133
5 3 6 134
1 3 9 135
5 2 1 139
3 3 3 138
1 4 4 137
7 4 2 137
4 3 4 139
8 2 1 137
6 2 1 140
2 3 20 141
2 2 1 146
5 3 5 145
7 3 5 145
6 2 1 148
7 4 8 147
5 3 5 148
4 3 3 149
1 6 3 148
2 2 1 148
7 2 1 147
8 3 2 148
6 4 1 148
3 3 15 150
7 2 1 148
5 3 4 149
4 2 1 150
8 2 1 156
7 3 1 157
7 4 9 155
6 3 3 156
3 3 3 155
7 3 3 155
1 3 3 155
6 3 2 154
4 4 2 153
6 2 1 156
6 3 5 156
8 2 1 158
6 2 1 159
8 2 1 161
7 3 9 162
6 3 8 161
7 3 10 163
1 2 1 163
6 3 3 161
4 3 2 162
7 3 1 162
8 3 1 163
3 4 1 163
5 2 1 162
3 3 5 161
1 3 11 160
4 2 1 162
6 2 1 165
3 2 1 168
6 4 4 168
8 5 3 169
7 4 9 170
6 5 7 171
7 3 1 169
2 2 1 168
4 2 1 171
7 3 5 170
8 4 4 170
8 2 1 173
8 3 8 174
1 3 9 175
7 2 1 175
6 3 7 175
5 3 6 174
8 2 1 176
4 3 7 176
5 4 11 177
4 2 1 175
7 3 4 176
3 5 4 175
2 3 6 177
6 2 1 176
7 2 1 176
3 2 1 177
4 2 1 176
1 2 1 186
8 2 1 187
7 3 2 187
6 3 3 188
5 4 9 188
8 4 18 188
2 2 1 189
5 3 3 188
4 3 3 188
7 3 3 187
7 3 11 189
3 3 15 190
6 2 1 191
7 2 1 190
8 3 12 190
8 2 1 189
4 3 1 189
1 3 4 188
5 3 7 188
7 2 1 191
8 2 1 192
8 3 4 190
6 3 6 189
7 2 1 193
6 2 1 192
5 2 1 194
7 3 1 193
3 2 1 196
8 2 1 196
7 2 1 197
6 2 2 1
4 2 1 2
4 2 2 2
1 3 4 2
7 2 1 2
3 2 2 6
6 3 2 5
1 2 1 5
6 2 2 12
8 3 2 11
3 2 2 14
5 2 2 22
8 3 7 22
7 3 6 22
2 3 5 22
6 4 11 23
7 3 11 23
8 2 2 23
7 2 2 24
6 2 1 24
3 2 2 24
2 3 4 24
4 2 2 29
1 3 4 29
2 3 8 28
8 3 10 27
4 2 2 31
2 3 2 31
5 3 10 32
1 2 2 33
3 3 3 33
3 2 2 43
6 2 2 47
3 2 2 52
1 4 12 51
2 3 10 51
1 2 2 52
5 3 4 53
7 2 1 53
7 2 2 55
5 2 2 57
6 2 2 58
4 3 4 58
8 3 3 58
1 2 2 57
6 4 4 56
4 2 2 63
5 2 2 63
4 2 2 72
6 2 2 73
8 3 2 73
4 3 7 73
6 2 1 75
4 2 2 73
5 2 2 74
1 2 2 74
7 3 1 74
6 3 2 73
8 3 1 74
3 2 2 73
2 2 2 76
4 2 2 77
3 2 2 77
6 4 2 76
7 3 3 76
2 2 1 77
1 2 2 76
8 2 1 76
5 2 2 77
6 2 2 80
6 3 5 81
2 3 4 82
8 3 8 83
7 3 8 82
4 2 2 99
8 4 5 97
2 6 5 98
6 3 5 99
3 3 5 97
2 4 12 96
7 2 2 99
3 3 5 100
1 2 2 99
2 2 2 100
7 2 2 99
8 2 2 100
6 2 1 100
5 2 2 100
8 3 6 101
3 2 2 100
6 2 2 102
3 2 2 107
5 2 2 108
7 3 8 108
3 2 2 110
8 2 2 110
6 3 1 110
5 2 1 109
6 3 2 108
7 2 1 108
4 2 1 109
3 2 1 109
1 2 2 108
7 2 2 114
2 3 6 114
6 2 2 137
2 2 1 137
5 2 1 136
7 2 1 135
3 4 1 134
5 2 1 134
4 3 7 132
1 2 1 136
7 2 2 141
2 3 4 140
6 3 6 141
3 3 5 140
1 4 10 139
6 3 10 141
2 3 12 139
1 2 2 140
8 2 2 141
8 3 7 140
3 2 2 145
8 2 2 147
2 2 2 146
1 2 2 151
3 2 2 153
5 2 2 154
8 2 1 154
6 2 2 160
7 3 3 161
7 2 1 160
3 2 2 164
7 2 2 165
6 2 2 178
7 3 1 178
8 2 1 179
5 2 2 180
7 3 7 180
6 2 2 179
1 2 2 178
6 2 1 178
2 3 3 178
5 2 2 177
6 2 2 177
2 2 2 178
7 3 3 178
6 2 2 178
6 2 2 188
1 2 2 189
4 2 2 194
7 2 3 10
6 2 3 9
7 2 3 17
8 2 3 16
4 2 3 18
5 2 3 19
3 2 3 37
8 2 3 40
8 2 3 51
7 3 2 51
2 2 3 57
7 2 2 57
3 2 3 57
8 3 8 56
7 2 3 57
7 2 3 59
1 2 3 61
5 2 3 71
7 2 2 72
3 3 8 71
1 2 2 72
8 2 3 70
6 3 9 69
7 2 3 77
8 2 2 77
6 3 2 76
3 2 2 78
8 2 3 81
7 2 2 82
6 2 3 85
3 2 3 84
7 2 3 84
3 2 3 87
8 2 3 89
7 4 4 87
8 2 3 87
5 2 3 88
2 2 3 87
7 2 3 92
4 3 5 90
6 3 5 89
6 2 3 97
5 2 3 101
2 2 3 106
6 2 3 107
5 3 3 106
1 2 2 106
8 2 2 106
7 2 2 107
3 2 3 113
4 2 3 119
8 2 2 119
4 2 3 142
5 2 3 152
1 2 3 159
2 2 3 161
6 2 3 162
2 2 3 163
8 3 4 163
2 2 3 166
7 2 3 171
6 2 3 175
7 4 4 174
8 2 3 177
1 2 3 180
5 2 3 188
3 2 3 190
1 2 3 191
3 2 4 1
4 2 4 9
7 2 4 10
4 2 4 10
6 3 5 8
6 2 4 11
4 2 4 15
4 2 4 23
6 2 4 26
6 3 6 25
8 3 6 26
1 3 5 27
1 2 4 31
5 2 4 51
6 4 7 51
2 2 4 56
8 3 3 56
6 2 3 56
3 2 2 56
4 2 4 57
5 2 4 59
4 2 4 74
6 2 4 85
2 2 4 88
8 2 3 89
8 2 4 93
1 2 4 95
7 2 4 94
4 3 6 95
7 2 4 103
6 2 4 104
6 2 4 116
8 2 4 115
7 2 4 114
8 3 7 115
5 2 4 116
8 2 4 119
6 2 4 123
7 3 9 124
6 2 4 134
4 2 4 139
8 3 4 139
6 3 12 138
2 2 4 153
1 2 4 156
4 3 3 157
7 4 4 155
3 2 4 161
5 2 4 166
3 2 3 166
8 2 2 166
5 2 4 180
7 2 4 186
4 2 4 186
2 2 4 192
7 2 5 12
5 2 5 12
6 2 5 19
8 3 7 17
1 3 7 18
3 3 8 18
3 2 5 18
6 2 5 39
5 2 5 59
3 3 5 59
5 2 5 59
5 2 5 66
6 2 5 71
4 2 5 84
5 2 5 91
3 2 4 91
2 2 5 94
2 2 5 114
6 4 5 113
7 3 6 114
2 2 5 126
5 2 5 126
6 3 8 126
6 2 5 134
5 2 5 134
3 3 5 134
8 3 3 135
1 2 3 134
7 3 3 133
2 2 3 134
7 2 5 140
6 3 7 138
3 2 5 141
8 2 5 140
6 2 4 141
3 2 5 141
1 2 5 148
7 2 5 151
8 2 4 151
3 2 5 169
8 2 5 181
4 2 4 181
6 2 5 185
4 2 6 4
3 2 6 35
4 2 6 50
3 2 6 53
2 2 6 70
8 3 6 69
4 2 5 70
3 2 6 69
5 2 6 70
8 2 6 80
4 2 6 162
6 2 6 166
2 2 6 185
3 2 6 185
5 2 7 1
4 3 6 1
6 2 7 1
7 2 6 1
2 2 6 1
6 2 7 16
6 2 7 23
5 2 7 46
2 2 7 48
6 2 6 48
7 2 5 48
5 2 7 48
4 2 7 53
6 2 7 80
1 2 6 81
8 2 7 92
8 2 7 95
3 2 7 101
1 2 7 113
3 2 7 126
4 2 7 139
8 3 10 138
2 2 7 142
2 2 7 148
8 2 6 148
7 3 6 147
6 2 6 149
2 2 5 149
3 2 5 149
4 2 5 149
3 2 7 155
7 2 7 180
8 2 7 192
6 2 8 25
8 2 8 35
1 2 8 36
4 2 8 39
1 2 8 51
2 2 8 50
3 3 7 51
7 2 8 63
1 2 8 96
7 2 7 96
6 2 7 95
3 2 8 97
2 2 8 142
7 2 7 142
6 2 8 159
2 2 8 162
6 2 7 162
1 2 8 192
6 3 7 193
3 2 7 193
7 2 9 15
8 2 9 15
1 2 9 36
5 2 9 40
1 2 9 56
6 2 9 63
6 2 9 85
4 3 11 85
2 2 9 98
8 2 9 101
6 2 9 104
4 2 9 176
2 2 9 187
1 2 8 187
4 2 8 188
6 2 7 188
2 2 8 188
8 3 7 188
4 2 10 25
8 2 10 27
1 2 10 93
4 2 10 93
3 2 10 138
7 2 9 138
3 2 10 158
5 3 9 158
4 3 9 158
7 2 8 158
5 2 8 158
2 2 10 194
6 2 11 1
8 2 10 1
4 2 11 4
6 3 10 4
3 2 11 8
1 2 11 44
2 2 11 50
4 2 11 152
7 2 11 192
5 2 12 93
3 2 13 16
5 2 13 16
7 2 12 17
6 2 13 16
1 2 13 44
6 2 13 194
6 2 16 194
8 2 15 194
7 2 14 194
7 2 18 16
