15845
2471
2 10 39 81
6 9 14 86
6 10 58 36
4 8 3 93
6 8 32 41
8 7 3 65
1 8 76 64
5 7 12 47
3 7 19 39
4 7 23 61
5 7 25 1
1 7 34 71
1 7 53 13
6 7 60 62
7 7 75 32
3 9 97 25
7 6 4 20
1 6 4 55
4 6 7 72
1 8 9 69
4 6 13 63
4 6 14 13
3 6 16 80
6 6 37 37
6 6 41 43
6 6 70 3
3 6 79 4
4 6 79 91
6 6 81 59
6 7 91 79
3 6 83 40
1 6 83 83
7 6 88 52
4 7 92 58
6 5 5 75
6 6 54 76
2 5 6 10
8 6 38 6
4 5 9 36
5 5 10 61
2 5 11 32
2 5 12 92
7 5 14 69
5 5 15 9
7 6 28 7
2 6 34 8
8 5 15 8
8 5 15 39
4 5 18 89
3 6 80 94
3 5 20 56
1 8 67 53
4 5 26 22
8 6 80 91
4 6 89 94
4 5 30 1
2 5 30 8
5 5 32 73
3 5 38 38
7 5 40 19
5 5 41 98
1 5 47 78
4 5 48 59
5 7 76 56
6 6 76 56
3 5 49 3
1 7 49 4
3 5 49 91
2 6 52 92
6 5 51 91
3 5 52 1
7 5 53 44
3 5 61 91
7 5 59 90
4 5 62 62
7 5 62 61
6 5 63 18
8 5 73 96
5 5 74 14
5 7 84 15
4 5 75 19
4 5 81 46
4 5 86 31
5 6 90 22
7 5 90 68
4 5 91 33
8 4 1 83
6 4 2 78
3 5 54 77
7 4 3 21
1 5 60 19
6 4 3 83
2 4 4 1
3 4 1 1
3 5 63 2
5 4 4 30
4 5 74 30
2 5 74 29
1 4 4 68
2 5 10 67
3 5 34 66
7 5 69 64
5 5 77 64
1 4 5 74
5 5 6 73
8 4 5 80
1 4 6 20
4 5 68 19
4 4 6 51
3 7 26 50
2 6 86 54
4 4 7 33
3 5 10 34
6 5 36 37
1 5 52 37
6 5 79 38
7 4 9 15
1 5 86 17
3 4 10 68
6 5 29 66
3 5 32 70
4 4 10 69
8 5 84 67
3 4 11 25
3 7 39 25
7 4 12 29
8 5 49 29
2 4 13 20
5 5 54 18
4 7 53 19
4 4 13 22
5 4 13 96
5 5 55 96
3 5 71 97
4 5 81 97
2 4 14 35
4 6 57 34
3 4 14 41
6 4 14 57
3 4 15 5
8 5 22 3
7 4 16 55
3 4 17 28
6 4 17 53
6 4 18 93
6 4 19 71
1 5 39 71
6 4 19 90
2 7 45 88
8 6 50 86
7 4 20 21
2 4 20 39
6 4 21 87
4 5 33 40
6 5 38 87
6 4 21 93
4 5 54 40
8 4 21 98
6 5 19 97
4 4 19 98
3 4 22 29
2 5 46 97
7 4 23 80
6 5 22 80
3 5 23 81
6 5 22 84
1 5 30 78
7 4 24 55
3 5 49 31
2 5 49 54
3 5 63 56
3 4 24 58
6 5 80 59
2 4 25 22
3 6 38 20
5 4 25 41
5 7 40 42
6 5 47 43
8 4 25 40
2 4 25 41
4 4 25 67
7 5 34 67
8 4 25 76
2 4 26 64
1 6 56 63
8 4 25 65
2 6 73 66
4 4 23 66
5 4 27 9
7 5 41 10
2 5 49 8
4 5 61 8
7 5 69 7
5 5 72 4
1 5 80 11
5 4 27 51
8 5 36 49
3 4 29 31
7 4 30 79
5 5 45 81
4 5 76 81
3 4 31 43
1 4 31 97
7 4 32 53
4 4 33 79
4 4 33 83
7 4 35 13
8 5 42 12
4 4 37 70
8 4 37 69
3 4 37 84
7 4 37 97
3 5 37 96
7 4 39 2
2 5 43 4
5 7 86 3
2 4 39 36
7 4 41 6
5 4 41 5
3 4 41 11
7 4 41 49
4 6 57 50
7 4 45 25
3 4 45 65
7 4 45 98
7 5 53 97
7 4 47 1
3 4 48 2
1 5 60 4
4 4 48 38
5 5 60 36
2 5 76 48
3 4 46 38
5 5 65 36
8 4 47 37
2 4 49 66
4 4 51 30
1 4 51 52
2 4 50 50
6 4 51 53
2 4 52 3
1 4 52 17
7 4 53 42
8 4 53 66
6 4 54 25
7 5 72 23
8 4 53 26
6 4 56 30
7 4 58 1
4 4 58 16
5 5 60 15
5 4 58 79
6 4 59 35
2 4 63 88
1 4 64 2
5 4 64 54
6 4 63 54
3 4 65 46
5 4 65 84
5 4 68 40
8 4 68 56
7 4 69 64
6 4 69 94
4 4 70 92
7 6 69 91
3 4 71 89
1 4 73 15
5 4 73 49
6 4 73 72
5 4 74 71
1 4 75 47
3 4 75 82
7 4 76 26
7 4 80 7
7 4 80 89
1 4 80 92
6 4 84 47
2 4 84 49
7 4 85 32
4 4 85 34
5 4 86 45
5 3 1 11
4 4 10 10
5 5 12 11
3 4 8 10
8 4 11 11
4 5 30 11
1 5 30 11
6 4 11 9
3 4 46 9
2 4 50 10
8 3 1 21
6 4 22 19
3 4 24 19
7 4 25 21
1 4 40 23
8 4 82 22
8 3 1 78
2 5 19 77
2 4 22 78
4 7 22 76
6 4 21 75
1 4 21 77
2 4 50 77
2 4 62 77
3 3 1 78
3 4 25 77
2 5 41 78
1 5 46 77
7 4 64 80
5 3 1 96
7 5 8 96
1 4 38 98
1 4 51 96
2 5 64 95
2 4 78 95
5 4 81 95
1 3 1 99
6 4 32 97
6 3 2 55
4 6 70 55
4 4 15 53
5 4 15 56
6 4 21 57
1 4 26 58
4 5 34 57
3 4 49 57
4 5 54 55
5 5 59 57
1 3 2 71
8 4 1 70
3 4 21 71
2 4 21 72
4 4 46 68
3 4 55 71
5 5 57 71
8 4 57 66
6 4 61 72
8 4 71 73
6 3 3 13
1 4 17 15
4 4 61 14
3 3 2 15
8 5 1 14
2 4 2 15
7 5 48 15
7 4 38 16
1 3 3 48
1 4 16 49
8 5 37 47
7 6 72 49
2 6 80 49
3 4 29 50
7 4 35 47
2 4 35 48
5 4 34 51
1 4 38 51
2 4 38 51
5 4 70 44
4 4 72 47
8 4 78 53
8 3 3 76
1 6 21 74
2 5 31 74
7 4 52 72
3 4 64 73
3 4 68 75
4 5 69 73
1 6 68 74
3 3 3 77
7 4 5 75
6 3 4 21
8 4 42 18
3 4 51 17
6 4 54 17
7 4 64 16
2 3 3 20
3 4 19 20
7 3 4 37
6 4 61 38
4 4 62 35
5 3 4 42
2 4 9 42
1 4 74 42
2 3 4 66
6 4 50 66
7 4 59 65
7 3 5 4
4 4 7 5
4 4 19 5
6 6 27 6
7 4 19 5
6 5 57 6
5 4 33 2
4 4 66 1
1 3 5 63
8 4 46 61
5 4 45 61
6 3 5 65
6 4 20 67
3 3 5 82
1 4 19 83
5 5 78 81
5 3 4 82
7 3 3 82
5 4 15 83
6 4 38 83
4 4 45 82
7 4 49 80
3 4 50 82
3 4 77 85
6 4 80 85
8 3 6 8
6 4 43 5
5 3 6 21
8 3 6 23
8 4 12 25
2 4 12 27
5 5 39 25
1 4 52 27
6 4 68 27
5 6 75 26
8 6 75 27
2 4 74 28
3 3 6 32
3 4 68 29
7 4 73 27
8 3 6 57
7 4 7 57
3 4 6 56
1 4 12 54
2 4 23 59
6 5 25 59
8 6 24 60
2 4 31 52
2 5 34 56
2 4 35 62
5 4 39 50
2 4 55 52
1 4 55 52
8 4 55 62
1 4 55 61
1 4 57 59
6 4 60 50
4 5 67 63
7 3 6 63
7 4 33 62
3 4 36 64
3 4 51 64
8 4 56 60
3 4 56 59
7 4 56 60
3 3 7 22
5 4 10 23
1 4 68 25
1 3 6 21
1 5 66 22
5 3 7 70
2 4 13 71
6 3 6 71
4 4 14 69
1 4 51 69
8 3 8 5
7 5 39 3
7 3 8 91
4 4 35 88
7 4 36 89
4 4 42 91
7 5 67 90
2 3 8 93
4 5 67 93
2 4 73 92
3 3 9 63
6 3 9 63
4 4 16 63
4 4 24 61
5 4 45 62
6 5 58 60
6 3 9 98
6 4 13 97
1 3 7 98
1 3 10 42
7 3 8 42
1 4 36 41
5 4 41 39
5 4 73 40
6 3 10 70
5 4 70 68
5 3 10 78
3 4 13 78
6 4 16 79
1 4 27 80
7 4 39 80
1 4 41 82
5 5 54 80
5 3 10 89
8 5 15 89
2 5 58 86
2 4 65 90
2 3 11 5
3 5 64 6
7 3 12 47
6 3 12 48
7 4 13 49
2 6 25 49
2 5 19 47
5 4 20 46
7 5 49 49
1 4 51 49
8 4 55 47
4 4 58 51
3 4 57 51
7 3 12 53
8 4 44 52
2 3 11 53
1 4 44 53
6 4 47 55
2 3 12 77
3 3 13 1
3 3 13 46
3 3 13 92
7 4 31 92
4 3 14 30
8 7 67 30
8 4 13 29
6 4 36 30
6 4 41 32
5 4 68 32
3 4 70 29
6 4 69 27
2 4 69 26
8 3 14 74
1 4 46 73
6 3 15 5
4 4 58 5
8 4 64 3
6 3 15 9
1 3 15 22
6 5 75 23
3 3 15 24
7 4 21 23
4 4 70 22
7 3 15 34
3 3 14 34
5 3 15 33
6 3 14 32
8 3 14 31
8 4 35 30
8 4 57 32
1 3 14 33
1 4 56 34
4 3 12 33
1 4 26 31
5 4 38 30
5 3 12 33
2 4 13 33
6 5 21 34
3 4 34 31
7 4 32 31
3 3 14 35
7 4 65 34
1 3 14 36
4 5 25 36
8 3 16 12
4 4 34 11
7 3 16 40
3 4 57 38
6 3 16 84
5 3 17 48
5 4 25 48
5 5 53 50
8 3 17 62
8 4 43 61
1 4 64 59
3 3 17 72
3 4 36 74
8 4 51 73
4 4 54 73
7 3 17 71
1 4 17 71
7 4 30 71
8 3 16 71
3 3 16 71
2 4 40 70
8 3 17 83
4 4 68 83
2 4 68 83
7 3 15 83
5 4 28 83
8 4 45 82
7 5 43 83
3 3 14 83
1 4 21 83
2 4 59 81
1 3 17 87
3 4 19 87
4 4 27 86
3 4 26 84
6 4 27 86
8 5 65 88
1 3 18 39
4 5 52 40
6 3 18 48
2 4 55 50
3 6 58 48
5 4 67 46
8 3 18 66
6 4 58 66
7 3 18 88
1 4 35 86
2 3 19 45
7 3 19 51
2 3 19 94
6 4 26 92
1 4 42 94
2 3 20 12
1 4 18 14
3 4 27 14
3 4 35 12
8 5 61 15
6 3 18 12
6 4 24 11
5 3 20 30
8 3 20 29
4 4 49 28
8 4 59 26
8 5 62 27
5 3 20 54
6 4 21 53
3 3 20 59
5 4 23 60
3 4 25 58
4 3 20 58
3 3 21 17
7 4 41 19
6 5 41 18
4 4 43 18
8 4 55 22
7 5 59 15
7 3 21 31
4 4 51 29
2 5 51 27
4 4 60 25
3 3 21 36
2 4 57 35
7 3 21 56
7 3 21 61
7 4 44 62
5 3 21 74
6 3 22 2
7 4 29 2
1 4 38 3
8 5 38 5
3 6 46 3
1 3 22 55
2 3 22 85
8 4 69 86
3 3 23 10
8 4 46 9
1 3 22 10
2 3 23 75
6 3 22 74
4 4 22 75
7 3 21 74
8 3 24 7
4 4 22 7
4 4 37 6
8 4 46 6
4 4 56 5
8 3 24 54
8 4 47 53
6 3 24 63
3 5 57 62
5 3 24 75
8 4 23 75
7 4 38 73
3 3 25 7
3 4 49 7
3 4 52 8
8 3 25 14
6 3 25 18
5 4 29 16
3 4 62 18
3 5 64 15
4 3 25 33
3 4 57 30
1 4 56 30
4 3 25 91
3 4 58 91
6 4 58 92
5 4 57 93
8 6 55 92
7 4 57 95
6 4 70 95
4 3 26 44
7 3 26 61
3 5 28 60
8 4 27 59
2 4 27 61
3 3 26 77
7 3 26 76
7 3 26 85
3 3 26 95
5 3 25 94
3 3 26 99
6 3 27 34
5 3 27 35
4 4 60 34
3 3 27 56
8 3 27 63
5 5 57 64
4 3 26 62
8 4 53 61
6 3 27 68
1 3 26 67
4 3 25 67
5 3 27 75
1 5 58 77
6 3 27 84
8 4 52 82
5 3 28 39
8 4 39 38
1 5 39 37
7 5 37 38
8 3 28 86
8 3 29 74
5 3 28 75
6 3 30 20
7 4 45 20
2 3 30 26
7 3 30 25
4 3 30 38
4 3 30 82
6 3 30 84
3 4 45 83
1 4 51 83
8 4 51 80
5 3 30 96
6 3 31 22
6 3 31 91
3 3 32 4
2 4 37 4
7 4 53 4
2 3 31 3
1 3 32 23
4 3 32 61
3 4 40 62
6 4 40 61
4 3 32 62
1 3 32 68
1 4 40 68
3 3 32 68
2 4 61 67
8 3 32 75
2 3 33 5
8 3 33 24
3 3 33 39
7 3 33 40
2 4 57 40
1 3 33 43
4 4 42 44
3 3 33 42
8 3 33 75
7 3 34 43
6 3 35 1
1 3 35 1
8 3 35 81
7 3 35 95
5 4 40 94
4 3 36 53
5 6 43 51
3 4 44 52
1 4 44 53
4 4 47 50
6 4 52 53
8 3 36 58
5 3 36 63
2 3 36 73
3 3 36 81
5 3 36 80
2 3 35 80
7 4 51 77
8 4 49 79
5 4 56 77
1 3 34 79
8 3 32 79
5 3 37 7
1 4 38 8
1 3 37 20
5 4 36 19
6 4 47 21
4 4 51 21
5 5 52 21
2 3 35 20
1 3 37 29
2 4 56 30
8 5 55 31
7 4 59 28
1 5 61 27
3 3 37 44
2 3 36 44
4 4 68 42
6 3 37 59
4 3 38 36
3 3 38 78
8 3 38 88
8 3 39 78
5 3 39 85
3 4 49 87
1 5 57 88
4 3 40 63
8 3 40 63
2 3 40 80
3 3 40 93
8 4 47 90
4 3 41 7
8 3 41 96
2 3 42 14
5 5 68 14
2 3 42 57
5 3 42 58
2 5 47 58
5 3 43 20
1 3 43 37
1 3 43 49
8 3 43 59
3 3 44 5
5 3 44 9
2 5 57 9
3 4 68 12
5 3 44 25
8 4 62 27
1 3 45 15
4 3 47 10
5 3 47 29
2 4 59 29
6 3 45 29
5 3 47 36
8 3 47 44
8 3 48 10
8 3 48 21
1 3 48 68
6 3 49 14
3 3 49 59
2 3 49 87
5 3 50 44
1 3 51 1
6 3 51 6
2 4 51 7
1 3 51 17
3 3 51 93
6 4 52 92
1 4 53 94
5 4 53 96
4 4 52 96
7 3 52 17
5 3 52 19
7 3 52 93
4 3 51 93
3 3 53 80
4 3 54 32
4 3 54 46
2 3 54 72
4 3 55 29
8 3 55 36
5 4 55 36
1 3 55 38
8 3 55 99
2 3 56 32
3 3 57 46
8 3 57 57
3 3 58 30
7 3 58 96
6 3 59 2
6 3 59 10
8 3 59 18
4 3 59 25
7 3 59 26
7 3 59 67
2 3 60 39
5 3 60 89
1 4 65 87
1 3 60 88
4 3 59 88
2 3 61 42
2 3 63 26
2 3 65 42
8 3 64 44
7 3 68 42
3 3 71 99
1 2 1 3
3 3 3 3
5 3 3 3
1 4 15 4
2 3 5 2
3 3 30 6
1 3 36 2
2 3 38 4
1 3 48 8
8 3 54 9
4 3 54 9
1 3 55 8
4 3 57 2
7 4 60 1
8 2 1 2
6 3 7 1
7 4 35 1
6 3 12 2
4 3 19 3
6 3 25 4
1 4 24 4
5 3 30 5
3 3 43 1
7 2 1 19
1 4 48 20
6 3 13 18
3 4 37 19
2 4 50 18
8 3 13 18
5 3 20 19
1 3 19 20
7 3 25 21
2 3 26 17
1 3 25 17
8 3 27 21
5 3 41 17
4 3 41 23
4 3 49 16
7 3 49 15
4 3 52 14
7 3 53 24
2 3 62 16
5 3 67 25
4 3 66 24
4 2 1 23
5 3 23 23
8 3 23 24
6 3 35 22
2 4 44 23
3 3 41 23
6 4 61 24
3 4 58 25
3 3 42 24
3 3 43 23
2 3 51 22
3 2 1 27
4 4 23 27
2 4 22 26
6 3 1 26
4 4 41 24
6 4 46 24
7 3 5 25
1 4 11 27
6 3 7 27
2 5 8 26
1 4 8 26
4 3 5 28
7 4 6 25
4 4 9 28
7 4 15 27
1 4 37 26
4 3 13 24
6 4 15 23
5 6 13 23
5 4 47 24
3 4 50 22
1 3 14 28
5 4 14 28
4 3 19 31
6 3 20 25
4 3 20 25
5 3 31 23
2 3 31 25
1 3 30 24
7 4 32 25
7 3 28 24
7 3 39 27
4 2 1 26
2 3 2 27
7 3 20 29
7 3 29 29
6 5 35 28
3 2 1 25
5 2 1 24
3 3 27 23
7 3 30 21
2 3 30 25
7 3 31 20
8 3 31 19
1 3 35 25
6 2 1 25
4 3 14 23
1 3 13 24
6 3 12 23
8 3 11 22
1 2 1 30
3 3 9 30
3 5 12 29
6 4 43 30
7 3 12 32
6 4 21 33
4 3 16 28
8 3 21 32
1 3 23 36
8 3 25 33
7 3 32 34
8 3 33 29
8 3 35 33
8 3 42 35
7 3 43 36
4 3 53 33
7 3 52 34
1 3 56 36
8 2 1 29
8 4 41 28
2 3 7 28
1 4 34 28
5 4 32 27
7 3 8 26
7 3 21 27
8 3 22 24
8 3 25 23
6 3 33 28
5 2 1 41
8 3 6 41
1 4 20 42
7 3 19 43
8 4 30 44
1 3 20 40
1 3 28 44
2 4 47 44
2 3 36 43
5 3 36 42
7 3 44 43
3 3 46 46
3 3 47 46
2 4 54 47
4 3 48 44
2 3 49 47
5 3 46 48
4 3 46 47
6 3 47 46
7 3 47 45
8 3 46 47
1 3 45 46
8 3 52 42
7 3 51 43
1 3 52 41
3 3 53 39
5 3 57 42
4 2 1 46
4 3 2 45
4 3 26 47
8 3 25 48
3 3 28 47
7 3 44 45
3 3 57 45
5 2 1 45
4 3 4 45
3 3 3 45
2 3 6 47
8 3 11 49
6 4 14 48
6 3 20 51
6 3 23 47
6 3 23 51
6 3 35 47
5 4 35 48
2 4 53 45
8 3 42 49
8 4 47 51
3 2 1 44
2 3 22 43
6 3 22 43
3 4 22 41
3 4 42 42
6 3 23 39
6 4 33 41
8 3 22 38
3 3 24 37
7 5 23 36
3 3 24 40
2 3 25 38
6 3 25 37
1 3 33 44
4 3 45 35
8 2 1 43
7 4 21 41
3 4 29 43
2 3 2 44
8 4 20 42
4 3 19 41
6 3 32 42
8 3 37 45
6 2 1 44
2 3 10 43
4 3 13 43
3 3 14 42
6 3 14 43
1 3 19 41
6 3 45 41
3 2 1 44
1 3 2 42
3 3 4 40
4 4 29 42
7 4 33 38
7 3 6 44
2 4 15 43
5 3 9 44
1 3 8 44
6 3 23 39
2 3 35 37
7 3 50 39
6 3 49 39
4 3 50 39
6 2 1 44
8 2 1 45
7 3 1 45
7 3 9 46
1 3 8 45
3 3 42 46
4 2 1 49
8 3 2 48
5 3 2 48
3 3 23 50
6 3 26 51
6 3 29 47
1 3 39 48
2 3 38 47
7 3 40 52
5 2 1 54
8 4 9 53
5 3 4 54
1 4 7 53
3 4 6 55
8 4 9 54
1 3 5 54
2 4 27 56
4 3 6 56
4 3 14 54
8 4 42 54
3 3 16 53
3 4 28 55
1 3 16 52
3 4 25 51
5 3 22 50
7 3 22 49
6 3 25 53
7 3 32 57
7 3 37 49
5 3 48 57
2 3 53 56
2 2 1 53
3 3 1 54
1 6 23 52
4 4 25 54
4 3 16 54
8 3 16 54
8 3 21 54
8 3 24 56
2 3 23 56
1 4 35 57
3 3 26 50
6 3 25 51
1 3 33 57
6 2 1 58
4 4 49 58
7 3 51 60
6 2 1 74
8 3 19 73
4 4 25 73
2 3 21 72
2 3 30 76
6 4 29 75
8 3 32 73
7 3 36 76
7 3 45 72
3 3 52 70
7 2 1 75
1 3 9 75
7 4 18 74
3 4 17 74
2 4 33 73
6 3 13 75
5 4 28 73
4 3 21 75
6 3 23 76
6 4 42 77
8 3 23 78
4 3 22 77
1 3 22 78
5 4 36 78
1 3 29 72
7 3 43 73
1 2 1 76
3 3 8 74
5 4 16 73
5 3 9 76
6 3 22 76
5 3 29 72
4 3 30 72
3 3 32 73
6 3 35 71
4 4 37 70
4 3 53 70
4 2 1 76
5 3 4 77
5 4 22 77
3 4 22 76
5 3 39 75
5 2 1 77
6 3 2 76
1 3 2 76
8 3 3 76
4 4 3 76
4 4 37 75
5 3 12 76
4 3 28 75
1 3 31 74
4 3 30 75
8 2 1 77
2 4 5 75
3 3 12 76
7 3 11 77
1 3 16 74
8 3 15 75
2 3 25 77
2 2 1 78
7 3 1 79
1 3 1 78
8 3 16 79
1 3 17 80
5 3 15 81
6 4 38 82
6 3 16 82
6 3 21 81
3 3 22 81
4 3 31 79
1 4 43 80
3 3 30 79
6 3 39 79
6 3 42 81
2 3 43 84
6 2 1 77
2 3 11 78
8 3 11 78
7 2 1 87
5 4 3 88
3 5 26 86
5 4 26 86
2 3 5 87
4 5 6 87
2 3 10 87
4 4 11 86
8 4 45 85
2 3 15 88
6 4 34 87
3 4 46 86
6 3 26 87
8 3 29 89
4 4 33 87
5 4 36 85
3 3 31 89
5 5 31 88
1 4 40 88
8 3 31 86
5 4 30 86
2 4 31 86
3 3 31 88
7 4 38 86
1 3 40 85
2 3 40 86
6 3 42 89
2 3 45 86
4 3 44 85
1 2 1 89
6 3 2 89
5 4 14 90
2 4 27 91
3 3 6 87
5 3 10 86
4 3 22 86
2 3 21 87
8 3 23 85
5 3 23 91
1 3 26 93
7 3 30 91
5 4 39 90
2 3 37 92
5 3 43 92
2 2 2 5
2 3 18 3
2 3 22 2
3 3 36 5
3 2 2 5
4 3 19 4
6 3 20 4
7 3 29 4
5 3 31 6
5 3 52 8
5 2 2 6
4 3 8 4
5 3 11 2
4 3 19 1
5 3 20 3
8 4 30 1
4 2 2 7
8 3 15 8
2 3 14 7
1 3 13 9
1 2 1 8
7 3 1 7
4 4 24 6
7 3 2 6
6 4 16 5
8 5 19 7
7 3 18 6
5 3 21 10
1 3 27 4
4 3 36 6
3 2 2 7
8 4 33 7
7 3 20 5
2 3 21 6
2 3 32 8
6 3 33 9
6 3 47 10
4 2 2 13
5 3 2 14
8 4 10 13
8 3 16 15
8 3 20 17
4 3 21 12
2 3 27 12
4 3 29 17
6 3 28 17
8 3 27 16
5 4 28 17
7 4 39 15
5 3 36 13
6 3 34 14
2 3 39 14
4 3 56 15
6 3 63 12
7 3 62 12
5 2 2 20
2 3 22 20
1 4 34 19
5 3 34 19
2 3 37 20
5 2 2 26
3 3 19 27
4 3 21 25
1 2 1 27
1 3 4 26
8 4 4 25
4 4 22 25
3 3 3 27
5 3 11 28
7 3 13 25
5 3 13 26
2 3 17 27
2 3 19 30
3 3 33 31
6 2 2 28
2 2 2 34
7 4 38 34
8 4 44 33
5 3 3 33
5 3 37 34
2 4 41 34
4 3 38 35
4 3 49 35
3 3 47 35
7 2 2 33
8 3 6 32
2 4 9 31
8 3 23 30
7 2 2 37
5 3 26 38
5 2 2 45
6 3 16 44
8 3 15 45
6 2 2 47
3 3 1 47
3 3 29 48
4 4 28 49
8 3 27 49
6 3 37 50
3 2 2 58
1 3 7 58
4 4 8 57
1 3 18 59
6 3 34 59
5 4 44 57
5 3 35 58
3 4 36 59
6 3 42 56
1 3 42 58
3 3 44 59
1 2 2 67
2 4 21 65
6 3 8 68
3 3 12 69
1 3 11 69
2 4 15 71
8 3 16 67
1 3 20 67
7 4 41 65
6 3 27 66
8 3 41 64
6 3 45 62
1 3 45 64
1 2 2 85
7 4 21 84
5 3 20 86
5 3 41 85
3 3 43 83
7 2 1 85
8 3 20 83
3 3 22 84
2 4 21 84
4 3 21 83
7 3 21 85
4 3 20 85
4 3 30 86
5 3 30 86
1 3 31 82
7 5 30 82
4 3 29 82
8 3 33 87
4 3 34 89
6 4 32 89
1 3 47 90
3 2 2 84
4 3 10 83
7 3 20 85
5 2 1 84
1 3 6 83
8 3 10 82
4 3 9 83
1 3 30 81
6 3 30 80
2 2 1 83
6 3 2 82
2 3 5 81
6 3 11 79
2 3 10 81
1 4 17 82
8 4 16 84
7 3 19 80
6 3 19 84
7 3 23 78
7 3 25 80
7 2 1 84
1 3 14 82
2 3 30 80
2 2 2 86
1 3 26 86
6 2 2 87
8 2 2 89
7 3 29 87
4 3 31 85
7 2 2 93
6 3 5 91
7 4 10 93
4 4 14 93
4 3 11 91
7 4 13 93
1 3 10 91
5 3 13 95
4 3 14 95
4 4 26 93
7 3 20 90
1 3 24 90
5 3 33 97
1 3 32 97
8 4 31 96
4 4 37 97
4 3 31 95
6 3 34 97
6 3 41 96
8 3 44 98
7 3 51 98
3 3 56 96
5 3 62 99
1 3 64 99
4 2 2 98
6 3 30 96
2 4 30 97
5 4 37 98
8 3 34 99
6 3 36 99
4 3 39 99
6 2 3 1
6 4 4 1
3 3 13 2
1 3 13 3
7 3 37 1
4 2 3 4
5 3 13 3
4 3 25 2
5 3 25 2
2 3 32 1
8 2 3 12
3 3 10 11
1 5 34 11
8 3 12 10
3 3 12 11
1 3 43 13
4 3 47 12
7 2 3 11
2 3 8 10
7 3 9 10
7 5 32 9
3 4 30 9
1 3 11 12
7 3 13 12
6 4 30 10
4 3 23 13
3 3 33 12
5 2 2 12
3 4 1 12
7 4 14 12
6 4 23 13
7 3 10 10
4 5 13 10
5 3 9 9
6 3 13 10
2 4 12 9
2 4 34 12
5 3 15 9
2 3 18 12
4 4 20 10
5 3 19 11
7 3 25 8
2 3 25 11
5 3 41 15
1 2 1 11
4 2 1 10
4 2 2 11
6 3 7 11
8 3 10 11
7 3 23 12
7 2 2 11
7 3 20 9
1 2 1 11
1 3 8 9
2 3 16 10
8 3 19 8
3 3 20 8
5 3 22 9
3 3 22 10
3 2 2 11
6 3 4 10
1 3 3 10
8 3 17 9
8 2 3 22
8 3 13 21
4 3 12 23
4 3 31 21
8 3 31 20
2 3 31 19
1 3 35 18
2 2 2 22
3 3 9 22
6 4 24 22
1 5 23 23
5 3 11 23
4 3 18 21
5 2 3 26
2 2 3 26
2 3 13 24
3 3 15 24
8 3 30 23
5 2 3 29
8 2 2 29
1 3 18 29
6 2 3 28
1 3 10 29
5 3 22 30
3 3 35 32
1 2 2 29
2 3 3 29
5 4 4 30
8 3 5 27
4 3 16 28
1 3 14 28
4 2 3 35
8 3 2 36
2 4 47 35
7 3 8 35
6 3 14 36
8 4 24 34
3 3 37 34
4 2 3 41
4 3 38 40
7 3 37 40
5 3 37 41
2 2 3 41
8 3 31 40
6 3 34 40
1 3 41 39
1 2 3 42
7 3 6 40
2 3 15 43
1 3 28 41
3 3 34 41
7 2 3 42
2 2 3 42
7 3 24 40
3 4 31 38
1 3 28 39
1 3 30 40
6 3 38 37
8 2 3 43
8 2 3 48
3 5 14 46
3 4 28 49
7 3 25 47
1 3 25 48
1 2 3 52
5 4 23 50
7 3 14 51
2 2 3 52
7 4 23 50
4 3 14 53
4 3 18 53
2 3 29 51
4 2 3 59
2 2 3 58
5 2 2 59
7 5 18 58
5 3 16 58
1 3 20 57
2 3 21 59
2 4 35 59
1 4 44 60
6 3 20 60
4 3 21 59
8 4 28 57
7 3 24 57
3 3 23 58
2 2 3 63
2 4 13 62
8 3 8 62
8 4 18 61
7 4 36 63
6 3 8 63
3 3 16 61
3 3 25 61
7 3 26 60
1 3 27 58
4 3 29 61
6 2 3 62
4 5 3 62
8 4 10 61
5 6 22 62
4 3 9 62
7 4 7 62
6 3 13 64
2 3 16 62
5 2 2 62
5 4 8 62
2 3 7 63
1 3 7 63
1 3 28 64
6 2 2 62
4 3 1 62
3 3 4 61
6 3 8 62
1 3 14 60
4 3 22 60
4 2 2 62
8 3 5 61
3 3 10 61
2 2 2 63
5 2 2 63
7 3 7 63
3 2 3 72
6 2 3 74
7 3 4 73
4 4 7 72
2 3 6 74
1 3 20 70
3 3 20 73
6 3 21 73
3 2 3 78
1 2 3 89
7 3 25 88
5 3 25 87
8 3 26 89
4 2 4 22
7 3 16 20
7 2 4 25
5 2 3 26
6 2 4 46
7 2 4 67
1 3 6 66
4 3 6 65
7 3 11 66
2 3 10 66
4 3 12 67
4 3 20 69
3 2 3 67
8 4 26 65
4 4 28 67
5 3 15 65
5 3 38 66
5 3 40 67
4 2 4 67
3 2 4 69
4 3 31 67
8 3 42 69
2 2 3 69
4 3 13 67
3 3 16 66
2 4 41 68
3 3 23 66
1 2 4 69
3 3 6 68
8 3 25 69
8 2 4 71
4 4 4 70
8 3 28 69
2 3 27 69
3 3 42 68
3 2 4 72
2 3 17 71
1 3 19 72
8 4 19 72
6 2 4 77
7 2 4 76
5 2 4 80
6 3 7 78
6 3 10 78
4 3 20 79
2 2 4 86
4 3 10 87
1 2 4 89
7 4 9 90
8 4 14 89
4 3 8 91
3 3 9 89
8 3 9 91
3 5 30 90
5 3 21 88
2 3 24 88
8 3 29 93
4 4 29 92
3 3 42 94
2 2 3 90
3 2 4 89
8 3 5 88
1 3 13 89
7 2 3 89
4 3 12 89
2 3 29 91
6 2 4 88
6 4 6 87
6 3 26 89
3 2 4 91
8 3 23 89
8 2 4 91
1 4 4 90
3 4 28 90
3 3 9 92
1 3 10 93
8 3 13 93
8 4 17 90
7 3 21 93
5 3 29 95
4 3 34 94
2 3 36 94
8 3 44 95
2 2 5 23
8 2 4 23
5 4 11 22
5 3 18 23
7 3 29 21
7 2 5 28
5 3 12 28
6 2 5 50
8 3 12 49
1 3 18 50
1 2 5 49
8 3 18 47
2 3 18 48
4 3 19 50
5 3 25 48
4 2 4 49
1 3 6 49
5 3 8 48
3 3 12 50
4 2 5 49
3 2 5 48
7 2 5 57
2 2 4 58
8 3 9 57
5 3 20 59
7 3 20 58
8 2 3 58
4 4 17 57
8 3 20 59
1 3 25 56
2 2 3 58
3 2 5 61
1 2 5 61
5 3 8 60
8 2 5 65
2 3 5 65
6 5 11 64
5 3 6 64
8 3 11 67
5 2 5 67
7 3 19 65
4 3 40 68
1 2 5 76
4 2 5 77
2 3 7 76
3 2 5 80
7 2 5 80
1 4 4 80
7 2 3 80
8 4 21 78
8 3 16 80
8 2 3 80
7 3 5 81
3 3 19 81
8 2 4 82
3 4 14 81
2 2 5 79
5 3 5 79
3 2 5 78
3 2 6 6
8 3 14 4
3 3 17 2
6 3 16 3
4 4 18 2
5 3 17 1
8 3 26 2
4 3 24 3
6 2 6 7
7 3 7 7
4 2 6 17
5 3 9 16
5 3 44 17
2 2 6 21
7 4 9 22
2 3 8 24
1 3 11 20
7 2 6 31
3 3 11 31
5 2 6 31
6 3 7 30
1 3 26 30
5 3 36 32
5 2 6 34
5 4 16 33
8 3 9 34
1 3 11 36
7 3 11 36
2 3 11 35
8 4 12 35
6 3 28 32
3 3 27 34
2 3 30 35
4 3 33 32
8 2 6 34
5 3 7 35
3 4 6 35
1 3 7 36
3 3 11 36
4 3 13 36
1 3 22 35
8 3 32 37
2 2 6 48
6 3 15 47
5 2 6 49
2 2 6 49
4 2 6 50
1 2 6 55
7 3 12 55
5 5 13 53
3 3 18 56
3 2 6 57
3 4 12 56
7 2 6 56
2 3 23 54
6 2 5 56
6 4 20 56
4 3 12 54
7 4 17 55
3 2 5 55
2 2 6 63
7 2 6 69
6 3 39 69
2 2 5 70
3 4 23 69
8 3 30 68
7 3 33 68
8 2 6 70
5 3 5 71
3 3 6 71
1 3 6 72
5 3 21 69
5 3 27 68
4 3 31 67
7 2 5 70
7 2 6 75
2 3 21 75
7 3 19 76
4 2 6 86
1 4 6 85
6 3 20 85
6 2 6 93
3 3 14 94
2 4 13 94
3 3 27 96
3 2 7 14
6 3 12 14
1 3 42 16
1 2 7 18
3 3 11 18
8 3 40 16
3 3 41 14
1 2 7 26
6 2 7 25
6 3 8 24
3 2 7 24
8 3 8 22
3 3 8 22
8 3 13 20
2 3 12 22
1 2 7 34
3 3 14 33
7 4 25 33
7 3 15 34
8 2 7 43
6 2 7 44
5 2 7 44
3 3 11 42
7 2 7 46
3 3 14 46
5 2 7 56
6 3 12 57
2 3 11 58
7 2 7 55
7 3 24 54
8 2 7 58
5 2 6 58
2 3 8 57
3 3 16 55
6 2 7 62
4 2 7 62
3 2 7 65
7 2 7 71
6 3 19 72
6 2 6 71
6 3 25 70
8 2 7 70
5 4 8 70
4 2 6 70
5 2 7 76
2 2 7 79
2 3 8 80
8 3 7 82
3 2 6 83
5 2 7 80
1 3 9 78
2 3 9 79
4 3 9 77
7 4 8 76
5 2 7 83
6 3 7 83
5 2 7 90
7 3 20 89
8 2 7 94
3 3 13 94
8 3 13 93
6 3 14 95
1 4 23 94
7 3 22 95
2 3 21 95
6 3 21 96
2 3 25 96
6 2 7 97
2 2 8 7
5 3 17 6
3 2 7 7
5 2 6 7
8 3 13 7
2 2 8 9
1 3 13 9
5 3 12 10
4 3 12 9
5 3 14 11
5 2 8 9
3 2 7 9
4 2 6 9
8 3 16 7
2 2 6 8
8 3 8 9
6 4 7 9
1 3 5 9
6 3 17 6
6 2 8 19
3 4 26 19
8 3 7 19
1 4 22 18
5 2 8 20
4 2 8 21
8 3 23 20
2 2 7 22
4 2 8 30
5 3 25 30
8 2 8 35
6 3 21 34
6 2 8 34
8 2 8 45
6 2 7 45
1 3 13 43
3 2 7 46
6 2 7 46
1 2 6 47
4 2 8 53
7 2 7 53
6 3 19 53
7 2 8 56
5 2 7 56
3 3 7 55
2 3 13 55
8 2 6 56
5 2 5 56
4 2 6 56
1 3 5 57
4 2 5 58
1 2 8 75
3 2 8 81
7 3 7 82
1 3 6 82
8 2 6 82
7 2 8 99
4 3 26 98
8 3 35 99
6 3 34 99
8 2 8 100
1 2 9 18
3 3 25 17
3 4 38 16
6 3 37 17
1 4 38 15
6 3 41 14
5 3 39 15
1 3 41 16
4 2 9 18
4 3 33 16
4 2 9 27
3 3 9 26
8 2 8 26
1 2 7 26
2 3 6 26
8 4 6 25
2 2 8 24
6 3 8 23
5 3 7 25
1 2 7 24
5 2 9 37
4 2 9 38
8 3 10 38
7 2 8 38
7 3 30 37
3 2 7 38
2 5 10 37
8 3 19 38
1 3 23 37
8 3 23 38
5 3 27 39
1 2 7 38
4 3 21 39
6 3 22 38
6 2 9 37
5 3 10 37
2 2 9 36
8 2 9 36
1 2 9 37
4 3 8 37
3 3 10 38
3 3 23 40
1 2 9 45
5 3 12 43
2 2 8 46
8 2 9 47
4 2 9 47
3 2 9 51
1 3 16 49
2 3 18 51
7 3 17 52
5 3 18 53
6 2 9 81
4 3 16 81
1 3 16 81
2 2 9 84
4 3 11 84
8 2 9 83
2 2 9 83
8 2 9 83
4 2 9 84
7 3 10 84
6 2 9 84
8 2 9 91
6 2 8 91
8 2 7 91
2 3 9 90
4 3 13 88
6 3 14 88
7 3 13 88
5 2 7 91
7 3 11 92
8 2 8 91
4 3 20 90
4 2 10 1
7 3 12 1
8 4 15 1
7 3 14 1
6 3 23 1
7 3 25 2
5 3 25 1
6 4 24 1
8 3 26 1
4 3 24 1
2 4 24 1
5 2 10 4
2 3 11 4
2 2 10 16
1 3 31 17
8 4 37 15
6 4 36 14
3 3 32 17
5 2 10 18
3 3 14 18
4 3 31 17
4 2 10 19
7 3 10 20
2 3 28 18
2 2 9 19
6 3 23 18
7 3 31 17
3 2 9 22
4 2 10 34
6 2 10 40
4 3 11 38
8 2 10 38
2 3 9 38
7 3 10 37
3 3 11 36
2 3 16 35
8 3 18 34
1 3 17 34
2 3 19 39
5 3 19 39
4 4 18 39
6 4 22 41
2 4 22 41
1 3 19 42
6 2 9 37
2 2 8 37
7 3 8 36
5 3 9 35
5 2 7 38
2 2 7 38
1 2 8 39
7 2 9 35
3 3 13 34
7 3 13 35
3 2 8 36
5 2 10 42
1 2 10 56
4 2 10 56
6 2 9 57
2 2 10 71
3 2 10 70
7 4 24 69
7 2 9 70
6 3 9 69
6 3 29 67
2 2 9 68
8 2 8 69
8 2 10 68
6 3 15 68
7 3 14 69
4 3 14 68
3 4 18 67
5 3 13 68
8 2 10 71
2 3 9 71
7 5 10 70
2 2 10 74
1 2 10 93
5 2 10 94
2 2 10 93
4 3 9 93
6 2 10 92
3 2 9 92
5 3 10 92
1 2 9 92
6 2 10 95
1 2 10 96
1 4 24 95
4 3 18 96
7 3 18 95
2 3 18 97
6 3 18 95
5 2 10 96
8 4 14 95
7 2 10 97
1 3 15 97
3 3 16 98
3 4 26 96
4 3 20 97
4 3 44 99
7 2 11 8
3 2 10 8
2 2 10 7
4 3 11 8
4 2 11 16
7 3 10 16
6 3 11 16
8 3 16 15
6 4 34 14
3 3 23 17
1 3 30 13
4 2 10 16
5 4 25 14
5 3 14 17
7 3 21 15
2 3 27 15
8 2 10 15
6 3 9 16
8 4 24 16
4 3 13 16
6 3 20 14
2 3 21 15
3 3 22 17
3 2 9 17
2 2 8 17
8 3 16 16
2 2 10 15
3 2 9 15
5 3 15 14
7 3 16 14
1 3 16 15
8 3 29 13
1 2 10 16
4 3 13 15
1 2 11 18
7 3 10 18
8 3 12 18
4 2 11 19
6 2 10 19
5 2 11 20
4 2 11 22
1 2 11 39
6 2 11 39
7 3 18 40
7 2 11 43
4 2 10 43
8 2 11 43
5 2 10 43
2 2 11 42
2 2 11 45
4 2 11 45
1 2 11 45
8 2 11 64
2 3 28 64
4 2 10 64
2 3 15 64
7 2 11 75
5 3 18 73
5 2 11 78
3 2 11 89
1 3 11 89
3 3 9 90
6 2 9 90
2 2 10 89
5 2 10 88
5 2 11 89
3 2 10 89
4 2 11 100
6 2 11 100
2 3 12 99
3 3 26 98
4 2 12 5
2 2 12 14
3 2 12 16
6 2 12 15
3 3 16 13
6 3 16 12
8 3 16 13
8 2 12 29
4 2 11 29
3 2 12 30
2 2 11 30
3 3 15 28
7 4 16 29
8 3 14 28
7 2 12 31
5 2 11 32
7 2 11 32
8 3 12 31
1 3 20 32
6 2 11 31
2 4 18 32
7 4 19 31
5 3 18 31
1 2 11 33
4 2 12 47
3 3 15 48
2 2 11 47
7 2 11 48
8 3 13 46
7 3 12 48
5 2 11 48
8 2 11 48
6 3 11 48
3 2 11 47
7 2 12 55
1 2 12 70
2 2 11 71
4 2 10 71
7 2 10 71
3 3 12 70
5 2 11 70
4 2 12 71
1 2 12 95
5 3 14 96
3 3 14 95
7 3 12 96
3 3 16 96
2 3 17 95
6 2 13 1
1 3 22 1
5 2 13 33
8 2 13 54
8 4 16 52
4 2 13 66
8 2 12 66
7 2 12 66
3 3 20 65
8 3 23 65
1 2 12 66
2 3 18 65
6 2 11 66
5 3 14 65
5 3 16 64
3 2 12 67
2 3 11 67
2 3 17 68
1 2 12 67
6 3 11 68
5 3 11 67
7 3 11 66
1 2 11 68
6 2 11 67
1 2 13 78
2 2 12 79
3 2 13 86
1 2 13 87
5 2 13 96
7 2 13 99
7 2 14 4
5 2 14 13
5 2 14 18
1 2 14 33
7 2 14 42
8 2 14 72
8 3 18 72
1 3 17 74
1 2 14 95
4 2 14 94
5 2 14 95
8 2 14 94
8 2 15 5
1 2 15 5
2 3 17 4
5 2 15 24
2 2 15 30
5 2 15 85
8 2 14 86
5 2 13 86
2 2 15 86
7 3 15 85
1 2 14 85
4 3 15 85
3 3 14 87
3 2 14 85
6 2 14 86
5 2 14 85
2 2 15 92
6 2 15 97
4 2 16 1
1 2 16 4
6 2 16 4
4 2 16 50
4 2 16 75
2 2 17 4
1 2 17 4
3 2 17 14
2 3 21 13
6 2 17 33
8 2 17 40
5 2 17 39
3 2 17 45
5 3 16 46
4 2 16 47
1 2 16 47
6 2 15 48
5 2 17 51
6 2 17 55
1 2 17 66
2 2 16 67
2 2 17 72
5 2 17 72
7 2 17 99
5 2 18 13
6 2 18 50
4 2 18 66
8 2 18 85
8 2 18 91
7 2 18 98
5 2 19 1
8 2 19 1
7 2 19 6
6 2 18 6
6 2 19 85
3 2 20 73
8 2 19 73
5 2 20 97
2 2 19 98
6 2 19 97
3 2 21 51
6 2 20 52
7 2 20 51
5 2 21 53
6 2 21 64
2 2 20 64
6 2 19 64
8 2 21 81
1 2 22 46
4 2 23 100
5 2 25 46
1 2 25 52
2 2 26 99
6 2 27 60
4 2 27 98
1 2 27 100
7 2 28 65
7 2 28 98
1 2 31 65
2 2 31 65
4 2 30 65
4 2 32 13
7 2 32 60
8 2 32 100
3 2 33 99
5 2 34 1
8 2 37 1
6 2 39 100
2 2 39 100
8 2 38 100
4 2 43 100
