68598
1533
2 8 7 9
2 8 7 77
2 8 24 26
2 8 24 94
4 7 20 8
4 8 51 7
2 11 68 6
3 8 51 6
3 9 62 5
1 10 63 4
4 10 63 3
3 11 63 2
2 15 63 1
1 11 63 2
4 18 62 2
3 12 62 1
2 11 62 2
1 18 61 2
4 12 61 1
3 11 61 2
2 19 60 2
1 12 60 1
4 14 60 2
3 16 59 2
2 8 51 5
1 10 51 4
4 10 51 3
3 11 51 2
2 13 51 2
1 14 51 2
4 13 50 2
4 7 20 76
4 8 51 75
3 8 51 74
2 12 63 73
3 9 62 73
4 7 37 25
2 8 58 60
4 8 68 24
2 11 85 23
4 7 37 93
3 8 68 23
3 9 79 22
1 10 80 21
4 8 68 92
2 11 85 91
3 8 68 91
2 8 68 90
1 9 68 90
4 8 68 90
3 8 67 90
2 10 67 89
1 10 67 90
4 9 66 90
3 10 66 89
2 8 66 90
1 8 65 90
4 10 65 89
3 10 65 90
2 9 64 90
1 12 64 89
4 10 64 90
3 9 63 90
2 7 41 43
2 7 51 73
1 11 51 72
4 8 51 71
3 9 51 70
2 13 51 69
1 12 51 68
4 13 51 67
3 17 51 66
2 16 51 65
1 12 50 68
4 16 50 68
1 7 46 75
3 7 49 68
4 7 54 42
4 7 70 22
3 8 70 21
2 9 70 20
1 17 70 19
4 7 74 75
4 6 5 61
4 7 67 59
1 7 71 61
4 10 71 61
3 15 71 58
3 21 74 57
2 22 74 56
1 27 74 55
4 41 74 54
4 18 76 57
2 19 77 57
2 16 71 57
3 8 73 68
1 8 74 67
3 12 74 63
1 18 75 61
4 8 77 53
3 9 77 52
2 11 77 51
1 20 77 50
2 7 71 68
1 10 70 68
2 7 73 57
3 15 74 53
4 6 6 26
3 6 6 25
3 7 17 24
2 6 6 24
2 7 46 26
1 6 6 24
4 8 6 24
3 7 5 24
2 7 5 23
1 8 5 24
4 7 4 24
3 7 4 23
2 10 4 24
1 7 3 24
4 7 3 23
4 6 6 94
3 6 6 93
3 7 17 92
2 6 6 92
1 7 6 91
4 10 6 90
3 9 6 90
2 9 6 90
1 11 5 90
4 9 5 90
3 9 5 90
2 13 4 90
1 10 4 89
4 9 4 90
2 6 32 94
4 6 37 61
2 6 49 5
2 6 49 68
1 9 49 68
4 7 48 68
2 11 66 63
3 7 48 67
2 8 48 68
1 7 47 68
4 7 47 67
3 8 47 68
4 6 45 73
2 7 46 68
1 7 46 67
4 7 46 68
3 7 45 68
2 7 45 67
1 8 45 68
4 7 44 68
3 7 44 67
2 8 44 68
1 7 43 68
4 6 43 68
3 10 43 68
1 5 3 26
1 5 3 94
1 5 19 8
4 5 23 43
3 5 37 60
3 7 48 59
1 6 49 58
4 6 49 57
3 7 49 56
2 13 49 57
1 7 48 57
4 13 48 56
3 7 48 57
1 7 48 61
2 5 37 59
2 5 51 2
4 6 70 18
3 7 70 17
2 9 70 16
1 10 70 15
4 11 70 14
3 11 70 13
2 13 70 13
1 12 70 12
4 13 70 12
3 13 69 13
2 12 69 13
1 12 68 13
4 16 68 13
3 12 68 13
2 12 67 13
1 13 67 13
4 13 67 12
3 12 66 13
2 13 66 13
1 13 66 12
4 12 65 13
3 14 65 13
2 13 65 12
1 12 64 13
4 13 64 13
3 13 64 12
2 12 63 13
1 13 63 13
4 12 63 12
3 10 62 13
2 8 62 13
1 7 62 13
4 6 61 13
2 5 74 52
2 4 2 26
1 7 12 24
4 5 12 23
2 8 13 23
3 5 12 23
1 6 12 23
2 4 2 94
1 7 12 92
1 4 4 24
3 5 5 23
2 5 5 23
1 7 5 22
4 12 5 21
3 5 4 24
2 9 2 24
1 6 47 20
4 8 47 19
3 11 47 18
2 13 47 17
1 8 47 16
4 9 47 15
3 13 47 14
2 12 47 13
1 12 47 13
4 16 47 12
3 13 46 13
2 13 46 13
1 16 46 12
4 10 45 13
3 8 45 13
2 8 45 12
1 6 44 13
3 4 4 27
1 4 4 92
2 7 13 92
4 4 4 92
4 6 10 91
3 5 4 92
2 10 4 91
3 4 5 20
4 7 39 19
3 8 39 18
2 12 39 17
1 15 39 16
2 5 5 19
1 6 5 18
4 7 5 17
3 9 5 16
2 10 5 15
1 11 5 14
4 13 5 13
3 16 4 11
2 13 5 13
1 15 4 13
4 14 4 12
3 13 4 13
2 14 3 13
1 13 3 12
4 12 3 13
3 12 2 13
2 12 2 12
1 11 2 13
4 11 1 13
3 11 1 12
2 10 1 13
2 13 4 10
1 15 4 9
4 16 4 8
3 28 4 7
4 15 5 9
3 14 5 9
2 14 5 9
1 26 5 6
1 10 1 13
4 10 1 13
2 10 1 13
4 8 1 13
3 6 1 13
2 5 21 10
2 4 1 13
4 4 5 5
3 8 5 4
2 13 5 3
1 9 5 2
4 10 5 1
3 10 5 1
2 14 5 1
1 10 4 1
4 9 4 2
3 11 3 2
2 10 3 1
1 8 3 2
4 8 2 2
4 11 4 5
3 8 2 2
2 8 2 2
1 10 1 2
3 6 1 5
2 7 1 5
3 5 30 2
1 4 1 5
4 7 1 2
4 10 12 1
3 12 12 1
3 9 5 1
2 10 11 1
1 18 11 1
2 9 5 1
1 10 5 1
4 18 5 1
3 8 1 2
3 9 3 2
2 9 3 2
4 11 7 2
2 8 1 2
1 11 1 2
4 10 1 2
3 10 1 2
2 10 1 2
1 10 1 2
3 10 1 2
1 5 2 2
4 7 2 2
3 7 2 2
2 7 1 2
1 7 1 2
2 6 1 6
1 6 1 6
4 10 1 2
1 7 3 6
4 8 3 5
3 8 3 4
2 9 3 4
1 8 3 3
4 7 2 4
3 11 2 3
2 10 1 2
1 9 1 2
4 7 1 3
3 7 1 2
2 5 1 3
1 5 1 2
2 5 3 3
1 7 3 2
4 5 3 2
3 9 3 2
2 5 2 2
4 4 1 2
1 4 1 2
4 4 6 8
3 4 6 8
2 4 6 35
3 4 7 15
4 5 33 15
2 4 7 15
1 6 7 14
4 10 7 13
3 7 6 15
4 6 30 14
2 6 29 15
3 6 28 15
2 4 6 15
1 6 5 15
4 5 5 15
3 5 5 15
2 7 4 15
1 7 4 15
4 7 4 15
3 8 3 15
1 4 8 84
3 4 7 84
2 4 6 84
1 4 19 67
2 4 20 52
2 4 33 69
1 4 45 49
2 4 44 49
1 4 47 51
3 5 51 51
1 4 55 67
4 4 83 36
3 4 83 35
4 3 1 2
1 3 1 7
4 5 1 7
3 5 1 7
2 5 1 7
1 4 1 7
3 3 3 77
2 5 50 75
1 6 50 74
4 8 50 73
3 10 50 72
2 6 50 71
1 7 50 70
4 10 50 69
3 10 50 68
2 10 50 68
1 12 50 67
4 12 50 67
3 10 49 68
2 14 50 66
1 12 49 67
4 10 48 68
3 8 48 67
2 7 47 68
4 7 47 66
1 6 47 68
3 4 46 74
3 5 47 66
1 3 2 78
3 4 5 79
4 6 4 80
1 4 3 80
3 4 3 78
2 4 3 76
1 4 3 77
4 5 2 77
3 5 2 76
2 4 2 77
1 4 1 77
4 5 1 76
1 4 35 77
3 3 1 77
2 4 1 77
4 4 33 76
2 4 32 77
3 4 31 77
1 3 1 77
2 4 3 76
1 6 3 75
4 9 3 74
3 11 3 73
2 6 2 77
1 8 22 77
4 9 22 77
2 6 3 72
1 6 3 71
4 7 3 70
3 9 3 69
2 10 3 68
1 11 3 67
4 12 3 66
3 14 3 65
2 10 2 67
1 11 2 66
4 10 2 67
2 16 22 68
3 10 1 67
2 11 1 66
1 13 4 64
1 11 1 65
4 12 1 64
4 10 3 66
3 12 7 64
3 11 3 65
2 20 3 65
3 9 20 77
3 6 1 70
4 7 12 70
3 13 12 69
2 12 12 70
1 20 12 68
4 12 12 76
3 7 11 77
2 7 11 77
1 12 10 77
4 10 10 77
4 9 12 68
3 15 11 67
1 6 1 70
1 7 3 69
4 10 3 66
2 10 7 67
1 10 7 67
4 17 6 70
4 6 1 70
2 11 3 66
1 13 2 66
3 11 2 70
2 10 1 70
3 7 7 74
4 4 2 65
3 6 1 66
1 4 2 77
4 7 1 77
3 9 1 77
1 6 2 77
2 10 1 77
1 3 1 77
4 4 1 78
3 4 4 80
2 4 4 80
3 3 1 78
2 3 1 77
1 4 1 77
4 4 1 77
3 3 1 77
1 3 4 48
4 4 42 45
3 5 42 44
1 4 41 45
4 4 41 44
2 5 41 44
3 5 39 45
2 4 42 47
2 3 4 49
3 3 5 1
4 3 7 1
4 3 8 16
4 4 63 16
2 3 11 13
3 4 19 10
2 4 19 10
1 5 19 10
4 5 17 11
3 3 18 81
2 4 18 81
3 3 22 81
1 3 24 66
4 3 27 66
2 3 26 65
1 5 26 64
4 4 26 63
3 8 26 63
2 3 26 63
1 4 26 62
2 3 26 67
4 3 27 65
3 5 27 65
2 7 27 63
1 7 26 66
4 8 26 66
3 4 39 61
2 6 39 60
1 4 39 59
4 8 39 58
1 3 32 48
4 6 32 47
3 5 32 46
2 3 31 48
1 4 31 47
4 3 30 48
3 4 30 48
2 3 30 47
1 5 30 46
2 4 29 49
4 3 29 48
3 4 29 47
2 3 38 59
2 4 40 57
4 4 41 56
4 3 39 59
1 3 40 56
3 4 40 56
2 4 39 56
3 3 40 60
2 3 39 62
1 3 39 60
4 3 45 50
3 3 45 50
2 4 45 50
1 4 44 50
4 3 44 50
3 4 44 50
2 3 43 50
1 3 43 50
4 4 42 50
3 5 42 50
1 4 54 51
1 3 41 50
1 3 48 30
2 4 62 31
4 3 55 16
3 3 55 16
2 4 54 16
1 6 54 16
4 4 53 16
1 3 58 82
4 3 58 82
3 4 57 82
2 6 57 82
1 3 57 82
4 4 56 82
3 6 56 82
1 4 57 82
2 4 59 82
1 4 59 82
4 4 59 82
3 7 58 82
2 3 56 82
4 6 56 82
2 3 65 32
4 3 73 40
4 4 75 38
3 3 75 37
1 3 76 41
4 3 76 41
3 4 76 40
2 6 76 40
1 5 76 39
4 3 75 40
3 5 75 40
2 5 75 39
1 6 74 38
4 4 73 41
3 5 73 39
4 3 72 39
2 3 72 41
1 3 72 40
3 3 72 38
2 5 72 37
4 4 72 40
3 4 72 40
1 3 71 39
4 3 71 38
3 3 71 37
2 5 71 38
1 4 71 37
4 4 70 37
3 4 70 38
2 4 70 37
1 3 69 37
4 6 69 36
3 6 69 35
2 8 69 33
1 14 69 31
4 9 69 33
3 9 68 33
2 9 68 31
1 8 68 33
4 9 67 33
3 9 67 31
2 9 67 33
1 9 66 33
4 11 67 30
3 8 66 34
2 7 66 33
1 5 65 34
4 5 65 34
3 7 65 33
2 5 64 34
1 5 64 34
4 9 64 32
3 5 63 34
1 6 63 32
2 5 63 34
3 3 62 32
4 3 72 31
2 3 72 30
1 3 72 28
3 7 73 27
2 8 73 26
1 8 73 25
4 13 73 24
3 10 73 23
2 12 73 22
1 13 73 21
4 14 73 20
3 14 72 22
2 12 72 21
1 12 72 22
4 14 71 22
3 12 71 21
2 12 71 22
1 14 70 22
4 12 70 21
3 7 68 26
2 9 68 25
1 7 68 26
4 5 67 26
3 8 67 25
2 5 67 26
1 5 66 26
4 8 66 25
3 5 66 26
2 6 65 26
1 6 65 25
3 5 70 22
2 5 69 22
1 5 69 22
4 6 69 22
3 5 68 22
2 5 68 22
1 6 68 22
4 5 67 22
3 6 67 21
2 4 67 22
1 4 66 22
4 5 66 21
3 4 66 22
2 4 65 22
1 5 65 21
4 3 65 22
4 3 65 26
7 2 1 1
8 2 1 1
3 3 7 1
5 2 1 1
1 3 3 1
4 3 3 1
2 7 3 1
6 2 1 1
3 2 1 2
1 3 1 1
7 2 1 1
2 2 1 1
1 2 1 1
4 2 1 1
3 2 1 1
2 2 1 1
8 2 1 1
8 2 1 3
8 2 1 4
5 2 1 4
4 2 1 6
3 2 1 6
2 3 1 5
4 2 1 4
1 3 3 3
4 4 2 2
6 2 1 4
3 2 1 4
2 3 1 3
8 2 1 6
8 2 1 7
5 2 1 7
6 2 1 7
3 2 1 7
4 4 12 7
3 4 12 7
2 4 12 8
1 8 11 8
4 3 12 11
3 3 11 11
2 4 11 10
1 4 10 12
4 6 10 11
4 2 1 8
2 3 1 7
1 5 1 6
4 4 1 8
4 4 7 9
3 3 4 10
2 5 4 10
3 4 5 8
1 3 4 10
1 3 8 12
3 4 7 13
2 5 7 12
3 2 1 5
2 2 1 5
1 3 1 4
2 3 3 4
1 3 3 6
4 5 3 6
2 5 2 7
1 4 2 8
3 4 1 7
2 4 1 7
7 2 1 4
7 2 1 6
1 2 1 7
4 2 1 7
3 3 1 6
2 2 1 6
8 2 1 6
5 2 1 6
4 4 1 5
4 3 2 8
3 4 6 7
1 4 18 6
4 4 18 6
3 4 37 8
2 4 37 8
1 5 36 8
4 7 36 9
3 4 36 8
2 5 35 8
1 7 35 8
1 3 3 8
3 4 16 7
3 5 36 8
2 7 36 8
1 5 36 8
4 8 35 8
3 4 35 8
2 7 35 8
3 4 33 9
4 3 3 8
2 4 3 7
1 3 7 9
2 3 12 8
3 2 1 5
6 4 15 4
2 3 15 5
1 3 29 7
6 2 1 34
2 3 44 34
3 2 1 54
2 5 1 53
1 3 1 52
3 6 14 51
2 10 14 50
4 5 1 51
3 6 1 50
2 6 1 49
1 8 1 48
4 9 1 47
3 9 1 46
2 11 1 45
1 12 1 44
2 14 3 43
4 13 1 43
3 14 1 42
1 13 1 43
4 10 1 46
3 5 1 46
1 5 11 55
4 7 11 55
2 4 1 46
1 8 1 46
2 11 3 43
1 12 3 43
4 15 3 41
3 26 3 40
2 11 2 46
4 10 1 46
1 7 1 46
2 8 3 45
1 12 3 46
4 9 3 46
3 21 2 46
3 11 5 43
2 13 5 43
2 10 2 46
4 7 1 46
1 9 1 46
4 11 1 46
1 8 1 46
4 6 1 46
3 6 1 46
2 4 1 46
1 5 1 46
4 4 1 46
3 4 1 51
1 4 3 40
2 5 1 41
1 6 24 40
2 4 33 42
1 4 33 42
3 4 33 41
4 4 33 42
3 3 1 46
2 3 10 55
3 4 10 54
1 5 10 53
4 5 9 54
3 3 8 55
2 4 8 54
1 5 7 55
2 3 6 55
2 4 23 52
1 5 23 52
4 5 23 52
3 9 23 51
2 4 22 55
3 3 7 54
2 3 12 51
2 3 23 40
2 5 29 40
3 3 24 41
4 6 28 40
1 5 27 42
2 3 23 42
2 3 24 39
3 3 26 41
4 4 26 42
3 4 26 42
2 3 25 43
1 5 25 42
4 3 27 41
2 4 26 41
3 4 27 42
4 3 28 38
1 3 27 38
4 2 1 43
1 3 1 42
4 5 23 40
4 3 1 42
4 4 6 43
3 4 6 43
4 6 8 41
3 6 8 40
2 6 8 40
1 10 8 40
4 8 8 38
3 5 7 40
2 9 7 40
1 11 7 38
3 4 17 39
2 5 17 39
1 4 17 41
4 6 16 41
4 3 6 40
3 6 5 41
4 4 5 43
1 4 6 40
3 4 7 38
2 5 6 38
1 4 7 40
4 8 7 37
3 4 6 42
2 7 5 40
4 5 4 41
3 5 5 38
1 3 3 41
2 3 2 41
3 3 3 43
3 3 6 43
4 3 22 36
3 4 22 35
2 3 22 35
1 6 22 35
4 5 22 34
2 4 30 35
1 4 30 35
4 5 30 35
3 7 30 34
2 3 22 37
1 3 27 35
1 3 28 36
4 3 27 35
1 4 28 34
2 3 26 35
3 4 25 35
4 4 25 34
3 4 35 34
1 3 39 34
3 3 38 34
3 2 1 41
1 4 1 40
4 5 1 39
2 3 17 42
3 2 1 38
2 3 1 37
1 4 23 35
1 3 1 36
4 5 1 35
1 4 31 35
4 4 31 35
3 3 1 35
2 3 1 35
1 6 1 34
1 4 3 37
3 4 14 34
2 4 26 34
4 3 1 34
3 6 1 34
2 7 1 33
1 5 1 32
1 9 4 31
4 11 4 30
3 10 4 29
2 19 4 28
3 6 2 35
1 8 4 27
4 9 4 26
3 13 4 25
2 12 4 24
1 12 4 24
4 15 4 24
3 13 3 24
2 13 3 23
1 12 3 24
4 12 2 24
3 12 2 23
2 11 2 24
1 11 1 24
4 11 1 23
1 12 3 22
4 13 3 21
3 14 3 20
2 20 2 24
3 12 8 24
2 11 5 24
1 12 5 24
3 10 1 24
3 11 8 24
2 11 8 24
1 12 8 23
4 21 8 23
1 10 1 24
3 11 6 23
2 11 6 23
1 20 5 24
4 10 1 24
3 10 1 24
4 10 1 24
2 10 1 24
4 10 1 24
3 10 1 24
2 9 1 25
1 10 1 24
4 12 5 23
1 11 7 23
4 12 7 22
4 10 1 24
3 10 1 24
2 11 10 23
2 10 1 24
1 10 1 24
3 10 1 24
2 10 1 24
3 10 1 24
2 10 1 24
1 10 1 24
4 10 1 24
3 10 1 24
1 10 1 24
4 8 1 24
4 5 1 32
1 5 1 32
4 5 1 32
4 4 5 32
1 4 31 21
3 3 1 24
3 3 1 28
2 3 1 28
3 3 1 33
2 5 1 31
3 4 4 31
2 6 4 31
1 3 2 33
4 4 1 33
1 4 3 31
2 3 3 19
1 5 3 18
4 6 3 17
3 7 3 16
2 10 3 15
1 10 3 14
4 11 3 13
3 13 3 12
2 13 3 11
1 11 2 13
4 12 2 12
3 11 2 13
2 11 1 13
1 11 1 12
4 11 29 13
3 11 29 13
2 12 29 13
1 20 28 13
4 9 1 13
3 10 1 13
2 10 1 13
1 10 1 13
4 8 1 13
3 9 1 13
3 11 23 13
3 10 8 13
2 9 1 13
3 10 3 12
2 11 3 12
1 13 3 10
4 22 3 10
2 10 16 11
1 13 16 9
4 15 15 13
1 9 1 13
2 9 1 13
3 13 3 9
4 10 5 12
3 12 5 10
2 11 5 10
1 21 5 10
2 9 3 13
4 17 2 13
3 12 2 13
2 11 2 13
4 15 5 9
1 10 7 12
4 13 7 10
3 15 7 10
2 19 6 13
1 8 1 13
3 8 1 13
2 8 1 13
1 8 1 13
3 8 1 13
1 6 1 13
4 7 1 13
3 6 1 13
2 4 1 13
2 4 3 9
1 3 3 8
3 4 2 8
1 4 17 9
4 6 17 8
4 5 26 7
3 6 25 7
2 6 25 7
1 7 25 8
4 4 25 8
3 5 24 8
2 7 24 8
1 4 24 8
4 7 24 7
3 7 23 8
2 4 23 8
1 8 23 7
4 6 22 8
3 6 21 7
2 7 21 7
1 6 21 8
4 7 20 7
2 3 1 9
1 3 1 8
1 3 5 16
4 3 8 26
3 4 8 26
3 3 17 9
2 3 17 8
1 3 17 8
3 5 17 7
3 3 20 9
2 5 20 8
1 3 20 8
4 7 20 8
3 4 19 8
2 3 19 8
1 5 18 9
3 4 19 9
4 3 18 8
2 4 17 9
1 3 17 10
4 3 16 9
4 2 1 8
2 4 5 6
3 3 1 7
3 7 2 6
4 6 2 6
1 6 2 5
8 4 5 4
5 4 9 4
5 4 22 4
4 3 9 3
3 3 9 3
2 2 1 5
1 3 10 3
6 2 1 5
3 3 3 3
2 7 3 2
4 6 5 4
1 3 3 5
7 4 1 5
4 2 1 6
3 3 1 5
4 2 1 6
2 2 1 5
8 2 1 5
2 2 1 9
1 2 1 8
4 2 1 9
2 3 2 8
1 4 2 8
4 3 2 7
3 7 2 6
2 4 1 7
1 3 1 6
2 4 2 5
1 3 2 5
3 2 1 7
8 2 1 10
5 2 1 10
6 2 1 10
7 2 1 10
3 3 4 10
1 2 1 11
8 2 1 12
1 2 1 13
4 2 1 13
2 2 1 12
3 2 1 12
4 2 1 11
8 2 1 13
5 2 1 13
6 2 1 13
7 2 1 13
2 3 4 12
2 2 1 14
4 4 2 12
1 4 1 13
7 2 1 20
8 2 1 20
5 2 1 20
4 3 3 20
6 2 1 20
1 2 1 19
7 2 1 19
8 2 1 21
3 2 1 20
2 3 1 19
1 2 1 21
4 3 3 20
1 3 2 20
8 2 1 24
2 3 1 23
1 2 1 24
4 3 1 23
2 2 1 23
7 2 1 25
8 2 1 25
4 3 3 24
5 2 1 25
6 2 1 25
3 3 3 24
2 3 3 25
1 5 2 24
3 2 1 24
2 2 1 28
1 3 4 29
4 4 12 29
3 5 12 29
2 4 12 28
1 9 12 28
4 4 12 32
3 5 12 29
2 5 12 29
3 3 3 31
4 4 11 29
4 3 4 29
3 5 4 29
2 8 4 28
1 4 3 29
4 7 3 29
3 6 3 28
1 4 3 28
4 4 2 28
1 3 1 31
4 4 1 29
2 3 1 29
2 3 2 29
1 2 1 27
3 3 1 27
2 2 1 26
1 3 1 25
4 2 1 25
7 2 1 25
8 2 1 25
5 2 1 25
6 2 1 25
4 3 2 24
3 3 2 25
2 3 1 24
1 3 1 23
7 2 1 24
2 2 1 24
8 4 18 24
8 2 1 25
5 2 1 25
5 4 7 24
6 4 7 24
7 4 7 24
2 3 7 24
2 4 11 25
3 4 10 25
1 3 12 26
1 3 21 27
4 2 1 27
4 3 3 27
3 4 3 26
1 3 2 27
4 4 11 25
4 3 2 26
2 4 2 26
3 4 5 27
1 4 7 26
1 3 1 26
2 3 4 26
4 4 3 26
2 3 6 28
1 3 6 28
4 4 6 28
3 3 5 30
4 2 1 25
8 3 4 24
6 2 1 25
7 2 1 25
5 2 1 25
3 2 1 27
2 3 3 27
2 2 1 27
8 2 1 29
1 2 1 28
3 3 1 27
8 2 1 32
1 4 1 31
4 5 1 30
3 6 1 29
2 7 1 28
1 7 1 28
4 8 1 27
1 3 14 32
2 3 16 32
1 3 16 32
4 4 16 30
3 9 16 28
2 4 16 28
1 7 16 29
4 5 15 28
3 4 15 28
2 9 15 27
1 7 15 27
4 8 14 28
3 8 14 27
2 8 13 28
4 4 13 27
1 4 13 28
3 5 13 27
4 3 12 30
3 3 12 31
2 2 1 28
3 3 7 27
2 3 10 29
1 5 10 29
4 3 9 28
1 2 1 28
2 5 6 27
1 7 6 27
4 4 6 30
3 6 5 30
2 6 5 31
4 2 1 28
3 5 1 27
2 7 1 27
1 8 1 26
4 8 1 25
3 3 1 26
4 3 1 26
1 2 1 24
3 3 2 23
4 2 1 23
3 3 3 22
2 5 3 21
1 2 1 23
4 2 1 23
3 2 1 22
6 2 1 23
1 2 1 22
7 2 1 24
8 2 1 24
3 2 1 23
5 2 1 24
6 2 1 24
2 2 1 25
1 4 1 24
4 3 1 24
3 3 1 24
2 3 1 25
4 4 2 25
1 5 1 25
3 6 1 25
4 4 2 28
2 3 1 25
1 4 1 25
2 4 9 26
1 5 8 26
3 3 1 26
3 4 4 26
2 3 3 22
1 3 3 22
4 3 8 28
3 6 8 27
1 4 8 26
4 5 8 26
7 2 1 24
8 2 1 24
4 2 2 4
3 3 2 4
1 3 2 3
4 2 1 5
7 2 2 4
2 2 1 4
4 2 2 3
8 2 2 12
3 3 2 11
2 2 1 11
3 3 5 12
2 4 5 11
1 3 5 12
4 7 5 11
2 2 2 13
1 2 2 13
3 3 1 14
4 2 1 13
3 3 3 12
3 2 2 18
1 2 2 25
1 4 3 24
1 3 6 23
2 3 6 23
4 2 2 25
2 5 2 24
4 3 1 24
3 3 1 24
1 2 2 23
4 4 2 23
2 3 1 23
4 2 1 22
8 2 3 4
6 2 3 4
3 2 2 4
2 2 2 3
1 3 2 3
7 2 1 4
4 2 3 3
3 2 3 3
2 2 3 13
1 3 2 13
4 4 2 12
6 2 3 12
7 2 3 12
7 2 3 26
8 2 4 4
3 2 4 11
8 2 4 16
5 2 4 16
4 2 4 16
3 2 4 16
2 3 3 16
1 3 3 16
4 3 2 16
6 2 2 16
1 2 1 16
4 2 1 15
3 2 1 15
2 3 1 15
1 2 1 14
7 2 1 15
8 2 5 9
3 2 5 8
2 2 5 7
1 2 5 7
4 3 5 7
3 2 4 7
2 2 4 8
8 2 4 9
5 2 5 19
6 2 5 19
1 3 5 18
4 4 5 18
5 2 6 1
6 2 6 9
1 2 6 8
4 2 6 8
3 3 6 8
2 3 5 8
1 2 5 8
7 2 5 9
8 2 6 12
8 2 6 15
5 2 6 15
6 2 6 15
8 2 6 17
8 2 6 24
7 2 7 15
7 2 7 19
8 2 8 19
5 2 9 4
8 2 10 9
3 2 10 8
2 3 10 8
5 2 9 9
6 2 9 9
6 2 11 1
5 2 11 12
5 2 11 24
7 2 12 12
2 2 12 11
1 2 12 11
4 3 12 11
3 4 11 11
4 2 10 11
8 2 11 12
5 2 11 12
8 2 12 15
5 2 13 19
7 2 14 9
7 2 16 1
6 2 16 24
8 2 17 1
6 2 18 19
8 2 19 9
2 2 19 21
7 2 21 24
5 2 22 1
7 2 23 19
5 2 24 9
8 2 26 24
6 2 27 1
8 2 28 19
2 2 30 21
1 3 29 21
4 2 30 22
3 4 29 22
5 2 30 24
4 2 29 24
2 2 30 23
1 4 30 22
2 2 29 22
6 2 31 24
7 2 32 1
7 2 32 24
8 2 33 24
8 2 37 1
5 2 38 24
5 2 42 1
6 2 43 24
7 2 48 24
8 2 53 24
