768851
1693
4 2 100 46
4 2 100 60
6 2 99 14
6 2 99 16
2 2 99 18
3 2 99 29
5 2 99 28
2 2 99 91
7 2 98 15
6 2 98 28
6 2 98 88
2 2 98 93
8 2 96 10
5 2 97 12
4 2 96 13
2 2 96 19
1 2 95 27
2 2 97 26
3 2 94 9
5 2 96 10
2 2 94 11
7 2 96 11
6 2 93 6
3 2 93 22
2 2 97 23
6 2 97 24
3 2 92 64
6 2 94 62
2 2 92 93
8 2 91 1
6 2 91 21
1 2 98 22
5 2 92 20
4 2 95 20
5 2 95 22
6 2 94 20
3 2 94 19
5 2 93 21
3 2 91 73
8 2 91 77
5 2 91 98
5 2 90 4
2 2 90 69
7 2 90 94
2 2 90 98
1 2 89 50
8 2 89 94
4 2 89 98
6 2 90 100
3 2 87 5
2 2 87 94
4 2 87 100
5 2 86 2
5 2 88 3
4 2 86 8
6 2 92 9
7 2 86 8
6 2 90 10
8 2 86 32
7 2 97 31
8 2 98 30
8 2 86 98
7 2 90 99
1 2 85 1
5 2 85 94
1 2 85 97
8 2 84 31
6 2 96 30
3 2 84 30
7 2 84 92
1 2 83 40
8 2 83 84
7 2 82 6
7 2 88 5
8 2 83 5
4 2 82 16
6 2 96 15
4 2 95 15
5 2 82 33
6 2 84 31
4 2 84 30
7 2 82 61
8 2 98 62
3 2 82 62
5 2 93 61
3 2 82 84
2 2 82 87
2 2 81 31
7 2 81 42
7 2 81 98
7 2 80 1
6 2 90 2
7 2 86 2
2 2 88 1
2 2 86 2
8 2 89 3
1 2 80 30
8 2 80 41
1 2 80 60
5 2 79 3
5 2 82 4
4 2 84 5
2 2 83 5
7 2 79 60
8 2 95 60
3 2 79 88
2 2 96 87
3 2 86 88
7 2 83 88
1 2 80 88
8 2 79 98
3 2 79 99
5 2 80 97
2 2 90 96
5 2 89 96
8 2 82 97
3 2 78 4
3 2 85 3
7 2 78 42
3 2 78 77
1 2 77 26
3 2 93 26
4 2 92 26
8 2 89 25
8 2 89 27
8 2 87 26
5 2 77 44
2 2 98 85
4 2 77 74
5 2 76 42
6 2 76 57
1 2 76 73
8 2 76 80
5 2 82 79
7 2 88 77
7 2 86 79
3 2 86 79
5 2 82 81
7 2 75 58
1 2 81 59
3 2 74 59
1 2 74 99
7 2 82 99
5 2 81 99
5 2 79 100
6 2 73 62
8 2 73 98
2 2 72 65
1 2 71 58
2 2 94 58
6 2 72 58
1 2 72 59
5 2 72 58
2 2 93 59
4 2 70 8
2 2 85 7
8 2 69 7
1 2 67 5
6 2 78 6
8 2 83 7
2 2 67 8
7 2 66 53
4 2 89 52
4 2 91 51
3 2 66 65
1 2 66 64
7 2 87 65
3 2 86 66
4 2 66 66
2 2 66 76
3 2 65 39
8 2 79 38
7 2 63 39
4 2 80 40
4 2 77 40
4 2 68 38
5 2 66 40
3 2 63 75
8 2 65 76
4 2 62 74
3 2 61 53
5 2 67 52
2 2 62 52
5 2 64 53
7 2 83 54
8 2 62 51
6 2 61 54
7 2 64 53
2 2 63 53
3 2 62 54
1 2 99 45
3 2 75 56
2 2 71 55
7 2 68 55
4 2 74 57
6 2 66 55
5 2 61 64
8 2 61 81
5 2 64 79
4 2 66 56
6 2 59 54
1 2 61 53
4 2 60 55
3 2 76 78
2 2 69 56
3 2 71 57
7 2 59 54
7 2 58 79
3 2 68 78
1 2 57 50
5 2 60 51
6 2 59 52
7 2 58 52
1 2 57 57
8 2 69 57
1 2 57 79
7 2 57 89
1 2 57 90
2 2 57 95
2 2 83 94
6 2 85 95
2 2 85 96
8 2 84 95
1 2 83 95
3 2 57 99
6 2 56 3
6 2 84 2
8 2 83 2
6 2 81 3
4 2 80 2
7 2 80 2
5 2 80 1
3 2 56 55
8 2 91 56
5 2 75 54
3 2 56 57
5 2 78 58
2 2 69 58
3 2 56 92
5 2 82 93
4 2 86 92
6 2 55 58
2 2 57 59
2 2 56 57
8 2 86 57
7 2 55 79
3 2 63 79
6 2 54 79
8 2 54 80
5 2 61 81
2 2 53 96
6 2 72 96
4 2 53 96
2 2 70 97
4 2 79 97
7 2 52 45
1 2 78 46
3 2 96 47
2 2 51 44
5 2 86 45
2 2 51 79
4 2 50 4
6 2 76 4
5 2 48 3
2 2 76 4
4 2 48 5
5 2 74 5
2 2 85 6
3 2 84 7
7 2 66 6
4 2 48 57
8 2 48 58
2 2 49 58
6 2 50 57
7 2 74 58
4 2 48 70
6 2 85 72
6 2 83 71
4 2 46 59
7 2 46 59
6 2 46 61
6 2 45 6
3 2 66 7
1 2 55 7
1 2 82 9
1 2 73 8
4 2 66 8
1 2 74 9
3 2 66 7
3 2 47 5
7 2 46 5
7 2 44 35
1 2 81 34
1 2 85 33
7 2 84 33
6 2 83 33
8 2 82 35
4 2 81 33
4 2 80 36
5 2 79 37
6 2 75 37
7 2 43 7
6 2 66 8
4 2 43 22
8 2 88 22
8 2 91 21
1 2 93 20
5 2 84 23
8 2 95 24
1 2 60 23
1 2 71 22
7 2 43 83
2 2 48 83
2 2 96 83
8 2 71 82
5 2 60 83
7 2 80 84
8 2 98 85
4 2 82 85
8 2 69 84
8 2 78 84
3 2 42 1
5 2 42 6
4 2 63 5
1 2 43 6
2 2 64 5
5 2 63 5
7 2 54 6
8 2 43 6
3 2 42 25
7 2 42 50
5 2 87 50
7 2 61 49
8 2 42 83
2 2 69 83
2 2 47 83
4 2 42 83
1 2 44 82
5 2 62 82
5 2 42 84
1 2 43 84
8 2 80 85
7 2 71 85
1 2 42 87
1 2 80 86
2 2 55 87
4 2 41 22
1 2 41 48
5 2 40 3
1 2 45 3
3 2 40 32
8 2 79 31
3 2 72 34
5 2 54 34
6 2 70 34
6 2 39 78
4 2 44 79
2 2 39 86
2 2 41 86
8 2 38 5
8 2 50 4
3 2 38 6
4 2 52 7
2 2 41 7
3 2 38 8
6 2 38 12
5 2 59 13
8 2 38 22
8 2 44 22
2 2 84 23
2 2 38 49
5 2 93 48
6 2 69 48
7 2 37 68
3 2 37 82
2 2 49 81
7 2 38 82
1 2 46 82
8 2 53 81
8 2 67 80
3 2 53 80
2 2 37 82
8 2 36 7
7 2 39 6
4 2 39 7
6 2 38 8
4 2 36 24
2 2 36 23
3 2 93 24
2 2 39 24
2 2 36 51
6 2 54 50
6 2 52 51
3 2 52 51
8 2 52 50
1 2 48 51
2 2 35 19
4 2 97 17
4 2 94 19
2 2 91 20
5 2 41 19
5 2 35 20
7 2 35 21
4 2 90 20
6 2 86 21
8 2 57 21
4 2 46 20
6 2 35 23
8 2 35 54
1 2 40 54
8 2 36 54
2 2 45 55
8 2 88 56
4 2 74 55
6 2 55 55
7 2 54 56
6 2 37 54
5 2 53 55
8 2 52 53
8 2 52 56
4 2 61 55
2 2 82 56
3 2 54 55
2 2 51 53
1 2 42 55
7 2 37 55
5 2 35 68
4 2 72 67
4 2 70 68
5 2 54 68
4 2 62 67
7 2 36 67
8 2 35 70
8 2 34 16
7 2 34 18
1 2 34 68
8 2 33 11
5 2 75 13
3 2 37 13
3 2 93 12
1 2 33 37
4 2 32 42
4 2 60 41
2 2 75 40
6 2 77 39
8 2 32 57
3 2 49 56
3 2 47 57
3 2 31 24
7 2 34 23
3 2 81 22
6 2 36 24
1 2 31 36
3 2 75 37
5 2 42 35
2 2 30 15
5 2 77 14
7 2 30 15
5 2 73 15
7 2 83 15
5 2 65 15
2 2 30 36
2 2 62 37
8 2 38 37
5 2 51 37
5 2 48 37
1 2 30 61
1 2 29 22
8 2 49 21
3 2 33 22
8 2 32 21
6 2 29 24
7 2 29 24
5 2 37 26
1 2 44 27
1 2 67 26
5 2 56 27
1 2 42 26
1 2 29 24
1 2 82 23
8 2 81 23
3 2 29 35
8 2 70 34
2 2 29 73
6 2 77 72
4 2 42 74
8 2 67 74
3 2 58 73
4 2 50 72
3 2 59 73
5 2 49 75
3 2 56 76
6 2 60 75
5 2 46 74
4 2 57 75
1 2 56 74
2 2 47 74
1 2 51 73
6 2 40 74
4 2 53 73
4 2 41 73
2 2 50 72
5 2 47 73
6 2 48 73
7 2 44 72
4 2 42 74
8 2 28 23
2 2 28 25
2 2 67 24
7 2 28 36
5 2 49 35
6 2 75 36
8 2 71 36
8 2 69 35
1 2 74 34
7 2 46 37
8 2 28 39
8 2 73 38
1 2 61 38
1 2 60 39
7 2 72 38
5 2 60 40
7 2 59 38
3 2 59 38
6 2 44 40
7 2 61 40
1 2 28 73
4 2 27 18
1 2 94 17
7 2 32 19
7 2 35 18
3 2 33 18
6 2 31 17
4 2 31 16
4 2 31 19
5 2 29 20
6 2 85 19
8 2 44 20
1 2 31 19
4 2 32 20
5 2 30 21
2 2 30 20
3 2 27 22
3 2 29 21
6 2 39 21
5 2 27 23
4 2 27 24
2 2 27 28
1 2 27 39
3 2 27 39
7 2 49 41
8 2 72 42
2 2 58 41
8 2 27 41
2 2 27 43
2 2 45 43
6 2 81 44
6 2 28 42
7 2 38 44
6 2 77 43
2 2 45 44
8 2 26 17
1 2 26 20
7 2 25 16
2 2 30 15
3 2 25 25
1 2 25 24
3 2 26 23
6 2 74 22
4 2 25 27
8 2 84 28
1 2 25 27
7 2 25 32
1 2 77 32
5 2 75 33
1 2 64 31
1 2 61 32
5 2 50 33
1 2 42 33
6 2 43 32
5 2 48 33
3 2 42 33
4 2 83 32
1 2 40 32
1 2 27 31
1 2 25 35
4 2 26 35
7 2 25 35
3 2 84 34
3 2 25 38
2 2 43 40
3 2 27 37
5 2 25 78
7 2 56 77
1 2 85 77
5 2 24 13
7 2 42 14
1 2 40 14
4 2 24 25
3 2 24 78
1 2 35 78
4 2 62 77
3 2 53 78
4 2 42 77
3 2 25 79
6 2 23 12
8 2 92 11
2 2 91 11
7 2 23 25
2 2 23 40
3 2 23 66
1 2 23 82
7 2 46 81
4 2 42 83
6 2 23 89
2 2 75 89
2 2 77 88
6 2 75 88
2 2 56 89
5 2 68 91
8 2 76 88
6 2 72 92
7 2 69 91
6 2 82 92
6 2 79 90
1 2 24 87
3 2 23 97
5 2 22 1
7 2 43 1
6 2 48 2
8 2 44 1
1 2 42 2
4 2 44 2
3 2 42 2
5 2 41 3
8 2 39 1
1 2 39 2
7 2 22 2
1 2 22 14
2 2 24 15
3 2 27 15
7 2 22 16
1 2 22 17
8 2 23 18
2 2 22 19
6 2 22 27
8 2 22 81
4 2 44 81
4 2 22 91
7 2 22 95
4 2 53 96
1 2 58 97
3 2 23 94
3 2 81 94
4 2 24 94
5 2 52 95
4 2 22 96
3 2 78 97
8 2 56 97
7 2 56 98
3 2 21 15
8 2 21 46
3 2 21 53
4 2 39 52
1 2 48 53
8 2 47 54
8 2 40 51
5 2 34 55
4 2 70 53
7 2 48 56
8 2 21 62
8 2 76 62
7 2 84 62
7 2 21 67
7 2 58 67
4 2 21 81
6 2 42 80
8 2 21 94
5 2 21 99
7 2 20 71
7 2 91 92
5 2 20 80
1 2 32 81
5 2 55 82
8 2 19 50
3 2 52 50
7 2 50 49
5 2 38 49
2 2 41 48
5 2 88 47
1 2 19 56
6 2 46 56
5 2 30 55
6 2 19 61
5 2 19 65
2 2 46 64
4 2 81 63
4 2 79 64
2 2 18 56
2 2 39 57
7 2 18 65
6 2 58 64
5 2 18 69
4 2 16 72
5 2 17 82
8 2 17 82
1 2 15 1
5 2 31 71
1 2 48 72
6 2 37 1
6 2 67 2
7 2 15 63
3 2 21 64
3 2 62 64
2 2 76 65
4 2 74 65
2 2 15 62
2 2 41 61
6 2 19 63
8 2 15 71
2 2 16 70
4 2 32 69
4 2 33 68
4 2 14 8
6 2 14 62
1 2 19 62
4 2 38 63
4 2 65 62
7 2 15 61
7 2 83 61
1 2 14 61
4 2 14 72
8 2 15 73
8 2 13 9
4 2 39 10
3 2 63 10
4 2 45 10
2 2 59 10
4 2 37 9
2 2 36 9
3 2 24 8
3 2 22 9
6 2 13 69
6 2 16 68
1 2 31 69
7 2 17 67
8 2 16 68
5 2 15 68
5 2 16 67
3 2 28 68
2 2 15 68
4 2 15 68
1 2 15 70
5 2 13 75
1 2 12 81
7 2 34 81
1 2 36 80
8 2 36 81
5 2 12 80
5 2 71 79
2 2 24 79
7 2 30 80
7 2 40 79
2 2 35 81
7 2 15 81
3 2 12 82
7 2 11 11
4 2 11 44
1 2 11 78
1 2 11 88
4 2 73 87
3 2 73 88
2 2 10 12
3 2 10 79
3 2 37 78
2 2 36 78
8 2 9 72
6 2 28 71
5 2 82 71
8 2 10 72
7 2 11 71
2 2 24 72
5 2 11 72
2 2 10 73
7 2 24 73
7 2 38 73
8 2 37 74
7 2 9 77
1 2 23 77
3 2 56 76
8 2 9 76
7 2 52 76
5 2 22 77
5 2 9 75
1 2 13 74
6 2 9 76
1 2 52 75
2 2 50 75
6 2 40 75
7 2 48 74
8 2 11 74
2 2 9 77
5 2 9 81
2 2 8 80
3 2 7 84
5 2 61 84
2 2 25 83
6 2 22 83
2 2 12 84
1 2 36 83
2 2 42 84
8 2 33 84
7 2 36 83
4 2 34 83
2 2 20 84
1 2 24 83
5 2 12 84
6 2 34 83
7 2 33 84
7 2 47 84
2 2 22 83
2 2 14 85
5 2 13 83
6 2 6 15
3 2 6 81
1 2 7 82
5 2 6 90
1 2 65 89
8 2 92 70
3 2 6 90
5 2 57 89
2 2 11 90
2 2 34 91
6 2 5 26
8 2 4 46
6 2 61 90
8 2 48 45
2 2 4 88
1 2 22 88
6 2 71 47
3 2 8 88
7 2 5 88
4 2 3 17
8 2 2 44
1 2 5 88
6 2 3 43
6 2 30 42
4 2 27 42
5 2 7 44
2 2 6 45
1 2 1 15
5 2 1 34
8 2 27 34
7 2 40 33
8 2 21 34
5 2 1 79
3 2 48 46
2 3 92 29
3 3 88 30
1 3 85 85
1 3 85 87
4 3 82 93
8 3 79 1
5 3 79 50
1 3 79 66
7 3 77 87
8 3 74 80
7 3 72 1
4 3 72 36
4 3 72 53
7 3 71 57
7 3 70 18
4 3 69 35
3 3 69 61
4 3 69 72
1 3 68 10
3 3 67 30
5 3 67 32
2 3 67 99
1 3 83 100
6 3 72 100
8 2 75 99
4 2 71 100
1 2 74 99
6 2 74 98
6 3 68 99
3 2 67 99
3 2 70 99
6 3 70 98
2 2 71 97
7 3 66 19
4 3 65 61
1 3 64 58
6 3 64 91
8 3 63 64
4 3 62 54
8 3 62 80
2 3 63 79
2 3 62 96
3 3 72 97
8 2 71 97
6 3 60 58
5 3 59 80
2 3 56 16
5 2 64 16
1 3 56 24
2 3 56 67
4 3 54 99
5 2 67 99
2 3 53 15
8 3 51 81
7 3 49 57
6 3 54 58
5 3 48 14
7 3 78 14
5 3 60 14
7 3 48 36
6 3 48 74
1 3 54 74
2 3 48 88
2 3 45 37
3 3 45 44
4 2 87 44
8 3 44 83
8 3 57 82
8 3 54 83
7 3 43 94
6 2 50 94
6 2 64 95
5 3 41 15
8 3 41 41
5 3 41 84
8 3 40 3
6 3 40 4
2 2 43 4
1 3 43 4
2 3 40 39
4 3 57 40
2 3 40 71
1 2 44 71
6 3 39 20
2 3 38 1
8 3 38 23
4 3 38 72
2 3 38 99
8 2 51 98
8 2 66 98
6 3 37 39
1 3 36 52
5 3 36 81
1 3 36 82
2 3 35 58
8 3 34 73
5 3 33 18
4 3 33 81
1 3 32 70
7 3 31 73
4 3 27 67
1 2 30 67
1 3 42 67
6 3 26 21
7 2 31 20
8 3 26 42
7 2 33 42
4 3 26 70
2 2 74 70
5 3 25 84
5 2 26 84
8 2 35 85
4 2 41 86
3 2 35 85
6 2 46 85
8 3 24 37
3 2 25 36
3 3 23 100
2 3 50 100
3 3 20 18
7 3 27 18
5 3 45 18
8 3 20 57
6 2 39 58
2 3 20 95
1 2 21 94
8 3 18 53
1 3 18 84
4 3 35 85
4 3 39 85
2 3 16 9
8 3 15 21
3 3 15 65
1 2 17 64
2 2 14 66
3 2 16 65
6 2 15 64
8 3 70 63
1 3 15 67
7 3 15 80
5 2 19 79
7 2 37 80
8 3 23 79
5 2 29 78
4 3 13 58
6 2 44 60
6 2 42 59
8 2 48 59
1 3 12 68
8 3 12 70
8 3 11 62
8 3 18 62
8 3 10 55
1 3 36 56
7 3 9 53
4 2 25 53
1 2 27 54
1 2 38 55
5 2 45 55
8 3 9 75
4 3 15 76
1 2 17 76
4 3 7 74
4 3 6 75
1 2 5 75
7 3 5 41
4 2 23 41
8 2 35 40
4 2 21 42
7 2 27 41
4 3 4 17
1 3 2 89
4 3 10 91
7 3 6 91
6 2 14 91
1 4 86 86
3 4 68 46
4 4 68 60
5 4 66 53
6 4 65 97
2 4 62 32
1 4 62 72
2 4 61 33
6 3 59 34
3 4 61 85
7 4 60 58
2 4 58 80
1 2 57 80
2 4 56 38
5 4 54 92
6 4 53 65
8 3 67 64
8 4 51 37
3 4 51 97
1 2 51 97
5 4 49 79
8 4 48 99
2 4 46 75
1 3 62 75
1 4 65 76
3 4 45 37
1 4 41 37
2 4 41 82
1 4 61 83
1 4 56 82
7 4 38 81
3 4 41 81
3 4 38 86
6 2 50 87
6 4 45 86
4 4 41 86
2 4 34 84
6 4 32 55
5 3 54 55
7 3 40 54
7 3 37 55
2 2 37 55
3 4 38 55
4 3 46 55
8 4 31 9
6 4 63 9
2 4 29 24
4 4 66 22
4 4 58 24
2 4 27 85
2 4 27 90
8 2 79 90
4 3 64 89
6 2 63 89
7 4 26 37
6 4 40 38
4 4 24 14
8 3 28 14
2 4 49 14
7 4 33 13
6 4 24 38
8 2 37 37
3 2 37 36
7 4 23 54
7 4 19 39
4 4 18 15
7 3 29 14
7 4 31 16
7 4 17 41
8 3 29 42
2 4 45 42
6 4 16 44
3 2 23 43
4 2 43 42
2 3 55 46
4 4 16 56
8 2 26 55
1 4 50 57
4 4 15 64
3 4 65 63
4 4 16 64
1 4 41 66
3 4 14 32
4 2 24 31
6 4 13 18
6 4 5 78
3 4 3 43
6 2 3 45
4 2 5 46
4 4 32 46
5 2 59 46
3 5 85 47
8 3 85 47
2 5 73 77
2 5 67 25
5 5 66 59
1 5 64 68
5 5 58 4
3 5 58 62
1 5 57 67
5 5 55 28
1 3 65 29
1 3 62 28
5 5 53 25
7 3 63 25
7 4 68 26
5 5 53 54
5 5 50 9
3 2 58 9
1 5 59 9
3 5 45 9
5 5 45 38
8 5 45 38
3 5 45 77
5 4 51 78
1 5 43 84
7 5 40 38
6 2 39 38
7 5 35 84
3 4 62 86
2 4 56 86
8 5 41 86
6 5 34 77
5 5 42 79
3 5 31 20
1 5 29 22
3 2 27 22
2 5 15 60
3 2 65 59
5 5 11 29
5 2 23 28
5 3 19 29
3 2 74 28
6 2 76 30
5 4 22 30
8 2 72 31
6 5 11 82
2 4 15 81
6 2 22 81
2 4 11 82
4 4 36 83
4 5 30 82
2 5 1 35
4 2 36 37
8 6 74 71
8 6 67 10
1 6 65 7
4 6 65 47
1 6 59 46
2 6 58 59
7 6 53 47
8 2 75 48
1 3 81 29
5 5 86 49
8 6 53 54
4 6 50 92
1 6 47 51
1 6 53 73
7 6 47 92
8 6 43 55
3 6 42 53
3 6 39 82
5 6 38 67
1 6 36 81
2 6 33 53
1 2 34 53
2 6 24 55
6 4 27 56
2 4 22 56
3 2 29 54
4 2 28 54
7 2 28 55
8 2 31 53
8 4 41 53
2 5 29 57
3 6 43 53
6 6 30 57
4 6 23 81
8 4 27 81
8 6 19 72
6 4 32 72
8 4 39 73
6 5 40 70
3 5 61 50
2 6 39 74
4 6 38 71
1 6 14 36
5 2 19 35
4 6 10 54
3 2 14 53
6 2 21 55
7 3 10 54
4 2 21 53
2 2 22 54
3 2 23 55
5 2 21 53
7 3 11 56
1 2 10 56
6 2 12 55
8 2 16 56
4 2 11 55
5 2 10 55
1 2 12 54
7 3 10 55
2 2 9 55
4 4 9 55
3 2 10 55
1 4 29 57
2 6 30 53
1 2 30 52
8 6 10 90
7 4 26 90
5 4 41 90
8 6 35 90
7 6 30 91
8 6 8 11
1 2 9 13
2 4 20 10
6 4 13 10
8 3 55 11
1 5 58 71
7 6 1 40
4 2 16 39
8 2 1 43
3 2 68 10
1 6 70 44
7 7 74 60
4 7 51 58
8 2 50 58
3 7 46 83
4 7 36 47
5 3 82 49
2 7 52 47
1 3 68 48
8 2 67 48
5 4 68 48
6 4 54 48
1 5 73 49
8 5 64 48
3 7 35 84
1 7 33 53
7 7 25 20
3 2 25 21
3 7 25 19
7 7 25 59
8 7 23 41
8 5 44 41
5 6 34 43
2 4 40 43
5 7 64 44
4 7 45 39
6 2 45 40
5 7 22 79
4 6 26 79
8 4 41 79
8 5 42 79
1 7 20 72
7 7 14 68
1 4 65 69
1 4 40 70
3 5 66 49
2 7 30 68
5 7 12 63
3 2 12 63
4 3 13 62
8 2 32 65
6 7 11 58
6 2 12 60
5 2 13 60
2 2 11 61
3 2 15 58
7 2 20 60
3 4 28 57
3 7 21 59
1 5 31 58
3 7 1 93
2 7 51 98
6 8 58 35
4 8 49 91
2 8 45 44
2 8 44 92
4 8 43 11
5 2 46 12
8 8 34 53
2 8 30 16
6 8 28 57
2 8 23 85
7 3 34 86
2 8 15 11
1 2 31 13
8 2 57 12
1 8 10 51
3 2 37 50
6 8 9 11
1 3 19 12
2 3 44 11
1 4 67 70
2 4 39 12
5 5 53 13
2 5 48 13
1 8 22 11
1 3 23 11
2 2 22 11
1 6 30 9
6 9 60 32
5 9 45 64
8 2 62 66
2 2 62 65
3 6 53 64
3 6 48 65
8 8 52 66
7 9 39 78
8 4 46 78
2 9 37 51
5 2 40 50
8 2 35 51
8 3 36 51
2 2 40 49
6 8 57 49
8 4 59 49
8 4 60 49
1 8 59 49
6 8 50 49
8 5 51 50
8 5 52 50
7 9 29 81
1 9 23 53
3 9 20 13
2 2 62 13
8 9 13 88
7 6 37 87
7 2 44 86
7 9 31 88
1 2 43 89
5 10 51 9
3 10 45 51
5 10 43 76
5 10 39 39
5 10 37 85
7 10 36 83
4 10 25 44
7 6 42 46
3 9 62 87
1 11 59 47
5 11 40 31
4 11 15 52
7 2 13 53
6 2 12 53
8 2 12 54
4 12 47 4
1 12 30 68
4 7 43 69
4 11 30 68
5 8 61 70
2 12 11 57
8 2 10 58
8 13 41 39
1 2 38 40
2 13 37 85
5 13 29 41
4 12 35 41
8 13 12 33
4 5 27 36
3 14 46 6
3 14 38 85
6 14 37 50
4 2 36 50
8 5 42 52
8 7 53 51
8 13 47 51
2 15 53 87
7 15 27 58
7 7 31 59
7 15 23 14
1 15 12 55
5 16 54 1
5 17 36 11
7 18 34 43
3 18 16 10
3 11 75 30
1 19 43 50
4 2 44 50
8 19 28 43
4 7 44 46
6 2 43 46
1 21 59 97
4 2 60 99
8 21 7 53
1 23 28 74
4 7 39 78
1 23 14 46
5 25 43 87
8 2 39 88
6 25 3 89
2 3 35 94
4 17 23 90
8 2 23 91
4 6 24 90
8 11 24 90
2 2 23 90
1 21 39 88
8 2 41 89
4 23 37 87
2 2 32 88
7 26 8 31
5 3 14 36
3 5 40 33
5 25 15 37
8 30 1 17
6 2 2 22
1 2 1 17
2 2 1 16
7 7 7 15
5 4 18 16
2 15 12 20
2 8 26 19
5 7 39 18
5 17 48 21
8 11 53 25
8 2 64 25
5 28 23 20
8 16 41 23
7 28 1 17
8 2 3 20
3 2 2 21
6 3 3 22
6 31 28 33
5 2 22 36
7 2 23 34
1 31 23 90
4 32 31 43
1 32 14 40
7 35 26 6
2 2 41 5
1 2 31 6
1 2 40 5
2 2 25 7
4 2 44 9
5 35 1 70
5 2 23 71
2 2 5 78
7 4 15 79
4 2 14 79
7 4 14 79
7 8 18 80
8 12 22 71
4 18 15 79
7 2 25 78
1 2 25 81
8 2 24 78
2 2 25 81
5 2 25 82
2 23 22 71
7 2 21 71
8 24 58 69
2 36 2 47
4 2 2 46
6 2 8 52
2 37 34 67
2 38 41 94
6 2 42 97
8 3 38 97
4 33 39 97
4 38 23 74
1 39 61 92
8 40 27 46
2 2 28 49
6 2 28 50
7 2 27 51
7 40 17 74
1 2 20 77
4 40 13 85
2 2 2 89
6 41 70 26
8 41 36 92
5 2 51 92
7 41 1 93
3 42 1 1
2 2 7 1
4 4 32 4
1 6 58 8
1 44 54 2
8 2 53 4
3 45 4 33
6 2 4 32
7 2 24 33
1 2 24 43
4 18 4 32
7 2 12 36
2 5 12 36
6 5 4 32
3 5 55 31
7 5 23 32
2 42 23 32
7 47 32 26
7 2 55 29
4 47 15 69
6 2 5 72
2 2 10 75
6 48 11 92
4 2 7 99
6 2 10 98
7 2 19 99
2 2 7 100
8 48 2 62
2 2 7 62
1 2 7 63
7 2 8 70
3 2 7 70
8 5 43 65
1 8 34 60
2 12 61 26
1 2 61 26
8 48 1 80
8 2 19 81
5 2 11 82
7 2 5 83
1 2 4 84
7 2 3 86
2 3 2 82
4 2 1 82
6 7 3 80
1 2 5 79
1 2 13 79
3 2 13 80
2 51 3 63
6 53 9 73
7 2 2 74
7 54 33 1
2 2 43 4
5 55 1 55
8 2 1 56
5 57 1 34
4 58 1 7
2 2 2 43
4 3 2 42
2 3 5 43
2 59 10 20
1 2 9 20
1 66 1 22
3 2 15 29
7 67 31 60
2 69 2 91
5 2 23 97
6 2 21 99
3 2 3 91
1 2 2 98
8 2 3 99
4 3 2 98
4 72 14 1
3 2 16 2
6 72 3 22
1 74 12 58
2 2 13 60
5 2 12 59
6 2 11 59
3 2 21 4
8 90 5 78
8 2 6 78
5 2 5 78
1 2 5 84
3 2 3 84
7 2 17 86
4 94 2 56
2 3 2 58
6 2 25 66
5 72 13 60
7 2 18 63
6 2 17 64
4 77 23 92
2 2 24 92
3 2 24 96
3 2 20 93
7 2 23 95
4 133 4 24
5 2 3 24
1 2 3 34
5 2 1 32
1 2 2 25
7 2 4 33
8 2 3 33
3 97 3 32
5 2 5 33
2 3 2 35
1 2 3 36
1 5 3 31
3 180 15 37
5 2 17 42
5 197 7 1
1 2 4 1
6 2 3 19
6 2 2 14
1 2 2 18
7 2 1 15
7 2 1 19
2 3 1 13
8 19 11 1
5 2 17 6
2 2 16 7
2 226 18 22
7 2 3 31
3 2 1 31
1 2 1 30
4 2 4 25
5 236 5 83
2 2 6 90
2 2 3 84
4 2 3 89
6 2 2 85
7 2 1 88
4 2 1 92
3 2 1 94
8 2 8 97
7 275 6 36
3 2 3 44
5 2 2 50
6 2 1 44
6 2 2 44
8 3 2 41
6 2 3 42
3 4 2 50
3 2 3 49
4 2 2 49
2 3 1 49
5 2 2 49
5 4 3 41
8 320 4 57
4 2 3 74
3 2 3 75
7 2 2 59
7 2 2 62
4 2 1 70
5 3 2 69
1 3 2 73
2 2 2 72
6 3 1 65
1 2 1 67
7 2 2 66
6 2 2 74
8 498 4 2
4 2 9 1
5 2 8 10
5 2 7 16
5 2 7 19
2 2 5 9
7 2 4 8
4 2 4 13
3 2 3 2
5 2 5 2
2 2 3 6
6 2 4 6
6 2 3 10
7 2 2 6
3 2 2 11
5 2 4 6
4 4 3 20
7 2 2 22
2 7 2 18
7 2 2 18
7 3 4 13
5 31 7 64
