19342
3684
5 2 89 5
4 2 89 14
4 2 89 26
6 2 89 32
4 2 89 44
2 2 89 51
6 2 89 55
5 2 89 87
4 2 89 103
2 2 89 105
6 2 88 23
5 2 87 9
5 2 87 81
8 2 87 94
2 2 85 31
2 2 86 30
4 2 85 30
5 2 87 29
2 2 80 55
6 2 68 26
7 2 84 26
8 2 88 27
5 2 86 27
6 2 85 28
6 2 79 26
4 2 81 26
3 2 85 27
5 2 76 26
1 2 84 27
1 2 75 26
7 2 78 27
1 2 71 26
8 2 80 27
2 2 81 28
5 2 79 27
6 2 74 25
6 2 85 23
3 2 72 27
6 2 78 28
5 2 80 29
1 2 77 28
7 2 80 29
8 2 77 29
1 2 78 30
7 2 80 31
6 2 85 32
2 2 83 33
5 2 87 33
3 2 88 34
2 2 86 33
4 2 85 34
8 2 84 32
5 2 77 31
5 2 76 28
8 2 74 28
5 2 70 26
6 2 74 26
2 2 68 44
8 2 88 45
2 2 86 45
8 2 82 45
1 2 86 44
4 2 85 46
5 2 85 45
5 2 81 45
4 2 79 45
7 2 80 44
3 2 78 43
7 2 88 42
4 2 80 42
2 2 76 45
6 2 81 46
4 2 86 47
8 2 87 48
6 2 85 47
1 2 84 47
3 2 84 47
5 2 75 45
7 2 74 45
1 2 76 45
8 2 80 46
7 2 78 46
4 2 80 47
3 2 79 48
2 2 81 48
2 2 87 49
7 2 87 50
5 2 86 49
1 2 82 49
1 2 84 50
5 2 85 51
4 2 88 52
8 2 88 53
5 2 83 50
4 2 82 51
6 2 74 45
4 2 73 43
5 2 84 42
5 2 72 44
6 2 81 43
1 2 80 43
3 2 78 43
5 2 78 42
4 2 85 41
3 2 88 40
6 2 85 40
7 2 88 39
7 2 84 41
2 2 84 42
3 2 82 41
4 2 82 40
2 2 83 40
8 2 83 40
1 2 82 41
2 2 79 41
3 2 72 44
2 2 75 43
7 2 76 42
3 2 75 42
8 2 76 42
4 2 76 43
5 2 75 43
6 2 74 44
5 2 71 45
6 2 71 46
6 2 75 47
6 2 80 48
6 2 77 48
4 2 76 48
3 2 81 49
4 2 74 47
8 2 78 49
4 2 77 49
3 2 75 46
8 2 68 45
2 2 66 47
7 2 68 48
5 2 72 47
5 2 74 49
5 2 73 47
8 2 73 48
7 2 72 48
4 2 68 49
1 2 78 50
6 2 74 50
7 2 79 51
1 2 78 51
8 2 75 51
6 2 85 52
7 2 86 53
3 2 85 53
6 2 85 54
4 2 84 53
8 2 77 52
4 2 77 53
8 2 85 54
3 2 76 50
6 2 76 54
1 2 78 53
5 2 77 53
7 2 74 51
1 2 73 50
5 2 64 55
3 2 80 56
6 2 87 57
8 2 77 54
3 2 79 54
1 2 78 54
1 2 79 55
7 2 86 56
4 2 85 57
5 2 84 56
8 2 84 57
3 2 85 58
3 2 83 56
2 2 81 56
5 2 78 56
1 2 79 56
8 2 62 46
7 2 62 89
3 2 82 88
6 2 88 87
1 2 87 88
5 2 87 89
2 2 87 90
8 2 85 89
4 2 86 90
1 2 85 91
3 2 85 91
6 2 85 90
6 2 75 88
8 2 78 89
4 2 81 88
2 2 83 90
5 2 79 90
2 2 81 89
6 2 81 91
6 2 83 92
1 2 84 93
2 2 85 94
1 2 86 95
8 2 76 89
6 2 80 88
3 2 75 89
1 2 74 89
8 2 66 88
6 2 60 5
7 2 74 4
4 2 70 5
4 2 88 6
4 2 85 6
1 2 89 8
7 2 83 4
2 2 87 3
6 2 83 3
1 2 82 5
2 2 81 4
3 2 63 3
7 2 83 2
2 2 84 1
1 2 73 2
6 2 75 1
7 2 68 2
7 2 79 3
5 2 80 4
1 2 78 3
3 2 77 1
4 2 78 3
3 2 72 1
2 2 71 1
1 2 74 2
8 2 75 3
4 2 74 1
2 2 74 3
2 2 69 1
3 2 64 3
3 2 65 2
3 2 63 6
5 2 76 6
8 2 79 7
5 2 83 6
1 2 85 7
6 2 81 6
1 2 81 7
4 2 82 8
1 2 86 9
3 2 78 7
6 2 79 7
7 2 82 8
3 2 81 8
6 2 82 9
2 2 80 8
8 2 79 7
4 2 78 7
3 2 76 7
2 2 76 8
3 2 76 9
2 2 75 5
1 2 71 6
5 2 70 6
7 2 72 6
3 2 71 5
8 2 74 6
4 2 69 7
7 2 69 7
6 2 75 8
1 2 75 9
4 2 76 10
8 2 75 10
6 2 75 10
2 2 71 8
5 2 74 9
8 2 70 8
7 2 68 5
6 2 68 8
3 2 68 7
3 2 67 5
1 2 74 5
2 2 55 4
6 2 65 3
4 2 63 4
2 2 64 3
5 2 68 4
3 2 67 4
8 2 68 3
4 2 60 3
3 2 52 35
6 2 87 36
1 2 85 36
7 2 86 37
7 2 73 36
1 2 86 35
8 2 71 36
3 2 84 35
5 2 84 37
8 2 83 38
4 2 82 38
8 2 82 38
2 2 83 37
2 2 81 37
7 2 75 37
3 2 80 36
2 2 81 35
4 2 80 36
2 2 71 37
1 2 69 36
5 2 77 37
7 2 78 38
4 2 76 37
6 2 67 36
7 2 66 34
8 2 51 36
2 2 65 36
4 2 70 37
1 2 69 37
6 2 68 37
6 2 72 38
5 2 79 39
1 2 73 39
7 2 73 40
5 2 67 38
6 2 51 36
8 2 62 35
1 2 66 34
2 2 67 33
4 2 65 34
7 2 71 33
7 2 83 31
2 2 82 32
7 2 81 33
5 2 70 33
2 2 69 33
3 2 40 49
3 2 64 49
2 2 66 50
1 2 61 48
8 2 63 49
1 2 64 50
5 2 61 49
5 2 52 48
4 2 64 47
2 2 72 46
6 2 62 48
8 2 58 49
6 2 62 50
4 2 61 50
3 2 60 48
2 2 60 50
1 2 59 49
6 2 59 50
6 2 63 50
1 2 61 50
3 2 61 51
7 2 78 52
4 2 73 52
1 2 76 52
4 2 75 52
3 2 74 52
2 2 75 52
7 2 72 52
3 2 72 53
5 2 67 52
2 2 66 52
2 2 60 50
8 2 60 50
2 2 57 50
3 2 57 49
3 2 53 48
6 2 58 47
1 2 70 46
8 2 70 45
1 2 65 46
8 2 59 46
6 2 60 45
3 2 57 47
5 2 58 46
1 2 52 47
8 2 53 46
5 2 52 46
5 2 54 47
4 2 55 49
3 2 52 45
4 2 58 44
3 2 73 43
6 2 52 49
5 2 40 48
3 2 50 49
6 2 55 50
7 2 50 48
4 2 49 50
7 2 53 50
6 2 56 51
8 2 49 50
4 2 57 51
8 2 68 52
7 2 50 51
1 2 67 52
2 2 57 52
4 2 59 53
8 2 58 53
8 2 59 53
7 2 60 53
6 2 57 53
1 2 56 52
4 2 57 53
1 2 57 54
2 2 55 53
7 2 56 52
2 2 49 49
5 2 47 49
6 2 41 47
3 2 50 46
6 2 46 46
8 2 57 45
2 2 59 44
7 2 69 43
3 2 68 43
8 2 69 42
8 2 72 41
5 2 72 40
2 2 76 39
6 2 75 39
1 2 74 39
8 2 64 44
5 2 47 45
7 2 48 44
7 2 61 43
6 2 60 44
3 2 59 43
4 2 67 42
1 2 70 41
3 2 60 43
2 2 61 42
7 2 69 41
6 2 68 42
2 2 67 42
2 2 65 41
7 2 73 40
8 2 64 41
3 2 70 40
5 2 69 41
8 2 67 40
1 2 60 42
6 2 44 48
8 2 45 49
1 2 48 50
4 2 44 47
8 2 46 46
2 2 45 46
3 2 41 48
2 2 42 47
8 2 51 46
8 2 49 47
8 2 46 46
4 2 52 47
3 2 51 47
5 2 51 48
2 2 46 47
1 2 46 47
7 2 47 46
7 2 41 49
8 2 40 48
6 2 42 47
2 2 42 48
8 2 38 48
5 2 43 47
2 2 42 48
1 2 41 49
3 2 38 48
6 2 37 49
5 2 38 49
5 2 35 9
3 2 62 9
8 2 71 10
4 2 76 11
6 2 62 10
2 2 63 11
1 2 69 10
8 2 70 9
7 2 69 11
8 2 65 12
1 2 84 13
8 2 87 14
5 2 87 15
7 2 72 13
6 2 84 14
5 2 68 11
4 2 61 11
4 2 70 10
3 2 56 8
5 2 61 10
4 2 56 7
5 2 60 8
7 2 65 7
2 2 64 7
1 2 64 6
8 2 63 6
5 2 63 7
4 2 60 9
4 2 58 8
5 2 49 9
2 2 60 10
7 2 59 10
2 2 63 11
6 2 68 11
7 2 67 11
3 2 43 8
8 2 41 9
1 2 55 9
7 2 60 8
6 2 59 8
5 2 56 9
2 2 47 10
5 2 65 11
2 2 65 12
1 2 62 11
3 2 63 12
4 2 77 13
7 2 81 14
6 2 64 13
3 2 80 14
6 2 62 12
1 2 55 11
5 2 56 12
4 2 72 13
2 2 79 15
4 2 58 13
4 2 54 11
4 2 52 11
2 2 57 12
7 2 58 13
7 2 51 11
8 2 55 10
5 2 40 8
1 2 53 7
7 2 34 104
8 2 77 104
5 2 83 103
4 2 85 102
2 2 88 101
1 2 78 103
8 2 83 102
6 2 70 103
4 2 68 103
2 2 73 102
5 2 68 102
8 2 74 103
4 2 71 103
8 2 70 104
8 2 79 104
3 2 87 105
3 2 67 103
6 2 77 104
1 2 78 105
3 2 68 104
7 2 74 105
7 2 83 106
8 2 67 102
1 2 63 103
6 2 65 103
5 2 65 102
8 2 82 101
1 2 65 102
8 2 74 101
7 2 65 103
8 2 62 103
3 2 67 102
8 2 65 103
7 2 59 103
7 2 72 104
1 2 79 105
4 2 54 104
5 2 64 105
6 2 80 106
1 2 81 107
8 2 80 106
4 2 77 105
3 2 77 106
3 2 83 107
7 2 83 107
5 2 83 108
8 2 83 109
4 2 82 108
5 2 76 106
8 2 78 106
3 2 62 105
3 2 73 106
5 2 78 107
6 2 82 110
1 2 82 109
2 2 81 108
7 2 75 107
7 2 81 108
3 2 80 109
3 2 55 103
4 2 60 103
3 2 48 103
3 2 58 104
1 2 55 104
6 2 55 104
3 2 59 105
5 2 71 106
4 2 73 106
2 2 54 104
8 2 63 105
3 2 62 106
1 2 63 106
1 2 66 106
5 2 51 104
7 2 57 105
3 2 50 102
4 2 58 105
5 2 60 106
7 2 72 107
1 2 75 108
6 2 59 101
1 2 72 100
5 2 78 109
5 2 69 100
6 2 70 99
1 2 73 98
5 2 72 99
7 2 83 97
8 2 80 99
6 2 79 100
8 2 69 100
4 2 68 100
2 2 59 107
1 2 71 108
8 2 77 109
2 2 63 105
8 2 50 103
7 2 51 102
1 2 63 101
6 2 66 100
3 2 74 99
5 2 66 99
4 2 77 98
3 2 79 97
8 2 79 97
6 2 78 97
5 2 77 97
2 2 76 99
5 2 60 101
1 2 53 101
8 2 54 100
8 2 51 104
6 2 57 105
4 2 47 103
7 2 46 104
6 2 49 105
6 2 45 105
6 2 54 105
2 2 33 7
2 2 60 6
6 2 52 6
8 2 53 5
8 2 51 6
7 2 46 6
6 2 51 6
5 2 62 5
7 2 38 9
5 2 42 10
2 2 52 11
2 2 64 12
1 2 45 11
1 2 41 10
7 2 43 11
5 2 50 13
8 2 71 13
5 2 48 12
1 2 49 12
6 2 69 13
4 2 75 14
7 2 67 13
2 2 17 76
2 2 83 96
4 2 81 76
7 2 82 75
7 2 83 75
5 2 79 76
1 2 84 77
1 2 82 77
2 2 81 77
7 2 80 77
2 2 73 75
4 2 62 75
8 2 75 76
6 2 78 76
1 2 76 76
4 2 76 75
8 2 78 77
2 2 76 74
5 2 69 77
4 2 73 76
5 2 73 77
3 2 73 77
3 2 63 75
4 2 82 74
6 2 82 74
7 2 77 73
7 2 81 72
8 2 82 71
6 2 85 71
1 2 75 74
5 2 70 74
3 2 80 74
6 2 73 74
7 2 66 74
3 2 72 74
5 2 71 74
7 2 71 74
8 2 70 76
7 2 68 73
7 2 78 72
2 2 80 72
4 2 75 72
5 2 82 71
8 2 81 72
8 2 71 72
2 2 71 72
8 2 66 73
7 2 77 72
1 2 65 73
1 2 70 73
4 2 70 73
6 2 73 72
1 2 70 76
5 2 69 73
4 2 73 71
1 2 82 70
5 2 75 71
3 2 74 70
2 2 85 69
6 2 85 69
1 2 74 72
5 2 72 71
4 2 76 70
2 2 69 74
8 2 69 74
4 2 69 75
4 2 45 75
1 2 62 74
4 2 56 76
4 2 64 77
7 2 72 72
8 2 71 78
1 2 73 79
3 2 74 80
4 2 75 80
1 2 83 81
7 2 87 79
3 2 79 81
3 2 77 79
6 2 74 80
7 2 46 74
3 2 68 73
6 2 67 73
4 2 68 72
6 2 63 73
8 2 62 73
7 2 61 73
1 2 63 72
3 2 38 75
1 2 58 74
6 2 53 74
5 2 61 72
3 2 60 73
6 2 51 75
8 2 55 74
1 2 44 76
1 2 63 77
3 2 62 77
8 2 75 78
4 2 48 77
1 2 76 78
8 2 75 78
4 2 74 78
6 2 68 78
2 2 71 79
3 2 65 76
3 2 63 77
2 2 63 78
5 2 59 77
8 2 71 78
7 2 70 78
4 2 63 78
1 2 62 78
1 2 54 78
7 2 43 74
3 2 53 73
2 2 42 75
5 2 41 74
2 2 55 73
2 2 52 73
7 2 51 73
7 2 45 73
4 2 45 74
1 2 44 73
5 2 49 74
8 2 44 75
6 2 41 75
8 2 41 76
6 2 41 76
7 2 51 78
3 2 40 75
8 2 16 3
8 2 44 2
1 2 58 4
7 2 66 4
2 2 46 1
7 2 45 3
4 2 43 2
3 2 43 2
1 2 61 1
4 2 55 4
7 2 53 1
2 2 43 4
5 2 59 3
6 2 58 4
2 2 57 3
6 2 48 6
7 2 43 5
4 2 56 4
3 2 49 5
2 2 42 2
7 2 47 1
4 2 42 5
6 2 41 3
4 2 33 2
5 2 45 1
5 2 45 4
2 2 44 1
8 2 40 2
3 2 57 1
5 2 56 1
1 2 53 3
3 2 52 3
8 2 52 4
5 2 32 3
6 2 46 3
1 2 43 3
6 2 44 5
7 2 47 6
5 2 43 6
6 2 45 6
6 2 47 5
1 2 37 3
1 2 45 3
4 2 39 4
5 2 46 5
8 2 33 3
3 2 34 2
4 2 34 4
2 2 34 5
7 2 28 4
2 2 31 5
1 2 31 6
5 2 47 7
4 2 30 5
8 2 42 6
3 2 35 4
3 2 27 2
2 2 25 2
6 2 26 3
4 2 39 2
8 2 42 1
7 2 38 3
3 2 27 4
6 2 27 5
1 2 40 6
3 2 51 8
3 2 53 9
2 2 23 4
8 2 25 3
7 2 22 2
7 2 57 1
1 2 29 1
4 2 21 3
3 2 13 73
8 2 48 73
7 2 38 73
5 2 46 74
4 2 45 75
1 2 38 73
3 2 45 73
6 2 44 73
5 2 43 73
4 2 37 73
2 2 29 74
1 2 52 75
1 2 13 72
7 2 59 71
6 2 71 80
4 2 70 80
3 2 68 70
7 2 76 70
4 2 75 71
5 2 75 70
8 2 71 69
4 2 78 68
7 2 81 69
4 2 79 68
6 2 82 67
4 2 82 67
1 2 73 70
8 2 74 68
2 2 73 68
6 2 62 70
2 2 67 69
5 2 76 69
3 2 69 68
3 2 72 70
2 2 70 67
5 2 78 66
1 2 79 65
8 2 74 66
4 2 86 65
8 2 82 65
1 2 80 65
6 2 78 65
8 2 78 66
2 2 78 68
7 2 77 68
3 2 73 66
3 2 80 66
6 2 77 66
3 2 76 67
8 2 61 71
2 2 59 70
8 2 59 69
2 2 63 68
6 2 56 70
6 2 59 72
5 2 55 71
1 2 65 70
7 2 67 70
7 2 64 70
5 2 38 71
2 2 34 71
2 2 44 70
1 2 63 69
6 2 68 68
5 2 68 67
5 2 78 66
7 2 72 67
6 2 73 66
1 2 72 67
4 2 64 69
4 2 58 71
6 2 59 70
4 2 49 69
3 2 71 68
7 2 61 68
7 2 69 67
6 2 70 66
4 2 74 65
1 2 76 64
5 2 75 64
3 2 79 65
7 2 72 65
1 2 72 64
8 2 69 67
5 2 61 67
5 2 62 66
4 2 70 65
6 2 76 64
3 2 69 66
5 2 58 68
5 2 56 68
4 2 66 67
8 2 59 67
2 2 61 66
7 2 56 68
2 2 63 68
1 2 56 67
3 2 55 69
5 2 52 67
7 2 43 70
7 2 47 70
2 2 46 69
8 2 43 70
3 2 56 71
5 2 34 72
2 2 41 71
7 2 22 71
2 2 31 72
2 2 34 73
1 2 25 70
6 2 28 69
6 2 35 68
2 2 37 67
6 2 61 66
1 2 61 65
8 2 62 64
2 2 73 64
5 2 73 63
5 2 82 63
7 2 81 63
6 2 50 66
8 2 43 66
2 2 52 67
6 2 54 66
5 2 49 65
7 2 50 64
6 2 74 62
8 2 81 61
1 2 85 60
6 2 68 63
5 2 80 62
7 2 83 61
4 2 84 60
4 2 83 61
5 2 82 61
8 2 81 62
4 2 80 64
1 2 79 63
6 2 79 63
3 2 72 63
1 2 68 62
1 2 80 61
3 2 80 61
7 2 80 60
4 2 52 63
5 2 62 62
1 2 80 61
2 2 80 60
3 2 72 62
1 2 64 61
8 2 63 62
6 2 65 61
3 2 65 60
5 2 77 59
3 2 76 60
7 2 82 58
5 2 65 61
8 2 66 62
6 2 61 62
3 2 69 63
2 2 64 62
5 2 68 61
8 2 75 60
4 2 77 59
1 2 74 60
8 2 74 60
6 2 57 62
3 2 63 63
5 2 66 64
5 2 60 61
6 2 62 62
8 2 61 60
4 2 61 63
1 2 58 61
7 2 60 63
6 2 61 63
8 2 60 63
3 2 56 63
4 2 53 62
1 2 55 61
2 2 58 60
7 2 72 59
3 2 54 61
2 2 53 61
4 2 58 60
8 2 31 68
7 2 35 67
3 2 41 66
5 2 46 65
5 2 37 66
3 2 48 66
7 2 45 67
2 2 48 69
8 2 56 69
5 2 39 65
1 2 41 64
8 2 54 65
8 2 46 65
4 2 55 64
5 2 55 63
1 2 54 64
6 2 53 64
2 2 53 64
1 2 52 64
1 2 37 65
6 2 43 64
4 2 42 64
7 2 36 67
4 2 31 67
2 2 44 66
1 2 43 66
6 2 40 68
4 2 49 68
1 2 49 69
2 2 42 67
4 2 41 67
2 2 39 68
3 2 41 68
3 2 42 67
5 2 33 68
5 2 29 68
4 2 34 67
8 2 33 67
3 2 33 68
1 2 32 67
8 2 30 67
2 2 30 68
6 2 29 69
2 2 29 69
4 2 31 70
6 2 46 69
1 2 45 69
8 2 45 69
7 2 31 71
1 2 30 69
3 2 29 70
5 2 29 69
8 2 28 70
3 2 46 70
4 2 35 70
3 2 23 72
8 2 31 73
7 2 39 74
7 2 51 76
4 2 22 72
6 2 29 71
2 2 19 71
2 2 25 71
8 2 24 70
6 2 16 73
1 2 27 74
5 2 27 75
5 2 30 76
1 2 40 77
6 2 34 77
4 2 56 76
2 2 55 76
1 2 54 77
7 2 56 77
5 2 55 77
4 2 54 78
6 2 53 77
2 2 39 76
3 2 40 77
2 2 53 78
1 2 53 79
7 2 81 81
8 2 77 80
4 2 67 80
8 2 61 80
5 2 70 81
5 2 82 58
1 2 67 81
3 2 52 80
5 2 41 78
4 2 36 78
8 2 52 80
1 2 64 81
3 2 80 82
2 2 79 82
6 2 81 83
2 2 86 83
8 2 80 84
1 2 80 83
4 2 80 82
6 2 80 83
1 2 60 81
4 2 60 82
6 2 66 83
8 2 77 82
2 2 66 84
8 2 86 85
2 2 87 85
1 2 85 86
2 2 82 84
2 2 81 85
8 2 82 86
5 2 80 85
4 2 80 84
5 2 81 87
2 2 80 87
4 2 82 86
2 2 74 85
6 2 63 83
7 2 77 82
4 2 62 84
4 2 74 84
5 2 71 83
6 2 76 82
5 2 75 82
3 2 56 81
4 2 70 80
4 2 54 81
2 2 70 80
7 2 52 81
7 2 66 80
7 2 58 82
3 2 59 82
2 2 59 83
8 2 74 84
1 2 73 84
7 2 75 85
2 2 71 84
7 2 72 85
3 2 76 86
2 2 75 86
1 2 74 86
5 2 75 87
3 2 67 84
7 2 59 84
4 2 66 83
6 2 55 82
3 2 66 81
1 2 57 83
1 2 48 79
6 2 40 79
2 2 42 80
5 2 52 82
3 2 53 82
3 2 55 81
2 2 64 82
7 2 54 82
1 2 51 82
5 2 57 82
7 2 61 83
2 2 56 83
4 2 62 83
1 2 56 83
3 2 52 82
2 2 51 82
5 2 54 83
4 2 56 84
7 2 62 85
3 2 58 85
6 2 68 86
8 2 53 83
4 2 51 83
8 2 50 84
1 2 48 81
1 2 50 82
4 2 47 81
2 2 57 85
5 2 47 81
7 2 39 80
4 2 48 79
5 2 38 80
3 2 35 79
7 2 33 77
7 2 31 77
1 2 34 78
8 2 34 79
6 2 31 78
1 2 30 78
3 2 28 76
8 2 27 76
3 2 24 74
5 2 23 74
4 2 26 75
8 2 21 74
3 2 20 75
1 2 26 75
3 2 26 75
6 2 20 74
6 2 21 75
5 2 17 74
4 2 15 74
2 2 16 74
4 2 12 69
3 2 16 75
2 2 20 68
1 2 21 67
5 2 24 76
6 2 26 77
4 2 27 66
3 2 36 65
2 2 35 66
3 2 34 65
8 2 29 78
2 2 35 78
2 2 39 65
8 2 42 79
3 2 48 64
4 2 32 78
2 2 25 77
8 2 25 77
6 2 33 78
4 2 33 79
3 2 20 68
6 2 21 69
6 2 23 70
2 2 19 74
1 2 11 69
4 2 21 69
8 2 20 69
1 2 20 68
8 2 17 68
6 2 19 69
6 2 18 67
6 2 21 66
8 2 21 66
3 2 24 65
7 2 25 65
2 2 26 64
8 2 31 65
8 2 34 65
8 2 24 65
6 2 28 65
7 2 23 67
8 2 10 69
2 2 16 68
2 2 1 44
8 2 44 45
7 2 31 43
8 2 41 44
2 2 55 43
2 2 41 43
7 2 57 42
6 2 57 41
4 2 56 42
8 2 52 43
4 2 43 43
8 2 52 43
5 2 53 44
5 2 47 43
4 2 40 45
6 2 38 44
1 2 46 43
8 2 54 42
2 2 45 43
3 2 39 43
1 2 33 42
2 2 31 45
7 2 29 65
6 2 40 63
1 2 53 44
1 2 19 43
1 2 39 42
5 2 52 41
6 2 56 40
4 2 55 62
8 2 54 40
7 2 48 41
7 2 44 41
5 2 38 43
5 2 42 41
4 2 36 42
6 2 37 41
5 2 56 40
7 2 66 39
2 2 66 39
2 2 48 40
8 2 65 39
4 2 65 39
1 2 56 40
5 2 53 39
4 2 56 40
6 2 58 39
4 2 59 39
2 2 44 41
7 2 52 40
4 2 52 40
1 2 41 40
4 2 38 41
2 2 45 40
6 2 49 39
6 2 47 40
7 2 48 39
3 2 51 39
3 2 36 42
8 2 36 43
5 2 29 42
4 2 17 43
2 2 33 44
3 2 36 45
4 2 29 42
6 2 26 44
8 2 19 45
3 2 40 46
6 2 33 46
2 2 29 41
1 2 34 46
6 2 36 47
6 2 32 42
4 2 34 41
6 2 28 46
7 2 31 40
5 2 47 39
6 2 49 39
4 2 37 48
1 2 31 47
7 2 23 46
2 2 27 47
7 2 34 48
4 2 29 48
2 2 29 48
3 2 28 49
1 2 29 49
3 2 26 47
7 2 34 46
1 2 33 46
8 2 29 46
6 2 34 45
7 2 30 45
5 2 36 45
1 2 31 44
5 2 31 45
8 2 30 44
5 2 28 46
8 2 14 43
5 2 22 42
6 2 25 41
8 2 24 41
8 2 32 40
4 2 34 39
8 2 37 40
3 2 44 39
7 2 41 40
6 2 36 41
2 2 33 39
3 2 32 40
1 2 24 40
2 2 31 39
3 2 56 38
2 2 56 38
4 2 35 40
5 2 30 41
4 2 26 42
6 2 29 41
8 2 26 41
3 2 27 42
4 2 25 40
5 2 23 40
7 2 33 39
8 2 32 40
2 2 21 42
7 2 21 43
1 2 24 43
4 2 25 44
3 2 21 43
2 2 25 44
4 2 21 42
4 2 22 43
5 2 15 44
7 2 18 45
4 2 26 46
1 2 16 45
4 2 21 46
6 2 23 47
8 2 16 46
4 2 15 46
2 2 23 46
5 2 15 47
7 2 14 45
4 2 59 38
4 3 77 55
6 3 75 26
7 3 75 101
8 3 73 87
3 3 71 35
2 3 66 15
5 3 66 85
4 2 64 86
6 3 68 85
7 3 64 60
6 3 60 52
6 3 59 12
1 3 61 12
5 3 57 14
5 2 66 14
7 2 69 15
2 2 70 15
1 2 63 15
4 2 79 16
8 2 78 16
5 2 77 16
5 2 67 16
2 2 77 16
6 2 79 16
4 2 76 16
1 2 65 16
5 2 71 15
8 2 70 15
1 2 68 15
4 2 67 17
5 2 67 18
2 2 78 17
8 2 73 19
2 2 83 20
7 2 84 20
3 2 78 19
1 2 83 18
4 2 82 20
6 2 77 19
7 2 72 19
2 2 80 20
5 2 79 20
6 2 79 21
1 2 78 20
8 2 78 19
5 2 74 20
1 2 66 18
3 2 67 18
3 2 74 20
4 2 80 18
6 2 69 19
4 2 66 18
5 2 68 19
2 2 81 21
2 3 76 18
5 3 68 13
8 3 57 54
8 3 56 79
7 3 56 84
3 3 56 84
1 3 55 80
1 3 53 84
4 3 46 2
6 3 46 64
2 3 40 6
7 3 40 50
3 2 39 50
5 3 40 109
4 2 67 109
1 2 63 109
6 2 59 108
6 2 55 108
5 2 62 108
6 2 67 109
2 2 68 108
5 2 67 109
5 2 65 109
3 2 55 107
4 2 50 108
8 2 70 107
8 2 55 107
8 2 61 109
4 2 51 107
5 2 55 106
1 2 55 108
7 2 54 109
7 2 53 106
3 2 50 107
7 2 74 110
1 3 39 71
6 3 43 72
6 3 37 2
6 2 43 1
2 3 37 77
8 3 35 38
3 2 36 37
2 2 37 37
2 2 39 35
7 2 64 34
4 2 66 33
3 2 65 34
7 3 55 35
5 2 55 35
3 2 54 36
8 2 60 34
1 3 34 70
2 3 34 78
5 3 33 71
7 2 33 71
2 3 32 44
8 3 34 45
3 2 33 45
2 3 31 75
4 3 30 71
4 3 30 73
7 3 28 50
5 2 47 51
2 2 48 52
6 2 51 52
6 2 45 51
1 2 49 52
8 2 48 52
3 2 49 52
3 2 50 51
4 2 46 51
6 2 46 52
4 2 46 53
3 2 56 54
8 3 63 56
2 2 65 57
6 2 80 58
5 2 65 58
2 2 64 59
5 2 76 58
7 2 77 58
7 2 68 58
1 2 75 58
7 2 75 58
7 3 65 59
5 3 66 59
5 3 27 44
5 3 25 101
6 2 52 101
2 2 58 100
4 2 59 99
7 2 57 101
1 2 41 101
3 2 69 98
5 2 69 100
6 2 55 100
4 2 65 99
4 2 51 100
8 2 69 99
5 2 73 98
4 2 73 97
3 2 40 101
3 2 50 100
6 2 54 99
3 2 56 100
4 2 51 102
3 2 50 102
6 2 43 100
7 2 49 101
4 2 49 102
8 2 42 100
1 2 53 99
4 2 38 101
2 2 40 100
5 2 41 99
7 2 40 100
3 2 42 98
6 2 52 97
4 2 80 96
3 2 80 96
2 2 78 96
1 2 56 96
7 2 61 96
1 2 72 95
3 2 82 94
7 2 73 96
8 2 81 95
8 2 75 97
7 2 74 98
1 2 73 98
5 2 73 97
2 2 71 95
2 2 76 94
5 2 79 93
8 2 69 95
6 2 66 97
7 2 68 96
5 2 65 98
3 2 70 97
2 2 69 97
8 2 45 97
2 2 51 98
4 2 63 97
3 2 51 97
5 2 64 96
3 2 74 95
4 2 76 93
2 2 77 92
6 2 77 93
2 2 60 98
5 2 55 96
2 2 65 95
4 2 74 94
7 2 75 93
3 2 71 94
7 2 72 94
5 2 66 95
5 2 71 94
8 2 70 94
8 2 55 95
3 2 48 96
3 2 61 95
2 2 61 94
5 2 68 93
6 2 67 94
4 2 69 93
8 2 61 97
6 2 57 96
5 2 50 95
8 2 59 94
4 2 53 95
6 2 53 94
1 2 53 93
5 2 64 92
6 2 72 91
7 2 71 92
5 2 54 94
6 2 65 94
5 2 58 93
4 2 66 91
7 2 66 90
1 2 74 91
2 2 55 93
5 2 70 92
7 2 64 92
3 2 71 92
7 2 55 95
8 2 54 93
8 2 67 92
2 2 58 92
6 2 62 92
4 2 56 92
2 2 62 91
8 2 61 91
2 2 60 93
5 2 59 91
3 2 59 93
7 2 58 93
6 2 56 92
8 2 58 94
7 2 55 93
4 2 53 94
1 2 54 93
8 2 54 95
1 2 53 96
6 2 47 96
8 2 47 97
4 2 48 97
8 2 50 98
7 2 49 99
4 2 41 98
5 2 40 98
2 2 47 98
6 2 45 97
1 2 47 96
4 2 44 97
7 2 53 97
6 2 49 96
5 2 38 102
6 2 37 102
5 2 51 102
2 2 50 103
8 2 46 102
4 2 45 102
2 2 46 103
1 2 34 103
8 2 62 91
7 2 61 92
2 2 67 90
4 2 71 89
5 2 70 89
6 3 61 93
6 3 59 95
6 3 56 96
5 3 43 103
1 3 40 98
7 2 39 99
6 3 40 97
7 2 43 96
2 2 47 96
8 2 42 96
1 3 32 101
2 2 33 101
3 2 35 102
4 2 37 100
7 2 34 100
4 2 33 100
2 2 43 103
8 3 35 99
3 2 36 98
6 3 35 98
5 2 39 97
7 2 47 98
3 3 47 97
1 2 46 99
6 3 24 40
7 2 31 39
1 2 42 38
1 2 22 41
3 2 64 37
7 2 63 37
4 3 48 39
4 2 51 38
6 3 31 38
1 2 33 37
5 2 46 36
3 3 23 39
7 2 27 38
8 2 22 39
8 2 26 38
8 2 24 39
4 2 25 38
8 2 52 37
4 3 23 47
7 3 21 3
1 3 21 67
7 3 23 68
5 3 20 71
2 3 19 43
1 3 19 53
6 2 53 54
6 2 55 55
3 2 52 54
1 2 48 54
1 2 51 55
8 2 53 56
5 2 39 54
7 2 48 53
8 2 44 55
5 2 47 55
8 2 48 56
5 2 59 56
1 2 63 57
6 2 66 58
2 2 65 59
6 2 65 59
8 2 66 58
1 2 51 57
7 2 55 58
6 2 61 57
5 2 57 59
6 2 55 59
3 2 62 58
1 2 53 56
5 2 61 59
3 2 59 57
6 2 53 57
8 2 56 56
3 2 47 56
3 2 44 54
1 2 43 52
5 2 48 51
2 2 43 55
7 2 43 54
5 2 41 55
4 2 44 54
3 2 41 56
2 2 49 57
2 2 40 55
6 2 48 56
5 2 50 57
7 2 39 55
2 2 41 56
5 2 55 57
1 2 37 53
8 2 38 54
6 2 40 56
7 2 36 53
3 2 34 53
6 2 26 54
8 2 32 55
5 2 41 53
4 2 30 53
8 2 29 54
8 2 39 53
6 2 38 53
2 2 36 53
1 2 35 53
3 2 34 53
6 2 34 54
1 2 38 55
3 2 39 56
2 2 41 57
8 2 57 57
4 2 42 57
4 2 39 57
2 2 43 58
6 2 52 58
7 2 39 56
2 2 37 56
3 2 33 55
2 2 31 53
1 2 26 53
7 2 24 55
2 2 28 56
5 2 40 58
1 2 51 58
5 2 38 57
7 2 38 57
6 2 34 57
2 2 33 57
1 2 48 56
4 2 48 59
1 2 24 54
2 2 23 56
8 2 33 56
2 2 19 52
7 2 42 51
3 2 33 58
1 2 32 58
8 2 36 58
6 2 40 59
8 2 52 60
3 2 46 60
6 2 45 59
1 2 39 59
2 2 44 59
2 3 42 51
5 3 41 52
8 3 37 58
2 2 37 59
7 2 43 60
4 2 39 60
7 2 37 60
1 2 42 61
2 2 39 61
3 2 37 60
2 2 41 61
4 2 36 59
1 2 36 59
8 2 51 62
8 3 35 55
6 3 16 43
7 3 10 60
1 2 38 60
4 2 37 60
8 2 37 60
3 2 14 60
2 2 31 59
7 2 36 61
5 2 38 62
4 2 37 63
4 2 36 61
3 2 35 61
5 2 32 60
6 2 26 59
5 2 24 61
6 2 30 60
7 2 29 60
5 2 26 62
3 2 35 62
3 2 17 61
8 2 25 62
2 2 36 62
2 2 38 63
5 2 37 63
1 2 25 61
2 2 19 62
6 2 16 60
7 2 16 62
7 2 19 61
3 2 23 63
4 2 16 62
2 2 16 61
5 2 16 60
2 2 17 62
3 2 19 59
4 2 24 59
6 2 28 58
5 2 38 63
7 2 37 63
5 2 29 57
1 2 28 57
1 2 16 59
4 2 26 58
6 2 29 57
3 2 30 57
8 2 25 58
8 2 30 57
7 2 38 57
4 2 18 58
7 2 18 57
5 2 17 60
2 2 14 61
3 2 24 56
8 2 16 62
4 2 19 63
4 2 22 64
3 2 26 65
1 2 24 65
2 2 21 64
4 2 20 63
8 2 15 60
2 2 24 66
8 2 14 62
3 2 14 61
7 2 13 60
4 2 20 63
7 2 30 62
4 3 35 56
3 3 32 56
5 2 31 56
6 2 35 56
3 2 36 57
5 3 32 58
7 3 25 57
2 3 24 57
6 3 22 59
1 3 20 64
2 3 18 64
6 3 18 63
6 3 8 99
6 2 28 98
4 2 18 99
3 2 32 100
2 2 20 98
8 2 28 97
1 2 39 100
7 2 37 96
3 2 24 98
4 2 19 99
8 2 18 100
8 2 28 99
3 2 27 100
3 2 26 96
3 2 35 95
8 2 46 94
2 2 41 94
1 2 45 94
2 2 44 94
3 2 48 94
8 2 41 95
6 2 48 94
4 2 41 94
4 2 43 93
1 2 42 94
7 2 40 96
6 2 38 94
2 2 36 94
7 2 40 93
8 2 46 92
1 2 51 91
8 2 49 91
5 2 50 90
4 2 51 90
2 2 56 90
6 2 50 91
1 2 59 90
6 2 59 90
7 2 50 91
3 2 52 90
2 2 52 89
2 2 57 91
6 2 52 88
7 2 59 87
8 2 50 90
6 2 59 87
3 2 50 93
4 2 49 90
5 2 51 89
3 2 48 92
2 2 48 91
5 2 48 92
6 2 47 91
4 2 47 92
5 2 35 95
3 2 39 94
2 2 39 93
6 2 38 94
3 2 33 95
6 2 38 95
5 2 32 101
4 2 7 99
6 2 23 100
4 2 28 100
8 2 32 99
8 2 28 101
5 2 16 98
6 2 19 97
5 2 27 97
7 2 26 96
4 2 24 95
3 2 26 96
4 2 25 97
4 2 31 96
2 2 20 96
3 2 30 95
5 2 25 96
1 2 30 95
8 2 28 95
5 2 27 95
7 2 28 94
7 2 22 95
5 2 23 94
6 2 24 93
3 2 22 94
5 2 24 94
1 2 21 96
6 2 24 96
1 2 25 97
1 2 22 96
2 2 21 95
7 2 13 100
5 2 19 101
1 2 22 100
3 2 14 99
7 2 11 99
3 2 19 99
5 2 22 98
1 2 12 99
4 2 11 99
1 2 6 99
1 2 18 98
2 2 15 98
2 2 66 89
3 2 65 90
6 3 68 87
1 2 68 87
5 3 65 87
7 2 66 86
2 2 66 85
3 3 29 95
2 3 27 101
8 3 26 95
1 3 25 94
8 3 24 93
2 2 33 92
6 2 37 91
7 2 45 90
3 2 49 90
7 3 22 102
2 2 34 103
4 3 20 97
5 3 31 98
3 3 19 96
4 3 17 98
7 2 16 98
3 3 10 99
8 2 10 98
5 2 11 98
2 2 12 99
6 3 9 99
5 3 6 60
4 2 7 59
2 2 20 58
5 2 23 57
3 2 22 58
8 3 5 104
6 2 33 103
6 2 30 105
2 2 51 106
4 2 47 106
6 2 57 107
2 2 52 107
7 2 51 106
5 2 51 108
4 2 50 107
8 2 53 106
3 2 52 106
5 2 48 107
8 2 53 107
2 2 47 107
7 2 48 106
6 2 50 107
3 2 42 106
5 2 44 107
7 2 42 107
7 2 52 108
2 2 45 106
5 2 32 104
8 2 41 105
1 2 46 106
6 2 41 106
4 2 27 104
6 2 20 105
2 2 14 104
3 2 25 103
8 2 19 103
3 2 19 105
8 2 43 106
7 2 43 107
6 2 30 106
8 2 38 106
2 2 18 105
6 2 37 106
1 2 41 107
3 2 17 103
8 2 13 104
6 2 26 104
5 2 31 103
3 2 10 103
6 2 19 102
3 2 18 103
1 2 18 104
8 2 18 105
2 2 24 106
3 2 37 107
1 2 19 106
5 2 17 102
1 2 16 102
6 2 9 104
3 2 10 105
8 2 11 106
6 2 36 107
2 2 51 108
5 2 15 105
1 2 10 106
4 2 10 105
4 2 13 104
6 2 11 106
4 2 15 103
5 2 14 103
1 2 20 102
6 2 19 102
8 2 8 103
7 2 22 103
3 2 27 105
3 3 50 108
6 3 41 108
1 2 44 108
7 3 35 108
2 2 42 108
4 2 52 109
8 2 52 109
6 3 22 101
4 4 76 31
1 3 76 30
5 4 78 30
3 2 78 31
5 4 66 1
6 4 65 88
4 2 65 88
5 2 64 88
7 4 57 33
8 2 60 33
6 2 62 32
7 2 62 32
1 2 65 31
1 2 69 30
2 2 73 29
5 2 72 29
7 2 71 29
8 2 72 29
6 2 72 31
2 2 71 32
3 2 69 30
4 3 73 28
4 4 56 37
2 4 56 110
6 4 55 10
4 4 55 12
7 4 55 36
7 4 52 109
3 4 48 35
7 3 51 37
7 4 52 33
5 2 52 32
3 2 65 31
7 2 64 31
6 2 59 31
1 2 61 30
8 2 64 30
8 2 62 31
2 2 62 31
2 2 58 31
6 2 60 30
4 2 60 32
8 2 59 30
2 2 60 30
8 2 59 32
5 3 59 30
7 2 59 30
8 4 48 37
2 4 48 109
7 4 46 93
5 4 42 76
1 4 41 35
3 4 40 5
5 4 37 72
8 4 37 105
3 4 36 108
2 2 36 108
4 4 33 72
1 4 29 72
1 4 27 104
6 4 27 107
2 4 25 2
5 3 33 2
5 4 30 3
5 4 25 93
2 2 24 93
5 2 33 92
2 2 37 91
1 2 48 89
1 2 39 90
3 2 43 89
5 2 45 89
7 2 44 89
5 2 36 91
7 2 58 89
3 3 40 90
1 3 32 90
1 2 33 92
6 2 31 91
4 2 39 89
1 2 38 89
3 2 37 89
3 4 55 88
1 4 58 87
3 2 58 87
7 4 46 92
6 4 38 89
7 2 42 90
8 2 41 91
2 2 38 88
6 2 49 87
6 2 56 86
7 2 47 87
7 2 50 86
8 2 49 87
5 2 51 87
4 2 44 88
8 2 44 87
2 2 47 86
7 2 51 85
3 2 50 85
6 2 47 85
4 2 46 87
2 2 48 85
3 2 47 85
1 2 43 87
8 2 50 87
2 2 49 88
4 3 42 87
5 4 24 38
3 2 26 37
5 2 32 36
7 2 40 35
2 2 42 34
1 2 42 34
6 2 42 33
2 2 43 33
3 2 35 38
7 2 31 36
8 2 36 35
4 4 57 33
7 4 44 37
1 4 24 93
2 4 20 76
3 2 27 78
4 2 29 78
2 2 24 77
5 2 28 78
7 2 28 77
8 2 33 77
5 3 37 80
2 2 51 81
6 2 37 80
8 2 48 81
7 2 47 81
1 2 44 81
4 2 44 82
7 2 36 80
4 2 42 81
8 2 46 83
8 2 47 84
1 2 49 85
6 2 48 84
5 2 46 84
5 2 48 86
8 3 27 79
1 2 28 80
3 2 38 81
8 2 36 81
3 3 49 83
5 3 42 81
7 2 44 83
8 4 35 76
5 4 27 75
7 2 27 75
8 4 18 103
2 4 17 100
7 4 18 101
5 2 18 101
1 4 16 18
1 2 64 20
4 2 55 17
3 2 60 16
1 2 69 15
2 2 62 15
3 2 68 15
8 2 68 16
7 2 72 21
7 2 67 15
4 2 64 14
4 2 61 16
3 2 64 16
1 2 59 16
4 2 57 18
2 2 62 20
8 2 68 21
7 2 69 20
7 2 68 21
2 2 75 17
2 2 71 22
8 2 77 23
2 2 61 18
3 2 61 17
1 2 60 18
4 2 60 19
5 2 61 19
8 2 61 19
4 2 61 21
5 2 62 21
1 2 62 21
6 2 61 21
2 2 61 20
3 2 57 17
6 2 56 18
2 2 54 18
6 2 51 17
8 2 60 16
6 2 59 16
4 2 52 16
8 2 55 15
7 2 51 16
1 2 53 16
5 2 52 15
6 2 56 14
3 2 55 14
4 2 54 14
7 2 57 17
4 2 53 16
5 2 53 17
2 2 59 13
8 2 58 13
3 2 47 20
1 2 61 18
6 2 58 19
5 2 53 20
8 2 64 21
4 2 44 20
1 2 57 19
7 2 57 20
6 2 46 21
7 2 60 21
2 2 59 22
6 2 63 22
1 2 76 22
2 2 50 22
2 2 63 23
7 2 73 24
1 2 62 21
4 2 61 23
7 2 72 22
5 2 70 23
2 2 77 23
8 2 78 24
4 2 76 23
6 2 78 25
6 2 76 24
3 2 76 24
1 2 58 23
4 2 56 21
6 2 56 22
3 2 57 23
3 2 58 23
3 2 63 24
5 2 54 23
6 2 61 24
7 2 73 24
1 2 59 24
7 2 54 24
5 2 56 24
5 2 69 23
3 2 55 25
6 2 48 20
1 2 47 22
7 2 45 22
5 2 54 22
1 2 52 22
3 2 51 22
6 2 52 21
4 2 50 23
1 2 43 21
7 2 49 21
7 2 29 17
5 2 49 15
4 2 43 18
5 2 47 17
2 2 50 16
6 2 49 16
5 2 44 22
6 2 45 22
4 2 47 23
8 2 49 24
4 2 49 25
2 2 69 26
5 2 59 26
4 2 69 25
7 2 58 26
8 2 56 26
1 2 57 27
4 2 70 27
2 2 55 26
2 2 66 25
8 2 49 26
4 2 54 27
6 2 69 28
6 2 65 28
2 2 59 28
6 2 60 29
3 2 59 29
4 2 59 30
6 2 53 28
8 2 55 28
7 2 53 27
2 2 52 28
3 2 48 25
1 2 53 25
5 2 52 27
1 2 52 28
3 2 55 24
4 2 50 25
1 2 60 24
8 2 59 25
8 2 46 17
7 2 58 17
2 2 46 16
3 2 46 23
6 2 58 25
1 2 44 22
1 2 48 23
7 2 47 24
5 2 39 16
3 2 41 15
2 2 52 14
1 2 54 13
5 2 56 14
7 2 53 13
8 2 46 14
4 2 52 13
3 2 53 14
6 2 40 16
8 2 39 18
6 2 42 19
2 2 49 20
8 2 48 20
5 2 53 19
2 2 47 20
6 2 38 18
8 2 47 17
3 2 40 18
1 2 40 19
2 2 33 18
1 2 30 16
2 2 39 15
2 2 24 17
8 2 34 17
7 2 36 18
4 2 33 17
8 2 27 17
1 2 37 16
3 2 31 17
8 2 37 16
4 2 32 16
3 2 41 17
4 2 37 15
4 2 47 14
7 2 49 13
6 2 48 13
1 2 48 14
3 2 37 14
5 2 33 16
2 2 35 17
3 3 45 14
8 2 45 14
6 3 39 15
3 3 35 17
8 3 31 17
4 3 26 17
2 2 28 18
6 2 34 19
3 2 48 20
2 2 36 20
3 2 38 21
2 2 39 22
8 2 44 23
2 2 44 22
7 2 44 21
4 2 43 21
7 2 39 23
2 2 49 24
6 2 46 24
8 2 43 22
1 2 38 22
4 2 33 19
4 2 27 18
2 3 24 21
6 2 37 22
3 2 39 23
2 2 25 22
6 2 34 22
7 2 36 23
2 2 39 24
8 2 50 25
4 2 51 26
8 2 35 23
2 3 39 20
3 2 43 20
5 2 42 19
8 2 38 20
8 4 45 22
2 4 44 19
7 4 14 4
5 2 25 5
8 2 39 6
1 2 21 3
7 3 24 4
7 2 35 5
8 2 24 5
7 4 26 6
5 2 32 6
2 2 31 6
6 4 26 6
1 4 14 22
2 2 15 21
1 2 36 20
7 2 14 21
7 2 21 22
8 2 26 23
1 2 41 24
4 2 45 25
1 2 44 26
7 2 44 26
5 2 46 27
8 2 42 25
5 2 41 26
2 2 35 24
6 2 37 24
1 2 34 24
5 2 34 24
6 2 34 25
1 2 25 23
4 3 46 26
8 3 34 24
4 3 33 23
8 3 23 22
5 4 14 107
6 4 11 99
2 4 11 106
8 4 7 104
7 2 7 104
8 2 9 106
8 4 6 49
4 2 22 48
2 2 21 48
2 2 17 50
5 2 38 51
4 2 25 48
3 2 20 48
5 2 20 49
3 2 32 51
4 2 27 50
7 2 25 50
7 2 32 51
8 2 18 49
5 2 22 48
1 2 21 49
8 2 20 48
2 2 11 48
7 2 16 47
7 2 11 47
7 2 20 46
6 2 22 45
3 2 21 45
1 2 19 46
5 2 9 48
8 2 10 47
6 2 9 48
7 2 7 48
1 2 6 49
6 2 6 51
1 2 14 52
7 2 22 54
6 2 10 52
3 2 30 51
3 2 8 52
1 2 23 51
5 2 22 51
8 2 22 52
7 2 30 51
3 4 35 55
3 4 31 54
3 4 10 49
3 4 14 50
4 2 17 50
4 2 28 51
3 4 9 47
7 2 10 46
1 3 58 28
6 5 53 35
5 2 52 35
6 5 52 32
7 2 51 33
2 5 51 10
6 5 47 1
7 5 39 64
1 2 38 64
2 2 37 64
8 5 37 22
6 5 30 51
2 5 30 70
3 5 29 61
2 2 31 62
2 5 28 4
5 5 25 41
5 5 22 3
2 2 22 2
6 2 22 1
4 2 21 3
3 2 23 1
5 5 22 74
3 5 21 65
5 2 21 65
2 2 20 66
4 2 21 66
3 5 19 50
2 2 21 51
7 2 22 52
5 2 21 52
4 3 22 52
6 2 23 51
1 2 22 51
5 3 25 54
2 5 14 108
5 2 18 109
4 2 43 109
4 2 33 108
4 2 19 109
5 3 14 108
1 2 15 108
3 2 16 109
2 2 14 108
1 2 22 108
7 3 27 109
7 4 35 110
7 5 22 109
7 2 25 109
7 4 27 110
5 2 26 110
4 5 8 75
7 2 20 77
5 2 24 78
8 5 5 63
8 2 17 65
1 2 14 65
3 2 16 66
8 2 14 65
2 2 12 62
6 2 11 66
5 2 14 64
2 2 13 64
7 2 13 65
2 2 13 67
6 2 12 66
3 2 5 66
1 2 5 67
3 2 10 68
7 2 15 67
5 2 14 68
1 2 15 68
7 2 10 68
5 2 9 66
1 2 9 67
4 2 13 69
7 4 11 62
7 4 15 66
7 2 19 63
5 2 18 63
7 2 19 63
8 2 19 64
7 4 19 65
2 4 14 62
7 4 20 67
2 5 16 60
7 5 21 58
4 4 26 57
2 2 26 56
3 2 25 56
5 2 26 56
8 3 26 55
7 2 32 54
4 5 26 55
3 6 46 36
3 6 43 88
3 6 38 18
7 6 31 1
5 6 26 19
5 5 36 20
2 2 35 20
3 6 25 77
8 6 25 104
2 2 26 105
8 6 22 74
2 6 21 72
6 6 21 95
1 2 19 95
8 6 20 104
6 6 15 59
4 2 17 61
2 6 12 46
6 2 11 48
6 7 54 34
2 7 49 13
1 7 47 85
3 2 46 86
3 2 47 88
3 7 43 7
4 2 42 7
7 7 43 34
3 2 45 33
7 2 45 32
6 2 48 31
7 2 51 30
4 2 49 31
5 2 50 30
4 2 54 30
6 2 50 32
2 2 49 32
5 2 44 32
3 2 48 31
5 2 49 33
1 2 47 32
5 2 49 32
5 2 52 29
6 7 46 33
5 7 41 1
1 7 32 1
6 7 27 4
6 7 26 109
1 2 27 110
7 7 25 1
4 7 25 23
8 2 29 24
5 2 30 25
5 2 35 24
7 6 51 27
3 2 53 28
5 3 53 31
7 6 30 23
8 2 31 25
3 2 50 26
8 2 35 26
7 2 49 27
1 2 35 26
8 2 33 26
2 2 48 27
6 2 48 28
8 2 35 27
2 7 22 18
1 2 31 19
3 2 23 19
6 2 33 20
6 2 31 20
5 2 29 20
1 2 20 20
5 5 24 19
5 7 29 17
2 2 29 16
4 2 28 17
5 7 22 76
8 2 19 77
7 3 19 77
7 5 24 76
2 7 22 101
5 7 19 42
7 2 21 41
2 2 20 42
3 4 20 42
3 4 25 40
7 7 18 51
2 7 17 97
8 2 16 97
6 4 21 97
6 6 14 97
8 6 39 27
7 2 51 29
6 2 43 28
2 2 44 29
5 2 47 30
2 2 49 29
5 2 48 29
8 2 46 30
3 2 39 27
1 2 43 28
1 2 38 27
1 2 37 29
5 3 38 27
5 2 41 28
2 2 39 28
6 8 42 13
8 2 45 12
2 8 41 79
8 2 41 81
6 3 40 79
3 8 39 33
2 2 44 32
8 2 45 31
5 2 41 32
5 2 38 34
4 2 40 33
2 2 39 34
4 2 36 35
4 2 40 34
3 2 39 34
2 8 35 79
8 2 39 80
7 2 38 80
4 2 34 80
1 2 33 81
8 2 34 81
3 3 40 82
6 8 33 7
5 8 28 79
2 2 30 80
6 2 38 81
1 2 30 81
3 2 29 81
4 3 29 80
3 3 28 79
5 4 33 82
7 2 32 82
5 8 37 83
6 2 42 84
7 2 47 30
1 2 36 83
4 2 40 84
3 8 32 79
2 8 20 45
7 2 21 44
1 2 20 44
8 2 19 44
7 2 18 44
8 2 18 43
1 8 18 56
4 8 18 63
3 2 17 63
2 2 16 63
5 8 15 68
2 2 20 70
3 2 18 70
4 2 19 71
7 3 17 69
5 8 14 51
2 2 15 51
6 2 17 50
4 2 13 53
7 2 35 84
8 9 23 20
5 9 28 22
6 2 27 24
2 9 15 44
8 9 9 53
6 2 12 52
5 9 12 53
6 2 15 55
4 2 13 55
2 2 14 55
1 2 20 54
7 2 19 55
6 9 7 102
2 2 5 102
5 2 8 105
8 2 18 101
1 2 17 101
8 10 26 34
6 2 29 33
1 2 38 32
7 2 36 32
2 2 35 33
8 2 29 35
1 2 34 34
6 2 33 34
4 2 33 33
8 2 35 32
7 2 32 34
2 2 31 34
3 2 28 36
2 2 24 35
5 2 26 34
8 2 27 35
8 2 30 35
5 2 27 35
1 2 25 34
5 2 27 34
7 2 24 34
3 2 24 33
6 3 28 36
6 3 24 33
6 2 29 35
4 2 25 32
8 2 36 31
6 2 45 30
5 2 34 31
5 2 31 31
1 2 32 31
7 2 26 31
4 3 36 31
4 7 39 29
4 10 22 55
4 10 19 11
8 2 37 11
2 2 38 11
1 2 36 11
2 2 34 14
5 2 28 10
4 2 35 9
8 2 34 14
4 2 31 11
7 2 30 11
7 2 36 12
3 2 35 12
7 2 26 14
6 2 26 13
6 2 34 12
6 2 28 12
5 2 32 12
4 2 31 12
8 2 31 12
1 2 31 13
1 2 26 12
6 2 25 10
7 2 25 13
4 2 28 13
3 2 25 13
1 2 23 11
4 2 24 11
5 2 39 10
7 2 38 10
6 2 37 11
8 2 26 10
2 2 25 13
8 2 29 14
2 2 23 10
5 2 16 13
2 2 32 10
4 2 33 9
3 2 32 10
7 3 29 10
5 3 26 13
4 2 30 9
2 2 26 12
1 2 26 15
3 2 28 16
3 2 26 16
6 2 25 15
7 3 25 16
5 4 24 12
5 4 23 13
3 3 26 12
7 6 32 7
6 7 31 9
3 2 30 10
1 5 36 11
1 6 32 9
7 7 21 15
7 2 27 15
7 7 15 13
6 2 23 15
5 2 22 15
4 2 21 15
5 2 24 14
5 9 27 11
2 2 29 11
6 10 19 72
7 10 18 22
1 2 21 22
6 2 25 25
6 2 26 21
1 2 17 22
4 2 20 23
7 3 24 24
6 2 32 26
6 10 13 69
3 3 18 72
2 10 11 35
1 2 23 34
2 2 22 34
6 2 22 38
5 2 21 36
4 2 21 35
3 2 21 36
2 2 21 38
5 2 20 38
2 2 15 38
2 2 20 37
1 2 20 36
1 2 14 38
2 2 34 38
5 2 34 38
7 2 14 39
4 2 16 35
3 2 12 36
7 2 17 39
7 2 20 39
6 2 20 40
8 2 13 35
1 2 21 34
8 2 20 34
2 2 17 36
7 2 16 34
7 2 12 38
6 9 10 35
6 2 17 34
7 2 10 34
2 2 15 33
5 2 24 32
8 2 11 33
5 2 17 32
2 2 32 37
4 2 27 31
5 2 38 30
1 2 33 31
7 2 30 30
6 2 30 30
6 2 23 31
3 2 29 30
2 2 29 30
8 2 25 31
7 2 15 32
1 2 14 32
4 2 19 31
1 2 22 31
7 2 21 32
3 2 14 31
5 2 10 36
8 2 17 30
5 2 27 29
7 2 24 29
3 2 25 28
6 2 23 29
1 2 24 28
3 2 30 27
1 2 27 27
5 2 22 30
6 2 16 30
6 2 26 28
8 2 26 27
7 2 26 30
8 2 27 29
7 2 18 29
1 2 22 28
5 2 16 29
8 2 17 28
3 3 13 33
2 2 13 32
3 2 16 31
8 2 15 31
7 2 15 30
6 3 20 30
8 2 22 30
4 3 13 31
2 2 17 30
6 2 17 29
6 2 22 28
4 2 21 28
4 2 18 28
3 2 17 28
6 2 12 32
3 3 9 34
2 2 9 34
2 4 13 31
1 2 28 26
6 6 41 8
4 6 15 31
3 2 16 30
4 8 23 33
6 9 19 27
2 2 30 26
5 2 25 26
4 2 24 26
4 2 26 25
7 2 22 26
5 2 21 27
5 2 18 27
7 2 23 26
6 2 23 26
3 10 11 108
5 2 20 107
8 2 19 107
8 2 18 109
6 2 9 110
2 2 19 109
7 10 5 16
1 2 24 15
1 2 22 15
2 2 20 16
5 2 21 17
1 2 25 18
6 2 24 18
4 2 24 19
5 2 17 16
3 2 19 16
6 2 19 15
7 2 21 14
8 2 13 16
4 2 18 17
1 2 20 18
8 2 19 18
7 2 22 19
7 2 20 18
2 2 16 17
7 2 16 18
4 2 14 15
4 2 12 15
5 2 12 21
5 2 10 15
1 2 15 15
2 2 7 15
7 2 10 16
2 2 9 16
6 2 13 17
4 2 7 20
5 2 6 21
4 2 16 20
3 2 18 19
2 2 17 20
8 2 16 19
6 2 6 21
3 2 20 22
8 2 19 22
2 2 18 22
6 2 15 20
8 2 15 22
3 2 9 22
7 2 12 23
5 2 11 24
6 2 10 23
5 2 9 23
3 2 16 24
7 2 15 24
1 2 9 24
1 2 23 25
8 2 22 25
6 2 14 23
8 2 14 25
1 2 14 26
2 2 18 27
7 2 18 28
3 2 14 27
3 2 16 27
6 2 13 25
2 2 8 22
7 2 7 20
1 2 7 22
1 3 9 15
7 2 8 16
2 2 10 17
1 2 9 18
4 2 7 16
5 3 7 14
8 2 10 25
8 3 5 15
6 2 6 14
6 2 4 15
3 2 4 14
7 6 9 13
2 3 8 13
1 3 8 14
7 4 11 11
3 2 14 10
2 2 24 9
5 2 21 9
5 2 9 12
1 2 11 12
7 2 18 11
8 2 10 13
3 3 18 10
3 2 20 9
4 3 22 9
8 2 24 9
4 3 19 9
8 3 17 10
4 3 13 10
4 2 15 9
8 2 13 9
5 2 15 10
3 2 14 8
2 2 20 8
6 2 12 10
2 2 11 10
6 3 11 11
8 2 30 7
7 8 22 8
4 9 24 6
3 2 25 6
1 2 24 6
4 10 1 66
1 2 1 68
4 2 7 69
6 2 9 68
2 2 9 67
1 2 7 69
8 2 7 68
5 2 7 70
3 2 6 65
8 2 7 64
4 2 10 70
2 2 12 71
3 2 6 69
6 2 3 69
5 2 3 68
2 2 4 67
4 2 4 70
3 2 3 67
8 2 3 67
7 2 2 69
4 2 2 68
8 2 13 63
4 4 8 63
6 2 9 64
1 3 8 64
8 2 8 65
1 8 5 70
8 2 7 71
6 2 6 71
8 2 8 71
1 2 18 72
1 10 1 71
7 2 5 73
2 2 4 73
3 2 16 74
5 2 3 70
2 2 2 70
7 2 2 71
7 2 16 74
1 9 2 71
4 2 3 71
8 2 7 72
6 2 2 71
3 2 2 72
1 2 7 72
8 2 6 72
2 3 7 72
7 2 6 72
1 2 5 72
3 2 7 73
7 4 29 8
5 11 15 54
4 2 16 54
8 2 14 54
8 2 14 56
4 11 20 57
6 11 15 76
1 2 20 78
4 2 15 78
5 2 18 79
6 2 23 80
4 2 23 81
2 2 22 80
7 2 20 79
7 2 24 80
1 2 21 80
6 2 19 80
8 2 19 79
4 2 19 80
3 2 19 81
5 2 26 82
2 2 29 83
3 2 30 84
8 2 41 85
3 2 35 85
4 2 36 86
1 2 32 84
7 2 37 87
2 2 30 85
1 2 34 86
2 2 35 87
5 2 35 88
2 2 33 84
7 2 34 87
1 2 36 86
4 2 35 88
7 2 29 83
5 2 28 82
2 2 25 83
3 2 17 79
6 2 33 87
8 2 32 87
1 2 33 87
3 3 32 88
8 2 32 89
5 2 32 89
3 11 34 90
1 11 12 11
2 2 10 13
7 3 11 11
4 11 10 41
5 2 12 41
7 2 14 43
6 2 11 43
5 2 12 44
3 2 13 45
8 2 11 45
6 2 10 46
1 2 9 45
4 2 9 46
6 2 8 42
8 2 8 41
5 2 8 45
1 2 10 44
1 2 7 45
2 4 10 40
6 2 9 41
6 2 11 40
1 2 12 39
3 3 9 40
1 2 12 40
8 2 11 40
5 2 11 41
3 2 13 38
8 11 8 1
5 2 9 4
6 2 16 4
1 2 19 4
6 2 7 2
3 2 7 3
8 2 17 1
3 11 5 107
8 2 15 109
6 3 3 109
5 2 17 107
5 11 4 48
4 2 3 51
7 2 2 52
1 2 8 52
2 5 3 50
5 2 8 52
3 2 1 53
6 2 4 53
8 2 4 54
3 2 3 53
2 3 4 54
1 2 5 55
8 2 8 54
2 2 10 55
6 2 9 55
6 2 5 54
1 2 8 56
5 2 9 54
4 2 8 57
5 2 9 57
6 2 9 58
5 2 12 59
8 2 13 59
6 2 13 59
7 2 11 60
1 11 1 42
3 2 6 41
4 2 4 44
3 2 4 43
6 2 4 46
3 2 6 46
6 2 2 41
5 2 2 40
2 3 1 42
3 2 2 44
1 2 1 42
7 2 2 43
4 12 22 86
4 2 26 85
8 2 22 86
6 2 22 85
5 2 26 87
6 2 23 85
7 2 22 86
7 2 30 85
6 2 25 84
6 2 23 87
8 2 23 88
5 2 22 88
6 2 21 89
3 2 26 89
8 2 25 83
5 2 25 84
3 2 24 84
6 2 27 83
8 2 26 83
2 2 25 83
8 3 26 88
2 3 21 87
4 2 30 90
1 9 26 88
1 12 6 80
1 2 24 82
3 2 24 82
4 2 23 82
8 2 14 80
7 2 18 79
5 2 17 79
2 2 15 79
5 2 12 83
6 2 19 82
2 2 18 82
6 2 9 79
3 2 16 78
2 2 12 78
7 2 8 80
1 2 10 80
8 2 9 80
1 2 7 82
1 2 13 83
5 3 5 80
8 2 8 79
6 2 7 80
7 2 6 81
4 2 8 82
3 3 5 81
2 2 5 80
8 2 4 81
7 2 3 82
3 2 10 82
5 5 10 83
2 2 14 83
6 2 13 84
2 12 2 32
6 2 7 31
7 2 11 30
8 2 15 29
1 2 7 32
7 2 3 35
8 2 7 36
3 2 7 37
6 2 8 38
6 2 6 36
1 2 3 36
5 2 8 37
2 2 7 38
5 2 3 35
6 2 1 32
6 2 5 31
7 2 1 36
4 2 1 39
1 4 6 37
3 4 1 33
7 11 4 37
3 2 6 39
7 13 22 90
7 2 25 90
2 2 25 91
3 2 24 91
3 2 23 93
1 6 30 90
1 6 28 90
4 2 25 90
3 13 16 104
4 2 17 104
4 13 9 61
8 13 8 74
6 2 7 74
5 2 7 73
4 2 8 75
4 2 6 74
2 2 9 74
5 2 12 76
3 13 3 89
2 2 19 90
4 2 16 90
7 2 19 89
2 2 13 89
7 2 14 88
2 2 15 87
3 2 13 88
2 2 15 89
5 2 11 89
4 2 19 90
6 2 19 91
7 2 20 87
7 2 19 92
6 2 14 90
1 2 10 90
1 2 9 88
4 2 12 87
8 2 19 86
1 2 13 86
2 2 23 85
1 2 22 85
8 2 21 92
3 2 15 85
7 2 9 87
8 2 9 92
4 2 21 86
5 2 21 93
7 2 20 94
4 2 17 93
3 2 14 91
1 2 15 91
8 2 15 92
5 2 14 92
4 2 13 91
5 2 8 91
2 2 16 92
1 2 16 93
4 2 18 94
3 2 12 92
7 2 10 90
5 2 5 88
2 2 8 87
4 2 14 88
3 2 9 86
4 2 3 89
8 2 7 88
5 2 5 90
3 2 5 91
7 2 10 92
6 2 11 93
5 2 14 94
2 2 6 92
3 2 14 95
8 2 9 92
5 2 3 90
7 2 4 89
6 2 4 92
1 5 3 90
1 5 10 92
7 2 13 93
3 14 10 23
2 2 12 25
6 2 14 26
2 2 14 27
4 14 2 18
8 2 1 20
2 2 3 19
5 2 4 18
3 2 4 17
7 15 13 61
6 2 11 62
7 16 13 99
3 2 13 98
8 16 8 98
1 2 9 97
7 2 9 97
3 2 9 96
7 2 10 95
5 2 9 98
3 2 9 100
4 2 8 100
2 3 8 98
1 2 12 95
4 2 12 94
1 16 6 49
4 2 1 51
8 2 2 50
7 2 1 50
7 2 1 53
3 2 3 51
6 17 8 64
5 17 4 82
5 2 22 84
2 2 8 81
7 2 8 82
1 2 7 82
3 2 7 84
7 2 6 81
8 2 6 83
2 2 5 82
6 2 5 86
5 2 19 84
6 3 5 84
7 2 7 84
6 3 4 81
8 2 3 81
7 2 3 83
2 2 15 84
5 14 17 4
8 2 18 8
4 3 17 5
8 17 3 19
4 2 6 21
6 20 10 2
3 2 16 7
6 2 16 8
4 2 13 7
2 2 15 8
5 2 9 3
4 2 10 5
7 21 6 60
3 2 9 59
4 2 8 60
5 2 3 64
7 22 13 25
6 2 15 26
8 2 15 27
5 25 4 83
8 2 7 88
2 2 6 89
2 2 5 84
7 2 5 84
8 2 3 83
4 2 3 82
8 27 4 37
7 2 9 39
6 2 5 39
6 2 4 37
5 2 4 39
3 2 3 38
1 3 6 37
7 60 8 99
3 2 10 100
3 2 9 84
4 2 9 101
4 2 9 106
4 2 8 85
2 2 10 84
1 2 8 107
4 2 12 104
