4970
4307
4 2 99 11
1 2 98 13
2 2 99 14
6 2 98 16
3 2 98 15
8 2 98 14
5 2 98 17
6 2 99 18
6 2 98 24
2 2 99 23
1 2 98 40
2 2 99 41
6 2 98 43
3 2 98 42
8 2 98 41
5 2 98 44
6 2 99 45
6 2 98 60
2 2 99 59
6 2 98 69
2 2 99 68
6 2 98 87
2 2 99 86
5 2 97 10
4 2 97 14
1 2 97 18
5 2 97 25
5 2 97 38
4 2 97 41
1 2 97 45
5 2 97 61
5 2 97 70
5 2 97 88
4 2 97 94
2 2 98 93
4 2 99 92
6 2 96 11
8 2 96 10
3 2 96 17
3 2 96 44
8 2 95 12
5 2 95 18
1 2 95 20
6 2 99 21
7 2 97 21
6 2 95 24
7 2 95 29
1 2 97 28
5 2 95 45
6 2 95 60
6 2 95 69
7 2 95 74
1 2 97 73
6 2 95 87
7 2 95 92
1 2 97 91
6 2 97 92
6 2 95 95
3 2 94 10
2 2 96 9
1 2 99 8
8 2 98 8
6 2 95 9
2 2 94 17
6 2 94 20
3 2 94 38
2 2 94 44
3 2 94 92
6 2 94 91
8 2 92 21
7 2 94 22
2 2 92 47
8 2 92 57
7 2 94 58
8 2 92 66
8 2 92 84
7 2 94 67
8 2 92 98
7 2 94 85
4 2 91 29
6 2 94 28
3 2 95 30
8 2 94 29
6 2 94 30
2 2 94 30
4 2 94 29
8 2 94 31
7 2 94 99
4 2 91 74
3 2 95 75
6 2 94 73
8 2 94 74
2 2 95 75
7 2 96 31
4 2 97 32
3 2 97 32
6 2 94 75
4 2 94 74
8 2 94 76
6 2 91 73
5 2 90 3
5 2 97 2
1 2 96 3
7 2 96 3
4 2 97 4
3 2 97 4
2 2 90 4
8 2 90 5
2 2 94 3
7 2 90 6
7 2 96 76
6 2 97 6
4 2 97 77
3 2 97 77
4 2 90 6
4 2 96 7
7 2 93 6
5 2 94 5
6 2 90 7
3 2 91 8
4 2 90 11
5 2 92 7
1 2 90 11
2 2 95 12
3 2 95 12
1 2 90 19
2 2 91 11
5 2 91 12
1 2 91 11
3 2 91 19
5 2 90 18
7 2 92 19
2 2 91 19
6 2 90 21
7 2 90 23
4 2 94 22
7 2 95 23
3 2 93 22
5 2 90 25
4 2 95 24
8 2 90 26
1 2 90 27
5 2 90 31
2 2 90 32
1 2 93 32
2 2 93 32
8 2 90 33
7 2 90 34
7 2 94 34
5 2 94 35
4 2 90 34
4 2 95 35
3 2 95 35
6 2 90 35
3 2 91 36
5 2 90 49
8 2 95 48
8 2 93 36
4 2 91 48
2 2 90 50
4 2 97 50
3 2 97 50
8 2 90 51
1 2 94 49
7 2 90 52
7 2 94 52
4 2 90 52
4 2 96 53
6 2 95 52
5 2 94 51
7 2 94 50
6 2 90 53
3 2 93 53
2 2 93 52
8 2 93 51
6 2 93 50
2 2 93 49
3 2 91 54
5 2 92 53
4 2 90 65
4 2 90 92
8 2 92 92
6 2 94 64
4 2 89 1
3 2 93 2
7 2 89 3
8 2 91 2
7 2 94 1
8 2 94 1
2 2 91 1
3 2 89 6
1 2 90 6
3 2 91 7
8 2 89 19
4 2 89 29
1 2 92 30
6 2 89 29
6 2 91 28
4 2 90 28
8 2 89 28
4 2 93 27
7 2 89 31
5 2 90 31
3 2 89 34
6 2 93 34
5 2 92 33
1 2 90 34
2 2 92 35
8 2 91 33
4 2 89 47
7 2 89 49
7 2 92 48
3 2 89 52
1 2 90 52
1 2 88 3
6 2 88 6
2 2 89 5
8 2 89 6
5 2 88 7
6 2 88 24
1 2 89 25
5 2 93 24
7 2 92 24
3 2 89 26
1 2 88 31
6 2 90 32
6 2 88 34
2 2 89 33
7 2 89 32
5 2 88 35
6 2 88 42
2 2 89 41
1 2 88 49
5 2 90 48
4 2 94 47
8 2 94 46
7 2 94 93
6 2 92 47
1 2 89 48
3 2 89 48
6 2 88 52
5 2 88 53
3 2 93 46
1 2 88 67
2 2 95 66
8 2 93 54
2 2 89 68
7 2 94 69
6 2 88 70
3 2 88 69
8 2 88 68
3 2 92 67
7 2 88 67
6 2 93 66
5 2 94 70
4 2 95 71
8 2 93 71
4 2 92 69
4 2 91 67
4 2 92 66
5 2 88 71
6 2 89 72
6 2 88 78
2 2 89 77
1 2 94 76
1 2 92 71
7 2 92 76
5 2 91 76
5 2 92 75
2 2 92 77
4 2 87 4
1 2 87 8
4 2 90 76
5 2 87 25
5 2 88 26
4 2 87 32
8 2 87 35
1 2 87 36
5 2 87 43
5 2 91 8
1 2 93 9
6 2 91 44
4 2 87 50
8 2 87 53
1 2 87 54
5 2 87 65
7 2 93 9
1 2 90 64
8 2 92 64
2 2 92 63
4 2 87 68
7 2 91 67
2 2 87 69
5 2 87 79
7 2 94 78
5 2 94 80
6 2 86 1
3 2 86 7
2 2 87 6
6 2 86 29
6 2 86 47
2 2 93 46
1 2 91 46
7 2 90 47
1 2 87 46
4 2 92 45
3 2 86 53
5 2 91 54
7 2 95 55
1 2 93 63
8 2 95 55
1 2 94 55
1 2 90 54
2 2 92 55
3 2 86 71
5 2 93 72
2 2 92 73
8 2 91 73
4 2 90 73
8 2 85 2
1 2 91 1
4 2 89 1
1 2 88 1
6 2 88 2
5 2 85 8
8 2 91 9
2 2 90 10
4 2 90 9
6 2 85 24
5 2 85 36
3 2 86 35
1 2 85 38
8 2 95 39
4 2 90 39
6 2 89 39
7 2 95 40
2 2 91 38
4 2 92 39
6 2 91 39
5 2 93 40
3 2 92 40
6 2 92 41
1 2 91 38
1 2 91 42
7 2 87 39
2 2 90 40
7 2 89 41
6 2 85 42
5 2 85 54
5 2 85 72
1 2 85 74
6 2 89 75
1 2 90 74
2 2 89 74
7 2 87 75
6 2 85 78
6 2 95 79
3 2 96 80
1 2 97 81
4 2 95 80
7 2 85 83
1 2 87 82
2 2 84 7
3 2 84 29
2 2 84 35
6 2 84 38
2 2 93 37
6 2 92 37
3 2 84 47
2 2 84 53
3 2 84 65
2 2 84 71
6 2 84 74
4 2 83 8
4 2 83 54
2 2 82 10
8 2 82 21
4 2 90 20
3 2 91 20
5 2 91 21
2 2 91 22
4 2 89 21
2 2 89 20
7 2 84 22
8 2 82 39
7 2 87 38
4 2 91 37
7 2 84 40
2 2 82 56
8 2 82 75
7 2 84 76
2 2 82 97
4 2 81 83
6 2 97 84
7 2 95 84
8 2 93 82
2 2 94 81
6 2 93 81
8 2 88 82
8 2 93 81
4 2 91 81
7 2 91 82
2 2 93 83
3 2 93 84
3 2 89 81
3 2 85 84
2 2 93 85
4 2 96 87
4 2 92 85
3 2 90 85
6 2 84 82
1 2 89 81
5 2 88 81
8 2 84 83
2 2 86 82
6 2 89 83
5 2 90 84
2 2 85 84
1 2 86 85
7 2 95 86
6 2 90 86
7 2 89 86
6 2 84 84
7 2 86 85
4 2 90 86
5 2 91 87
4 2 87 86
6 2 85 83
8 2 84 85
3 2 87 86
2 2 87 87
5 2 95 88
8 2 94 89
6 2 81 82
4 2 85 81
4 2 84 84
4 2 80 1
3 2 87 1
1 2 80 1
2 2 85 2
1 2 80 9
4 2 85 9
3 2 86 10
7 2 88 11
7 2 90 12
5 2 94 13
6 2 94 14
1 2 93 15
6 2 86 11
8 2 87 12
7 2 92 13
8 2 85 10
8 2 82 8
3 2 81 9
7 2 84 10
1 2 83 10
2 2 83 11
5 2 80 8
6 2 82 9
7 2 81 9
6 2 80 8
5 2 80 13
4 2 89 13
3 2 83 12
2 2 80 14
1 2 84 13
7 2 89 14
5 2 92 15
8 2 90 15
6 2 89 15
1 2 93 16
2 2 90 16
3 2 88 14
4 2 87 15
5 2 84 12
8 2 80 15
7 2 80 16
7 2 84 16
6 2 90 17
7 2 90 16
4 2 91 17
8 2 90 17
5 2 84 17
4 2 88 16
4 2 80 16
3 2 86 17
1 2 87 18
4 2 85 17
5 2 84 15
6 2 80 17
8 2 84 18
3 2 81 18
7 2 85 19
1 2 80 55
4 2 85 55
2 2 94 56
6 2 97 57
7 2 95 57
2 2 88 56
3 2 93 57
3 2 86 56
5 2 92 57
2 2 93 58
4 2 96 60
4 2 92 58
8 2 85 56
8 2 82 54
3 2 81 55
6 2 89 56
7 2 84 56
1 2 88 57
3 2 90 58
6 2 84 57
1 2 83 56
4 2 83 57
7 2 87 58
7 2 95 59
6 2 90 59
7 2 89 59
5 2 80 54
6 2 82 55
7 2 81 55
6 2 80 54
4 2 80 66
7 2 90 65
4 2 91 64
6 2 91 65
5 2 90 66
6 2 83 66
3 2 88 66
6 2 86 65
2 2 86 64
4 2 93 63
5 2 90 63
1 2 89 63
1 2 85 66
2 2 82 65
6 2 85 64
4 2 83 66
1 2 80 73
8 2 82 72
8 2 84 64
4 2 84 73
7 2 83 73
3 2 84 74
2 2 82 73
3 2 81 73
5 2 80 72
5 2 80 85
2 2 80 86
5 2 82 84
1 2 82 84
4 2 81 71
4 2 85 70
3 2 86 71
6 2 82 86
1 2 85 69
5 2 86 70
8 2 80 87
7 2 80 88
4 2 80 88
7 2 83 88
4 2 86 89
3 2 86 89
6 2 80 89
4 2 92 90
6 2 84 88
5 2 87 89
8 2 85 89
7 2 88 90
2 2 84 89
1 2 87 90
1 2 84 90
5 2 83 87
3 2 81 90
8 2 86 91
5 2 82 89
6 2 84 90
5 2 80 93
1 2 86 93
5 2 86 92
6 2 86 91
2 2 80 94
8 2 80 95
3 2 87 93
5 2 92 95
2 2 89 94
7 2 90 95
4 2 79 11
4 2 80 10
7 2 79 13
6 2 83 13
8 2 82 13
7 2 81 14
2 2 81 13
2 2 82 14
3 2 79 16
1 2 80 16
8 2 82 15
4 2 79 38
8 2 84 37
3 2 83 39
7 2 79 85
4 2 79 84
2 2 80 83
1 2 80 82
2 2 82 81
3 2 79 88
8 2 81 88
7 2 83 87
3 2 81 89
1 2 78 13
6 2 78 16
6 2 81 17
2 2 79 15
5 2 78 17
6 2 78 33
2 2 79 32
1 2 78 40
4 2 86 42
2 2 79 41
5 2 87 42
7 2 86 43
6 2 88 94
6 2 89 95
7 2 84 42
6 2 78 43
5 2 84 43
4 2 85 44
7 2 89 43
2 2 83 43
3 2 78 42
8 2 83 44
8 2 78 41
7 2 78 40
5 2 83 39
2 2 82 39
8 2 82 42
4 2 81 39
5 2 78 44
1 2 80 45
1 2 82 44
6 2 83 45
6 2 78 60
8 2 84 59
8 2 86 45
2 2 79 59
7 2 82 58
5 2 81 58
2 2 86 60
6 2 87 61
5 2 92 62
4 2 84 59
1 2 78 76
4 2 86 78
6 2 78 79
7 2 83 78
7 2 84 78
1 2 86 77
4 2 86 79
5 2 84 79
8 2 83 80
6 2 85 80
3 2 84 81
1 2 83 80
6 2 88 77
2 2 79 77
3 2 78 78
8 2 78 77
3 2 82 76
8 2 81 77
6 2 81 78
7 2 78 76
5 2 78 80
2 2 82 76
6 2 79 81
4 2 78 82
1 2 78 85
5 2 81 80
8 2 82 86
2 2 81 86
6 2 78 88
4 2 80 89
1 2 85 90
2 2 86 79
5 2 78 89
6 2 79 90
5 2 77 10
4 2 77 14
8 2 77 17
1 2 77 18
5 2 77 34
1 2 78 93
7 2 85 92
2 2 85 91
4 2 85 94
4 2 77 41
6 2 81 35
4 2 81 41
2 2 77 42
1 2 77 45
5 2 81 44
6 2 79 46
4 2 78 46
3 2 83 36
4 2 82 36
5 2 77 61
5 2 87 60
3 2 90 62
3 2 87 62
4 2 86 62
8 2 86 63
7 2 84 46
5 2 84 62
7 2 85 63
5 2 77 74
4 2 81 75
4 2 77 77
5 2 79 78
2 2 77 78
4 2 77 86
4 2 77 94
6 2 85 63
2 2 83 93
7 2 82 94
7 2 85 94
8 2 82 94
4 2 84 95
3 2 82 93
5 2 82 95
7 2 94 96
3 2 82 95
2 2 91 96
8 2 90 96
6 2 81 93
8 2 81 92
2 2 81 95
2 2 80 92
6 2 76 11
8 2 76 10
6 2 76 38
1 2 77 37
1 2 80 36
3 2 76 44
1 2 82 43
4 2 81 43
8 2 80 44
3 2 76 80
3 2 76 89
5 2 80 90
3 2 79 90
8 2 75 12
5 2 75 18
3 2 76 17
6 2 75 33
5 2 83 32
8 2 85 31
6 2 83 31
2 2 84 30
8 2 85 29
5 2 75 45
1 2 83 46
2 2 80 46
8 2 77 46
4 2 80 48
4 2 79 46
5 2 78 46
3 2 77 47
7 2 80 48
5 2 79 49
6 2 85 49
2 2 83 48
3 2 83 49
5 2 86 50
2 2 87 51
8 2 82 48
6 2 75 60
8 2 86 62
7 2 83 61
2 2 84 62
7 2 75 65
1 2 84 64
8 2 82 67
5 2 84 67
6 2 84 68
3 2 83 67
7 2 82 68
7 2 80 66
2 2 81 67
8 2 80 65
5 2 79 67
1 2 77 64
1 2 79 65
3 2 80 64
4 2 81 63
3 2 83 62
8 2 84 61
5 2 83 61
7 2 85 60
1 2 82 61
5 2 75 81
8 2 77 82
5 2 75 90
1 2 77 89
8 2 76 89
1 2 75 90
3 2 74 10
2 2 76 9
2 2 80 7
8 2 84 6
1 2 85 5
8 2 90 4
4 2 84 6
8 2 78 8
3 2 79 7
4 2 78 7
6 2 77 7
6 2 75 9
1 2 78 8
2 2 74 17
3 2 74 38
2 2 74 44
7 2 76 45
3 2 76 45
3 2 74 74
8 2 79 73
1 2 79 72
2 2 74 80
7 2 73 83
2 2 72 20
8 2 72 30
1 2 85 29
7 2 74 31
2 2 72 47
1 2 78 48
2 2 77 48
8 2 77 49
8 2 72 57
4 2 80 56
7 2 74 58
8 2 72 98
1 2 90 96
4 2 80 97
7 2 94 98
6 2 95 98
8 2 90 96
3 2 90 99
3 2 84 98
1 2 86 99
7 2 74 99
4 2 71 65
3 2 75 66
6 2 74 64
8 2 74 65
2 2 75 66
1 2 76 67
1 2 83 68
7 2 85 69
6 2 80 68
5 2 82 69
4 2 81 69
8 2 80 69
6 2 74 66
8 2 74 67
3 2 78 68
4 2 77 68
5 2 78 69
2 2 80 70
2 2 76 68
5 2 70 3
3 2 83 3
6 2 84 4
4 2 82 3
7 2 78 2
1 2 76 3
8 2 78 2
2 2 79 1
2 2 70 4
7 2 79 4
8 2 80 5
6 2 84 4
5 2 82 4
6 2 79 5
8 2 70 5
7 2 82 4
2 2 81 5
7 2 70 6
7 2 74 6
5 2 74 7
7 2 76 6
5 2 75 6
4 2 70 6
6 2 70 7
3 2 71 8
4 2 70 11
1 2 73 10
5 2 73 11
3 2 76 12
2 2 75 12
4 2 74 13
6 2 73 13
1 2 70 11
2 2 71 11
1 2 70 19
2 2 81 19
8 2 72 18
1 2 81 19
7 2 86 20
4 2 74 18
3 2 71 19
2 2 78 20
3 2 76 20
3 2 83 21
8 2 75 20
5 2 82 21
1 2 73 20
6 2 74 21
3 2 85 22
4 2 86 24
4 2 85 22
2 2 83 22
2 2 86 24
3 2 80 22
5 2 70 18
6 2 72 19
7 2 73 20
1 2 77 21
6 2 81 22
7 2 80 22
4 2 79 22
2 2 81 23
7 2 84 24
4 2 73 21
7 2 77 22
6 2 80 23
4 2 71 17
7 2 71 19
5 2 70 22
2 2 70 23
8 2 70 24
7 2 70 25
6 2 77 25
7 2 74 25
1 2 90 26
4 2 85 26
2 2 88 28
8 2 84 26
5 2 83 26
8 2 82 26
3 2 77 26
1 2 80 27
4 2 76 26
2 2 84 27
6 2 83 27
1 2 77 27
1 2 83 28
5 2 82 28
5 2 74 26
8 2 76 25
5 2 75 25
4 2 70 25
7 2 79 24
7 2 77 24
5 2 76 26
7 2 77 27
6 2 78 28
7 2 82 29
2 2 76 27
8 2 76 28
4 2 78 29
2 2 74 26
8 2 74 27
2 2 77 28
8 2 76 28
3 2 73 26
6 2 70 26
3 2 71 27
6 2 70 30
4 2 78 30
3 2 81 31
4 2 80 31
7 2 80 32
5 2 76 29
5 2 78 30
1 2 77 30
6 2 76 29
2 2 76 30
3 2 74 29
7 2 74 29
4 2 70 30
2 2 72 29
7 2 70 32
4 2 76 33
5 2 70 34
1 2 81 34
4 2 80 34
8 2 79 34
2 2 78 34
5 2 75 34
4 2 77 33
8 2 74 35
8 2 70 35
1 2 70 36
8 2 78 36
5 2 76 36
2 2 75 37
8 2 85 37
7 2 84 37
1 2 83 37
1 2 70 46
2 2 73 46
8 2 72 45
3 2 71 46
6 2 76 47
1 2 73 47
5 2 70 45
6 2 72 44
4 2 75 43
1 2 75 42
4 2 71 44
5 2 70 49
6 2 75 49
4 2 71 48
2 2 70 50
7 2 79 50
8 2 80 51
6 2 79 51
1 2 73 50
1 2 84 51
4 2 83 52
8 2 70 51
4 2 74 51
4 2 75 50
8 2 72 50
1 2 74 51
7 2 74 52
2 2 80 54
2 2 78 51
5 2 74 53
2 2 73 49
7 2 71 50
3 2 73 51
7 2 70 52
5 2 72 51
2 2 71 51
8 2 73 52
3 2 76 53
1 2 77 54
4 2 75 53
6 2 70 51
3 2 71 50
4 2 70 52
2 2 74 53
8 2 74 54
6 2 73 53
6 2 70 53
6 2 70 57
6 2 77 57
2 2 79 58
4 2 84 59
3 2 83 59
2 2 81 59
1 2 80 59
6 2 79 59
8 2 79 58
6 2 78 56
3 2 74 56
4 2 77 57
7 2 74 56
8 2 77 55
4 2 70 57
5 2 73 57
2 2 72 56
2 2 75 55
7 2 70 59
4 2 76 60
5 2 77 60
7 2 76 61
5 2 70 61
8 2 70 62
4 2 75 62
6 2 77 61
1 2 70 63
1 2 80 62
1 2 77 62
8 2 76 62
4 2 76 61
3 2 76 63
5 2 75 63
6 2 74 63
2 2 74 64
8 2 73 64
4 2 72 64
5 2 70 67
2 2 70 68
6 2 72 68
7 2 76 69
6 2 77 70
6 2 79 71
7 2 71 68
7 2 70 70
7 2 80 70
4 2 70 70
3 2 77 71
4 2 76 71
1 2 76 70
5 2 74 71
2 2 73 69
7 2 73 70
8 2 73 69
1 2 72 69
6 2 70 71
3 2 71 72
4 2 70 75
6 2 73 75
2 2 77 74
5 2 77 75
6 2 76 74
7 2 77 73
3 2 76 76
2 2 72 74
4 2 73 75
1 2 70 82
8 2 72 81
2 2 72 82
3 2 71 82
1 2 78 83
1 2 72 83
5 2 70 81
4 2 71 80
4 2 75 79
1 2 75 78
6 2 70 98
4 2 84 97
3 2 88 96
2 2 83 98
7 2 85 99
5 2 84 99
8 2 83 99
4 2 84 98
4 2 85 99
2 2 84 99
7 2 80 98
3 2 74 97
7 2 74 97
8 2 74 96
8 2 81 96
6 2 75 97
7 2 77 96
2 2 81 96
2 2 75 96
2 2 82 97
1 2 75 95
4 2 82 96
1 2 81 96
7 2 79 96
6 2 74 95
1 2 75 96
5 2 74 94
4 2 70 98
2 2 72 97
4 2 69 1
7 2 70 100
7 2 69 3
2 2 72 2
5 2 73 3
6 2 73 3
3 2 76 1
5 2 75 2
4 2 75 4
8 2 72 3
3 2 69 6
1 2 70 6
7 2 69 22
7 2 71 4
5 2 72 21
3 2 69 25
1 2 70 25
1 2 71 24
8 2 72 23
7 2 69 49
4 2 69 65
6 2 69 65
7 2 69 67
3 2 69 70
1 2 68 3
6 2 68 6
2 2 69 5
5 2 68 7
4 2 72 8
1 2 68 22
6 2 68 25
2 2 71 24
4 2 70 26
2 2 69 24
8 2 69 26
5 2 68 26
1 2 70 27
6 2 69 27
6 2 68 33
1 2 69 34
1 2 72 35
5 2 73 4
4 2 72 36
3 2 69 35
1 2 68 49
6 2 68 52
3 2 68 51
5 2 68 53
6 2 68 60
1 2 68 67
6 2 68 70
1 2 69 61
3 2 69 62
5 2 68 71
4 2 67 4
6 2 68 87
2 2 69 86
2 2 76 87
3 2 70 3
8 2 67 7
5 2 67 20
3 2 67 22
8 2 68 22
4 2 67 23
6 2 69 25
1 2 67 27
5 2 67 34
5 2 73 33
1 2 75 32
7 2 70 35
5 2 75 36
6 2 73 36
6 2 71 36
6 2 76 37
7 2 74 37
3 2 70 36
5 2 68 35
2 2 68 36
4 2 69 37
1 2 72 38
8 2 75 39
8 2 68 37
4 2 67 35
5 2 67 47
4 2 67 50
2 2 67 51
5 2 67 61
7 2 74 60
4 2 71 60
5 2 68 62
2 2 68 63
4 2 67 68
5 2 67 88
4 2 67 94
6 2 73 93
8 2 74 93
6 2 71 89
2 2 73 90
2 2 68 93
7 2 75 93
4 2 69 92
2 2 69 94
7 2 68 94
6 2 66 1
2 2 66 22
3 2 66 53
4 2 68 54
6 2 66 65
3 2 66 71
6 2 69 72
4 2 68 72
8 2 71 73
8 2 65 2
1 2 68 1
5 2 65 8
8 2 71 9
2 2 70 10
3 2 66 7
5 2 65 27
1 2 65 29
6 2 69 30
4 2 68 95
7 2 67 30
6 2 65 33
7 2 65 38
1 2 67 37
5 2 69 30
4 2 69 39
5 2 71 39
6 2 72 39
3 2 68 31
6 2 70 31
6 2 67 38
4 2 67 37
5 2 65 54
1 2 65 54
3 2 65 54
1 2 65 56
6 2 69 57
7 2 67 57
6 2 65 60
1 2 70 39
5 2 65 72
8 2 68 71
2 2 71 72
1 2 71 73
7 2 71 74
8 2 72 59
8 2 71 74
1 2 70 75
1 2 65 72
6 2 70 72
6 2 65 87
8 2 72 76
7 2 65 92
5 2 73 86
8 2 75 85
1 2 75 88
6 2 73 85
1 2 67 91
4 2 73 92
8 2 73 91
1 2 70 90
6 2 67 92
1 2 65 97
6 2 69 98
7 2 67 98
1 2 71 97
5 2 71 96
2 2 64 7
6 2 68 8
4 2 67 8
3 2 64 20
7 2 73 91
2 2 64 26
7 2 66 27
6 2 64 29
3 2 64 47
2 2 64 53
1 2 66 52
6 2 64 56
3 2 64 65
6 2 70 64
4 2 69 64
3 2 64 92
3 2 71 91
1 2 70 92
3 2 70 92
5 2 70 93
6 2 69 92
7 2 69 94
1 2 70 94
3 2 70 95
2 2 67 91
4 2 71 90
6 2 64 91
5 2 68 90
8 2 69 89
6 2 64 97
6 2 74 19
4 2 73 19
7 2 67 96
4 2 69 95
6 2 67 95
8 2 68 96
2 2 62 10
8 2 62 30
7 2 64 31
8 2 62 57
7 2 64 58
2 2 62 74
8 2 62 84
4 2 70 83
7 2 64 85
8 2 62 98
4 2 74 99
4 2 61 38
3 2 65 39
3 2 73 40
5 2 73 40
6 2 64 37
2 2 65 39
1 2 68 36
1 2 66 40
2 2 70 40
8 2 64 38
6 2 61 37
3 2 60 2
7 2 64 99
7 2 63 1
3 2 66 2
4 2 66 2
1 2 62 1
6 2 60 10
5 2 61 2
6 2 65 3
2 2 68 4
3 2 62 1
2 2 60 2
4 2 60 21
6 2 63 21
2 2 62 20
8 2 69 19
6 2 66 11
2 2 66 19
1 2 69 18
8 2 64 19
4 2 63 21
1 2 60 28
6 2 64 19
4 2 64 28
3 2 61 28
5 2 60 27
2 2 61 28
5 2 60 49
4 2 62 27
2 2 60 50
2 2 64 48
5 2 66 50
8 2 65 47
6 2 65 46
7 2 67 46
8 2 60 51
7 2 60 52
1 2 63 51
4 2 60 53
1 2 60 55
3 2 61 55
2 2 60 56
5 2 60 76
8 2 65 75
4 2 61 75
2 2 60 77
4 2 67 77
6 2 69 78
6 2 72 77
8 2 69 78
7 2 73 79
5 2 71 77
8 2 72 78
3 2 75 79
2 2 68 76
7 2 68 77
5 2 67 76
1 2 64 76
8 2 60 78
3 2 66 77
7 2 60 79
4 2 60 79
5 2 64 80
6 2 69 80
2 2 68 79
7 2 63 79
4 2 65 80
3 2 65 80
1 2 67 78
4 2 66 78
5 2 66 78
5 2 64 78
8 2 70 79
6 2 60 80
8 2 64 81
3 2 61 81
4 2 60 92
8 2 62 92
7 2 64 93
1 2 60 96
3 2 61 96
2 2 60 97
5 2 59 1
5 2 59 11
7 2 70 12
1 2 69 12
1 2 68 79
7 2 67 10
8 2 67 12
7 2 66 11
4 2 59 10
8 2 64 9
3 2 63 11
3 2 65 12
1 2 66 13
5 2 66 13
4 2 63 12
1 2 60 11
7 2 60 10
3 2 63 9
1 2 61 9
2 2 61 11
5 2 61 12
8 2 64 13
5 2 76 14
3 2 68 14
8 2 70 15
6 2 69 15
8 2 59 28
6 2 60 27
4 2 60 28
1 2 66 29
4 2 59 47
2 2 65 45
2 2 70 44
7 2 71 43
8 2 71 44
1 2 70 44
3 2 69 44
4 2 68 44
4 2 67 14
1 2 74 15
2 2 66 14
3 2 72 14
3 2 66 44
8 2 66 45
7 2 65 14
5 2 66 14
7 2 66 15
2 2 70 16
7 2 59 56
4 2 71 55
5 2 67 55
1 2 65 55
1 2 66 56
8 2 64 56
5 2 65 56
3 2 64 56
2 2 63 56
4 2 59 74
4 2 69 73
7 2 59 76
3 2 59 79
1 2 60 79
7 2 67 80
2 2 62 78
8 2 62 77
7 2 63 76
7 2 61 79
7 2 59 97
6 2 58 5
2 2 59 4
6 2 58 15
2 2 59 14
1 2 58 31
4 2 66 33
4 2 65 31
2 2 59 32
7 2 70 34
7 2 64 33
6 2 58 34
7 2 67 33
8 2 67 32
3 2 58 33
2 2 65 32
2 2 63 33
6 2 64 33
3 2 65 32
1 2 64 32
7 2 65 31
7 2 63 34
2 2 62 34
8 2 58 32
2 2 64 31
4 2 63 31
3 2 62 31
7 2 58 31
5 2 58 35
1 2 60 36
6 2 59 36
4 2 58 37
4 2 62 36
2 2 59 36
2 2 60 37
2 2 65 38
5 2 59 37
6 2 58 42
6 2 73 41
2 2 59 41
6 2 68 42
6 2 64 40
8 2 63 41
7 2 72 42
8 2 71 40
5 2 61 40
7 2 66 41
3 2 65 41
4 2 64 41
5 2 67 42
7 2 65 40
1 2 58 49
6 2 58 52
8 2 62 53
6 2 60 54
3 2 58 51
6 2 58 69
2 2 59 68
2 2 66 69
1 2 58 76
6 2 58 79
6 2 61 80
2 2 59 78
4 2 58 79
5 2 57 6
1 2 64 6
6 2 61 7
8 2 57 12
4 2 60 12
8 2 58 12
5 2 57 16
5 2 68 42
5 2 64 17
5 2 57 29
4 2 57 32
2 2 57 33
1 2 57 36
7 2 57 36
8 2 57 37
7 2 64 38
7 2 58 38
6 2 59 39
3 2 66 40
1 2 66 41
4 2 65 42
7 2 61 41
2 2 60 41
6 2 60 41
3 2 57 38
2 2 58 39
7 2 59 40
4 2 58 40
5 2 57 39
1 2 57 38
5 2 57 43
5 2 64 44
1 2 65 45
4 2 57 50
7 2 58 49
6 2 63 48
3 2 62 49
4 2 60 48
1 2 59 48
7 2 63 47
8 2 58 48
2 2 57 51
7 2 61 52
5 2 58 53
1 2 57 54
5 2 57 70
6 2 61 71
2 2 63 72
7 2 66 72
3 2 66 71
4 2 57 77
3 2 56 35
6 2 56 47
4 2 63 46
8 2 59 46
1 2 57 46
3 2 59 45
6 2 64 44
1 2 59 47
2 2 58 47
6 2 57 47
3 2 56 53
4 2 60 52
6 2 56 74
8 2 64 73
1 2 57 73
1 2 60 72
3 2 56 80
5 2 57 80
4 2 58 81
8 2 66 82
6 2 68 17
8 2 56 80
6 2 55 5
8 2 68 4
5 2 63 4
6 2 55 15
6 2 65 14
1 2 64 15
7 2 55 20
5 2 67 19
8 2 66 20
2 2 66 19
8 2 62 22
7 2 60 21
1 2 61 20
8 2 60 20
5 2 59 22
1 2 57 19
5 2 55 36
1 2 55 38
6 2 55 42
7 2 63 43
5 2 55 54
7 2 62 55
8 2 60 55
6 2 55 69
5 2 67 68
5 2 63 68
6 2 63 67
5 2 55 81
5 2 66 82
1 2 63 82
1 2 55 81
3 2 54 29
7 2 58 28
2 2 61 29
2 2 54 35
6 2 54 38
3 2 54 47
8 2 59 48
5 2 58 48
2 2 54 53
3 2 54 74
4 2 53 54
8 2 52 39
7 2 54 40
2 2 52 56
8 2 52 66
2 2 62 82
3 2 70 83
8 2 65 65
2 2 65 83
6 2 64 83
3 2 65 83
7 2 54 67
2 2 63 66
1 2 65 65
2 2 52 83
5 2 69 84
7 2 64 83
2 2 66 84
4 2 63 83
5 2 64 83
6 2 64 84
2 2 52 97
1 2 64 96
5 2 64 95
3 2 63 98
2 2 70 99
3 2 65 99
4 2 58 96
4 2 51 20
1 2 58 21
3 2 55 21
6 2 54 19
4 2 61 18
3 2 67 17
3 2 59 18
3 2 64 17
8 2 54 20
2 2 55 21
6 2 54 21
6 2 55 20
4 2 56 20
8 2 54 22
6 2 68 23
5 2 66 23
4 2 68 24
2 2 67 25
7 2 65 23
1 2 65 23
6 2 64 23
6 2 51 19
1 2 59 18
6 2 60 17
5 2 58 18
8 2 61 17
7 2 65 16
5 2 64 16
4 2 54 21
4 2 50 10
5 2 50 31
8 2 59 31
2 2 54 30
8 2 55 29
2 2 56 28
6 2 55 28
3 2 59 29
2 2 50 32
8 2 50 33
4 2 55 33
7 2 50 34
7 2 54 34
5 2 54 33
7 2 54 32
6 2 53 32
4 2 50 35
3 2 55 35
4 2 53 35
1 2 50 37
3 2 51 37
2 2 50 38
5 2 50 58
2 2 63 58
4 2 66 60
7 2 68 60
1 2 56 58
4 2 61 57
4 2 64 58
2 2 65 58
3 2 63 58
2 2 66 60
3 2 60 58
5 2 59 58
8 2 55 57
3 2 59 58
6 2 60 59
7 2 64 60
5 2 63 60
7 2 59 59
4 2 58 56
3 2 57 56
7 2 56 58
4 2 57 59
4 2 51 57
2 2 50 59
2 2 58 59
8 2 55 59
2 2 54 59
8 2 50 60
4 2 54 60
5 2 69 61
8 2 68 62
3 2 53 60
6 2 57 61
7 2 54 61
4 2 65 62
3 2 57 62
1 2 67 63
1 2 60 63
4 2 56 62
6 2 63 63
1 2 57 63
5 2 54 62
8 2 56 61
5 2 55 61
7 2 50 61
2 2 55 61
5 2 56 62
7 2 57 63
6 2 58 64
2 2 56 63
8 2 56 64
7 2 62 65
1 2 61 65
4 2 58 65
3 2 54 62
8 2 53 62
1 2 51 60
1 2 52 61
8 2 55 62
4 2 50 61
7 2 52 60
6 2 51 61
2 2 50 61
6 2 50 62
3 2 51 63
2 2 57 64
6 2 50 66
5 2 59 66
4 2 58 66
3 2 61 67
8 2 64 69
8 2 62 68
7 2 60 68
5 2 56 65
6 2 56 65
3 2 54 65
2 2 56 66
7 2 54 65
4 2 50 66
1 2 53 65
2 2 52 65
7 2 50 68
4 2 56 69
5 2 50 70
1 2 61 70
8 2 59 70
5 2 55 70
8 2 54 71
4 2 58 70
2 2 57 70
8 2 50 71
1 2 50 72
4 2 59 72
5 2 56 72
8 2 57 72
2 2 55 73
3 2 56 72
1 2 50 82
7 2 60 82
8 2 52 81
3 2 51 82
2 2 58 83
3 2 56 83
8 2 55 83
1 2 53 83
6 2 54 84
3 2 60 85
2 2 68 85
4 2 66 87
4 2 65 85
7 2 66 86
5 2 50 81
2 2 52 81
6 2 52 82
7 2 53 83
1 2 57 84
3 2 66 85
4 2 51 80
2 2 53 79
7 2 51 82
5 2 50 85
7 2 60 85
7 2 65 86
2 2 61 86
8 2 61 85
4 2 59 85
8 2 54 85
6 2 58 85
2 2 50 86
1 2 53 86
7 2 58 86
6 2 52 86
2 2 53 85
7 2 51 86
8 2 50 87
5 2 53 85
1 2 52 86
7 2 50 88
6 2 57 88
5 2 58 87
4 2 68 88
4 2 50 88
3 2 57 89
4 2 64 89
5 2 62 88
7 2 61 88
1 2 60 90
6 2 60 91
8 2 61 89
3 2 61 92
1 2 64 87
4 2 56 89
2 2 62 88
1 2 57 90
5 2 54 89
8 2 56 88
7 2 53 88
7 2 57 87
1 2 57 89
5 2 56 89
7 2 57 90
2 2 56 90
2 2 59 91
7 2 60 92
1 2 59 92
8 2 56 91
2 2 54 89
8 2 54 90
3 2 53 89
6 2 50 89
3 2 51 90
5 2 56 91
8 2 55 91
4 2 54 91
5 2 50 93
4 2 59 93
1 2 56 93
6 2 60 94
2 2 60 94
7 2 59 94
8 2 59 93
2 2 50 94
8 2 50 95
1 2 51 95
8 2 60 94
8 2 52 94
7 2 56 95
8 2 58 96
2 2 59 96
5 2 57 96
6 2 56 95
3 2 55 94
2 2 54 93
6 2 52 93
3 2 54 94
4 2 53 95
7 2 51 94
5 2 50 99
5 2 65 98
5 2 63 98
2 2 62 98
4 2 61 98
1 2 56 99
6 2 60 97
4 2 51 98
3 2 59 99
4 2 63 99
2 2 50 100
4 2 49 11
6 2 54 9
3 2 54 12
7 2 54 13
8 2 54 98
3 2 51 12
3 2 56 10
3 2 54 12
6 2 53 11
6 2 50 10
8 2 53 9
2 2 59 13
1 2 50 9
5 2 58 8
1 2 54 8
4 2 60 7
8 2 59 7
2 2 52 8
4 2 49 29
1 2 52 10
2 2 52 11
7 2 49 38
6 2 51 38
8 2 51 37
3 2 50 38
2 2 52 38
4 2 49 56
7 2 49 58
3 2 53 57
3 2 49 61
2 2 49 60
5 2 50 59
5 2 49 62
7 2 49 85
5 2 52 84
4 2 49 84
3 2 51 85
2 2 49 87
4 2 51 87
5 2 50 86
8 2 49 86
8 2 54 28
1 2 54 87
4 2 49 97
6 2 54 87
7 2 49 99
7 2 57 99
1 2 48 13
4 2 56 15
6 2 57 99
2 2 49 14
7 2 54 15
6 2 48 16
7 2 56 13
6 2 55 13
3 2 48 15
1 2 59 16
4 2 58 15
4 2 56 16
6 2 58 14
1 2 55 14
5 2 54 16
7 2 53 16
8 2 48 14
2 2 54 15
7 2 48 13
5 2 48 17
8 2 52 17
1 2 50 18
8 2 54 15
6 2 55 17
1 2 52 17
4 2 54 16
3 2 53 18
6 2 48 24
6 2 49 18
4 2 48 19
2 2 49 18
2 2 50 19
1 2 48 31
6 2 48 34
2 2 49 23
6 2 58 24
3 2 61 23
5 2 61 23
7 2 52 22
5 2 51 22
3 2 56 23
4 2 55 23
2 2 54 23
7 2 55 24
2 2 60 25
4 2 61 24
7 2 53 23
4 2 50 22
6 2 50 36
3 2 48 33
8 2 51 35
6 2 48 51
1 2 57 23
6 2 58 51
2 2 49 50
3 2 57 49
1 2 48 58
7 2 52 57
6 2 52 56
8 2 54 55
5 2 51 58
6 2 48 61
1 2 49 62
6 2 48 69
1 2 49 70
4 2 53 71
6 2 54 72
1 2 52 71
3 2 49 71
1 2 48 85
6 2 48 88
1 2 49 89
6 2 53 90
3 2 52 90
5 2 48 89
1 2 50 90
1 2 53 91
2 2 52 91
3 2 52 92
4 2 51 91
8 2 51 91
6 2 49 90
2 2 50 91
4 2 48 90
1 2 48 93
1 2 48 99
4 2 55 99
5 2 54 99
6 2 54 98
2 2 54 100
7 2 52 98
4 2 54 97
5 2 47 10
4 2 50 11
7 2 50 10
4 2 51 9
5 2 59 24
1 2 57 8
3 2 56 8
1 2 56 8
6 2 50 9
4 2 53 8
5 2 50 8
3 2 52 7
1 2 49 8
4 2 47 14
4 2 51 13
8 2 49 13
5 2 50 14
6 2 51 15
7 2 50 13
3 2 49 14
8 2 50 14
7 2 49 14
5 2 48 13
2 2 47 15
1 2 47 18
4 2 48 17
8 2 47 17
5 2 48 16
7 2 47 18
8 2 47 19
7 2 48 20
6 2 49 21
3 2 47 20
7 2 50 19
4 2 49 19
3 2 48 20
2 2 48 21
5 2 47 21
1 2 47 20
5 2 47 25
5 2 54 26
4 2 47 32
7 2 48 31
4 2 50 30
1 2 49 30
1 2 52 29
5 2 54 30
8 2 48 30
6 2 49 29
8 2 49 28
2 2 47 33
5 2 48 35
1 2 47 36
6 2 49 36
8 2 47 35
5 2 47 52
6 2 51 53
4 2 47 59
8 2 47 62
5 2 47 70
5 2 53 69
7 2 50 71
5 2 48 71
2 2 48 72
6 2 50 73
3 2 61 74
1 2 59 74
1 2 57 7
7 2 53 74
1 2 52 74
6 2 58 75
4 2 47 71
5 2 47 83
3 2 47 85
4 2 47 86
8 2 47 89
4 2 47 94
5 2 51 95
2 2 48 95
3 2 50 96
6 2 46 11
2 2 48 13
8 2 46 10
6 2 46 29
3 2 50 28
4 2 51 27
7 2 49 29
2 2 48 28
1 2 50 27
3 2 54 26
3 2 57 76
5 2 58 76
2 2 56 76
3 2 49 27
6 2 58 26
5 2 49 28
1 2 47 28
8 2 46 29
3 2 46 35
8 2 49 34
5 2 48 35
6 2 46 56
1 2 51 55
1 2 47 55
3 2 46 62
6 2 49 63
4 2 48 63
8 2 51 64
8 2 46 71
3 2 46 89
5 2 46 95
8 2 47 96
1 2 51 97
8 2 52 26
2 2 50 95
6 2 46 97
1 2 46 96
8 2 45 12
5 2 45 18
3 2 46 17
1 2 48 16
7 2 47 16
1 2 45 20
6 2 45 24
3 2 52 99
5 2 45 36
6 2 45 51
5 2 53 50
8 2 55 49
6 2 56 49
6 2 53 49
8 2 54 23
5 2 45 63
1 2 45 65
5 2 51 66
1 2 50 66
3 2 50 67
2 2 54 48
4 2 54 67
4 2 53 49
8 2 53 67
6 2 49 66
7 2 47 66
6 2 50 67
6 2 45 69
7 2 45 74
8 2 51 73
4 2 56 47
7 2 56 74
6 2 50 74
7 2 45 89
5 2 45 90
3 2 44 10
2 2 46 9
8 2 48 8
6 2 45 9
1 2 47 73
4 2 49 75
2 2 48 75
2 2 50 7
5 2 51 6
5 2 51 75
2 2 44 17
2 2 45 18
6 2 44 20
3 2 44 29
6 2 48 30
4 2 47 30
2 2 44 35
1 2 46 34
5 2 46 33
3 2 44 56
2 2 50 57
4 2 49 55
2 2 44 62
1 2 47 63
6 2 44 65
3 2 44 83
2 2 44 89
6 2 44 95
3 2 44 97
2 2 50 98
1 2 43 95
7 2 46 94
3 2 43 94
8 2 45 93
7 2 49 92
7 2 47 93
1 2 46 94
2 2 44 95
8 2 42 21
7 2 44 22
2 2 42 38
8 2 42 48
7 2 53 5
4 2 55 5
7 2 54 47
7 2 44 49
8 2 42 66
7 2 44 67
4 2 42 95
6 2 42 95
4 2 41 74
4 2 48 73
4 2 46 74
2 2 50 74
3 2 45 75
6 2 44 73
8 2 44 74
1 2 47 75
8 2 46 75
7 2 47 76
8 2 55 4
4 2 56 3
1 2 56 4
6 2 58 77
2 2 57 3
6 2 60 2
3 2 58 4
6 2 54 77
1 2 55 79
1 2 53 78
5 2 53 77
6 2 44 75
4 2 48 76
3 2 48 77
8 2 50 78
6 2 49 78
3 2 50 77
7 2 49 77
2 2 47 77
7 2 48 77
4 2 47 78
3 2 43 74
5 2 40 3
3 2 52 2
7 2 52 3
6 2 52 3
7 2 54 5
7 2 55 6
5 2 54 6
7 2 48 2
2 2 53 6
8 2 53 6
4 2 53 6
6 2 54 1
4 2 50 1
1 2 49 2
2 2 49 1
6 2 48 1
8 2 48 1
3 2 48 2
7 2 52 1
5 2 47 2
2 2 52 3
7 2 51 4
3 2 50 4
4 2 49 3
5 2 53 4
1 2 46 3
8 2 45 3
2 2 40 4
8 2 40 5
4 2 50 5
1 2 51 5
7 2 40 6
6 2 50 5
6 2 47 6
2 2 49 5
6 2 48 5
7 2 44 6
3 2 47 7
4 2 46 7
5 2 44 7
4 2 40 6
6 2 40 7
8 2 43 7
3 2 41 8
3 2 40 12
5 2 44 5
7 2 43 11
1 2 42 11
5 2 41 12
2 2 40 12
2 2 42 10
5 2 40 40
1 2 46 40
8 2 53 40
8 2 45 39
4 2 54 40
3 2 49 40
2 2 51 41
7 2 54 42
4 2 54 42
6 2 50 41
5 2 56 42
4 2 57 43
7 2 55 43
1 2 57 43
1 2 59 44
7 2 49 41
2 2 54 42
5 2 51 42
1 2 42 10
4 2 41 39
2 2 40 41
8 2 40 42
7 2 40 43
6 2 47 43
8 2 53 43
2 2 52 43
7 2 44 43
8 2 51 42
3 2 47 44
8 2 52 44
1 2 50 45
3 2 49 43
4 2 46 44
1 2 47 45
6 2 52 46
5 2 48 44
6 2 48 43
1 2 50 42
8 2 47 44
5 2 44 44
4 2 40 43
4 2 47 42
5 2 44 42
2 2 44 44
2 2 46 45
7 2 46 45
8 2 46 46
1 2 51 47
4 2 47 45
5 2 49 45
8 2 44 45
6 2 44 46
6 2 40 44
2 2 45 46
3 2 41 45
6 2 40 48
4 2 48 48
5 2 46 47
4 2 48 47
6 2 46 47
4 2 40 48
7 2 40 50
2 2 42 47
8 2 46 46
3 2 42 48
5 2 40 52
4 2 50 52
4 2 46 51
5 2 45 52
1 2 49 52
8 2 44 53
8 2 48 52
8 2 40 53
1 2 40 54
1 2 40 64
5 2 45 63
8 2 42 63
4 2 44 64
1 2 43 62
7 2 43 64
3 2 44 65
2 2 42 64
3 2 41 64
2 2 43 65
4 2 42 63
6 2 41 63
7 2 43 62
3 2 42 63
8 2 41 64
6 2 40 66
7 2 40 68
5 2 46 54
2 2 46 68
4 2 46 69
2 2 46 69
7 2 50 70
2 2 45 55
1 2 47 53
8 2 45 55
3 2 43 67
5 2 40 70
8 2 40 71
4 2 43 67
1 2 40 72
5 2 40 76
8 2 44 76
2 2 40 77
6 2 42 77
8 2 40 78
4 2 39 1
7 2 40 79
3 2 43 2
7 2 44 79
1 2 48 1
5 2 44 80
4 2 40 79
4 2 45 80
3 2 45 80
7 2 39 3
3 2 39 6
1 2 40 6
5 2 39 11
6 2 40 80
8 2 41 10
3 2 41 81
8 2 43 81
4 2 39 38
7 2 39 40
3 2 39 43
4 2 39 74
1 2 40 43
6 2 39 74
4 2 42 73
6 2 41 73
7 2 39 76
5 2 41 75
3 2 39 79
2 2 40 75
1 2 38 3
2 2 41 78
6 2 38 6
2 2 39 5
8 2 39 6
4 2 38 6
5 2 38 7
6 2 38 15
2 2 39 14
6 2 38 33
4 2 43 2
2 2 39 32
3 2 47 31
1 2 38 40
4 2 44 33
4 2 45 40
3 2 45 41
1 2 43 33
1 2 45 34
3 2 43 39
6 2 45 34
6 2 42 33
5 2 43 32
8 2 45 31
6 2 43 31
2 2 44 30
7 2 42 39
6 2 42 38
7 2 43 40
1 2 41 33
4 2 40 33
6 2 38 43
1 2 41 42
2 2 39 42
8 2 41 41
8 2 39 43
5 2 38 44
5 2 41 45
6 2 38 51
1 2 39 52
8 2 44 37
1 2 42 53
3 2 45 53
4 2 42 54
6 2 44 53
6 2 43 54
6 2 38 69
3 2 39 53
1 2 39 70
8 2 42 54
7 2 42 69
7 2 43 69
3 2 39 71
1 2 38 76
6 2 38 79
7 2 44 69
8 2 44 68
6 2 44 80
4 2 43 69
6 2 44 69
5 2 42 78
5 2 38 80
6 2 38 87
2 2 39 86
3 2 45 87
3 2 47 88
4 2 37 4
1 2 37 8
8 2 37 12
3 2 37 11
5 2 37 16
6 2 41 17
3 2 43 18
4 2 42 18
5 2 37 34
6 2 41 35
4 2 37 41
1 2 37 45
5 2 37 52
5 2 43 51
5 2 38 53
2 2 38 54
2 2 43 70
6 2 40 55
4 2 37 53
7 2 38 53
7 2 39 52
7 2 42 51
8 2 42 50
4 2 41 51
7 2 40 52
5 2 37 70
1 2 41 71
5 2 38 71
4 2 40 72
8 2 39 73
4 2 37 77
1 2 39 78
1 2 40 77
8 2 40 76
5 2 37 88
6 2 41 89
4 2 37 94
1 2 42 56
6 2 43 93
4 2 46 92
8 2 45 57
7 2 42 56
8 2 46 92
5 2 42 94
6 2 41 56
3 2 41 55
2 2 38 93
4 2 39 92
2 2 39 94
8 2 39 95
6 2 40 96
7 2 43 97
8 2 45 98
6 2 47 57
3 2 46 58
1 2 42 97
6 2 41 97
7 2 38 94
6 2 36 1
3 2 36 7
6 2 36 38
4 2 44 38
1 2 41 37
4 2 42 39
1 2 37 37
3 2 36 44
4 2 41 45
8 2 41 46
1 2 41 47
8 2 36 53
6 2 36 74
3 2 36 80
6 2 39 81
2 2 47 82
4 2 38 81
8 2 45 82
6 2 45 83
4 2 45 83
7 2 44 82
8 2 45 84
2 2 42 82
8 2 35 2
2 2 40 1
1 2 38 1
5 2 35 8
1 2 35 10
6 2 35 15
5 2 43 14
7 2 35 20
1 2 37 19
1 2 40 18
6 2 35 33
5 2 35 45
1 2 35 47
6 2 39 48
7 2 39 48
5 2 38 48
7 2 37 48
6 2 35 51
1 2 44 50
4 2 43 50
7 2 35 56
1 2 37 55
4 2 39 57
2 2 38 57
6 2 35 69
3 2 44 68
7 2 45 67
4 2 44 67
5 2 35 81
1 2 35 81
1 2 35 83
4 2 40 84
7 2 45 85
6 2 39 84
4 2 46 83
6 2 45 84
7 2 37 84
6 2 35 87
6 2 44 86
5 2 43 86
7 2 35 92
1 2 37 91
1 2 40 90
6 2 37 92
7 2 35 97
8 2 42 96
1 2 37 96
4 2 39 98
2 2 38 98
2 2 34 7
6 2 38 8
6 2 34 10
6 2 36 11
2 2 34 11
3 2 34 12
7 2 34 13
3 2 34 38
2 2 40 39
4 2 39 37
2 2 34 44
6 2 38 45
3 2 37 45
6 2 34 47
3 2 34 74
6 2 34 83
1 2 41 82
1 2 40 83
8 2 39 83
3 2 34 92
3 2 41 91
2 2 37 91
8 2 40 90
1 2 41 89
4 2 40 89
6 2 34 91
5 2 38 90
4 2 33 8
3 2 36 7
1 2 33 12
4 2 33 45
8 2 32 30
7 2 44 29
7 2 34 31
8 2 32 48
2 2 41 49
7 2 34 49
8 2 32 66
4 2 39 66
2 2 41 67
5 2 38 66
7 2 34 67
8 2 32 84
2 2 38 83
4 2 38 84
8 2 38 84
2 2 40 85
4 2 39 85
7 2 39 86
7 2 37 83
3 2 36 83
7 2 36 82
7 2 34 85
4 2 32 95
4 2 31 20
3 2 35 21
3 2 40 22
1 2 50 23
6 2 49 23
4 2 46 24
2 2 48 23
6 2 34 19
8 2 40 18
5 2 39 19
8 2 34 20
2 2 35 21
1 2 36 22
8 2 48 23
3 2 50 24
1 2 51 25
1 2 56 25
2 2 41 23
5 2 47 24
7 2 46 25
3 2 48 98
5 2 48 98
7 2 44 24
6 2 40 23
2 2 44 24
6 2 34 21
2 2 37 20
4 2 38 19
8 2 37 19
7 2 36 22
6 2 35 20
5 2 35 22
8 2 34 22
6 2 31 19
4 2 31 56
5 2 39 57
4 2 36 56
3 2 35 57
6 2 34 55
8 2 34 56
6 2 34 57
7 2 37 58
4 2 40 23
5 2 41 24
6 2 44 59
1 2 43 60
5 2 43 59
7 2 39 24
4 2 43 25
4 2 31 97
4 2 40 24
5 2 39 98
1 2 38 98
8 2 40 98
3 2 35 98
7 2 37 99
3 2 30 2
7 2 33 1
1 2 32 1
5 2 31 2
8 2 40 3
3 2 32 1
2 2 30 2
1 2 30 46
8 2 32 45
4 2 34 46
4 2 35 45
1 2 33 44
8 2 34 43
1 2 35 42
7 2 33 46
3 2 34 47
2 2 32 46
3 2 31 46
2 2 33 47
5 2 30 45
6 2 30 48
7 2 30 50
7 2 39 49
4 2 36 51
2 2 38 52
4 2 34 49
2 2 36 51
6 2 37 51
1 2 36 51
3 2 33 49
5 2 30 52
5 2 35 52
8 2 30 53
1 2 30 54
5 2 30 58
4 2 38 58
3 2 38 59
8 2 40 60
6 2 39 60
3 2 40 59
7 2 39 59
1 2 35 57
2 2 30 59
6 2 40 59
7 2 38 59
8 2 37 59
4 2 37 60
2 2 35 59
8 2 30 60
7 2 30 61
2 2 40 99
7 2 34 61
5 2 34 62
2 2 38 61
4 2 30 61
3 2 36 62
1 2 37 63
5 2 34 60
6 2 30 62
3 2 31 63
4 2 34 62
6 2 33 62
4 2 30 92
8 2 32 92
7 2 34 93
5 2 30 99
2 2 30 100
8 2 34 98
3 2 37 99
4 2 36 99
6 2 35 99
6 2 34 97
4 2 37 95
4 2 35 97
5 2 34 98
5 2 29 1
4 2 29 29
5 2 38 64
8 2 37 64
5 2 37 64
4 2 29 56
6 2 29 56
7 2 29 58
1 2 34 59
5 2 33 57
1 2 32 57
2 2 30 57
6 2 33 59
8 2 30 58
3 2 29 61
1 2 30 61
8 2 33 60
4 2 29 97
6 2 29 97
6 2 33 96
7 2 29 99
6 2 28 5
2 2 29 4
1 2 28 13
6 2 41 14
6 2 41 28
1 2 40 15
4 2 36 15
3 2 30 12
2 2 29 14
7 2 34 15
6 2 28 16
3 2 28 15
4 2 39 16
8 2 38 16
8 2 28 14
7 2 28 13
4 2 33 15
5 2 28 17
1 2 30 18
6 2 29 18
4 2 28 19
2 2 29 18
2 2 30 19
6 2 28 24
8 2 44 25
8 2 45 25
4 2 45 26
8 2 38 23
1 2 36 17
4 2 36 23
7 2 36 22
3 2 36 23
2 2 29 23
7 2 32 22
5 2 31 22
4 2 34 21
2 2 32 23
4 2 30 22
1 2 28 31
4 2 36 33
2 2 29 32
7 2 34 33
6 2 28 34
1 2 40 35
3 2 28 33
8 2 38 34
8 2 40 35
2 2 37 34
5 2 34 34
4 2 35 35
7 2 33 34
8 2 33 35
8 2 28 32
4 2 33 31
5 2 42 30
3 2 41 31
5 2 37 30
4 2 39 29
1 2 39 29
4 2 38 30
6 2 37 29
8 2 37 31
7 2 36 30
2 2 34 30
3 2 32 31
7 2 28 31
6 2 32 30
3 2 33 29
2 2 36 28
1 2 39 27
8 2 38 27
8 2 34 28
5 2 28 35
1 2 32 29
1 2 30 36
1 2 32 35
6 2 28 51
1 2 29 52
7 2 32 51
1 2 32 53
4 2 32 54
2 2 31 52
5 2 32 51
8 2 31 52
3 2 29 53
1 2 28 58
6 2 28 61
2 2 29 60
5 2 28 62
6 2 33 36
2 2 35 63
7 2 35 64
8 2 33 63
8 2 35 64
4 2 32 63
6 2 28 78
2 2 29 77
2 2 36 78
3 2 39 38
8 2 36 77
3 2 35 78
1 2 28 99
2 2 30 98
5 2 27 6
6 2 31 7
4 2 27 14
4 2 31 13
8 2 29 13
5 2 28 13
2 2 27 15
5 2 33 16
7 2 32 16
8 2 32 17
1 2 27 18
3 2 30 17
7 2 27 18
5 2 30 17
4 2 28 17
8 2 27 17
8 2 27 19
7 2 28 20
6 2 29 21
3 2 27 20
2 2 28 21
5 2 27 21
1 2 27 20
5 2 27 25
2 2 41 79
2 2 40 27
4 2 27 32
7 2 31 31
4 2 31 30
2 2 27 33
1 2 27 36
5 2 31 35
6 2 29 37
5 2 34 26
4 2 28 37
5 2 27 52
4 2 27 59
8 2 27 62
1 2 27 63
5 2 27 79
5 2 28 53
6 2 31 54
3 2 30 54
2 2 28 54
3 2 26 17
7 2 27 16
6 2 26 29
6 2 31 80
5 2 32 28
6 2 33 27
3 2 40 26
2 2 33 81
8 2 29 28
4 2 34 27
4 2 31 27
1 2 27 28
5 2 34 27
8 2 43 26
1 2 42 26
7 2 43 25
5 2 40 26
1 2 30 27
3 2 26 35
6 2 26 56
5 2 26 95
7 2 31 94
8 2 31 96
6 2 26 97
6 2 25 5
8 2 25 12
2 2 28 13
6 2 26 10
8 2 34 9
5 2 33 4
1 2 27 9
4 2 32 10
2 2 33 8
1 2 30 8
5 2 25 18
1 2 25 20
6 2 25 24
7 2 33 25
6 2 39 26
5 2 25 36
4 2 30 35
8 2 27 37
1 2 32 38
7 2 32 38
6 2 25 51
5 2 25 63
3 2 27 38
2 2 32 64
2 2 35 65
7 2 34 37
2 2 28 38
3 2 32 37
5 2 31 39
8 2 31 39
8 2 30 37
6 2 29 38
3 2 26 62
6 2 25 78
5 2 33 77
7 2 36 65
6 2 33 76
7 2 25 83
8 2 34 82
3 2 33 84
1 2 27 82
1 2 30 81
3 2 24 10
3 2 31 9
7 2 32 7
2 2 24 17
4 2 25 16
5 2 26 15
6 2 24 20
3 2 24 29
2 2 27 28
3 2 29 27
6 2 38 76
2 2 37 26
6 2 34 26
8 2 36 25
1 2 31 26
2 2 24 35
7 2 26 36
3 2 26 36
3 2 24 56
2 2 24 62
3 2 24 97
8 2 22 21
7 2 24 22
2 2 22 38
8 2 22 48
4 2 29 48
4 2 35 26
2 2 31 49
7 2 24 49
2 2 22 65
8 2 22 75
6 2 33 49
7 2 24 76
2 2 33 75
3 2 20 12
6 2 23 12
6 2 27 13
7 2 26 13
7 2 23 11
4 2 26 10
8 2 25 10
7 2 31 9
2 2 27 9
4 2 24 12
2 2 23 11
6 2 25 10
1 2 22 11
7 2 26 10
1 2 23 10
2 2 25 9
5 2 28 8
8 2 29 7
8 2 31 6
3 2 31 13
7 2 30 14
4 2 27 9
3 2 24 10
5 2 21 12
2 2 29 13
4 2 21 83
1 2 32 5
6 2 33 4
6 2 37 3
3 2 32 4
7 2 35 4
7 2 31 4
5 2 32 84
2 2 33 4
3 2 25 84
6 2 24 82
8 2 24 83
3 2 30 82
2 2 25 84
6 2 24 84
4 2 29 85
6 2 31 85
2 2 31 86
4 2 42 87
4 2 35 87
7 2 34 87
2 2 27 83
4 2 28 82
5 2 28 81
4 2 30 80
8 2 29 80
2 2 30 79
7 2 27 85
7 2 29 86
3 2 28 86
6 2 25 83
8 2 24 85
4 2 29 86
7 2 20 23
4 2 24 22
4 2 26 24
6 2 27 23
7 2 25 23
3 2 23 22
5 2 20 25
5 2 25 25
4 2 26 25
3 2 30 26
7 2 24 25
5 2 28 24
6 2 28 25
8 2 27 26
8 2 24 26
1 2 24 26
1 2 26 24
8 2 25 24
4 2 24 26
5 2 26 27
7 2 27 26
8 2 20 26
1 2 20 27
1 2 20 37
8 2 22 36
3 2 21 37
2 2 24 36
4 2 26 37
5 2 23 37
1 2 23 38
5 2 20 36
1 2 23 35
4 2 25 34
1 2 25 33
4 2 26 39
2 2 26 39
8 2 29 32
6 2 22 35
4 2 21 35
7 2 25 34
5 2 25 33
7 2 26 32
6 2 25 32
3 2 29 31
5 2 28 31
7 2 28 32
8 2 22 35
7 2 21 34
5 2 20 40
4 2 29 40
2 2 30 40
4 2 21 39
8 2 35 40
6 2 37 41
3 2 31 40
8 2 23 39
2 2 20 41
7 2 25 40
8 2 20 42
7 2 27 41
5 2 32 42
3 2 26 41
2 2 32 42
7 2 20 43
6 2 27 43
7 2 24 43
3 2 27 44
5 2 24 44
1 2 27 45
4 2 25 44
4 2 20 43
5 2 24 42
6 2 20 44
3 2 21 45
2 2 23 43
4 2 27 42
8 2 23 42
8 2 23 45
8 2 26 46
7 2 25 46
1 2 20 64
5 2 28 63
6 2 26 63
8 2 22 63
4 2 24 63
1 2 24 64
6 2 32 65
2 2 28 65
7 2 30 41
3 2 26 65
3 2 21 64
4 2 29 65
5 2 20 63
6 2 22 64
8 2 25 65
3 2 26 65
7 2 24 65
4 2 21 62
7 2 21 64
1 2 23 65
7 2 20 77
4 2 24 76
4 2 26 78
2 2 25 75
4 2 30 74
6 2 28 74
1 2 30 73
7 2 25 77
3 2 23 76
4 2 28 75
5 2 27 74
8 2 27 76
5 2 20 79
5 2 25 79
1 2 29 78
8 2 30 74
4 2 28 79
7 2 29 79
1 2 27 80
8 2 27 79
5 2 26 79
7 2 24 79
8 2 20 80
1 2 20 81
5 2 20 85
2 2 20 86
2 2 24 86
1 2 32 87
5 2 35 88
7 2 34 88
8 2 34 89
6 2 32 87
8 2 30 87
8 2 24 86
5 2 28 87
3 2 24 85
8 2 22 80
8 2 24 79
6 2 25 80
6 2 22 86
7 2 26 87
6 2 27 88
8 2 20 87
4 2 24 87
8 2 30 88
1 2 24 87
4 2 22 87
7 2 20 88
5 2 20 93
2 2 29 88
5 2 30 89
8 2 32 88
3 2 28 89
4 2 27 89
5 2 27 92
1 2 26 93
2 2 20 94
8 2 20 95
3 2 27 93
2 2 28 94
8 2 23 95
5 2 19 11
7 2 19 40
3 2 19 43
7 2 23 10
1 2 20 43
6 2 24 42
4 2 19 83
6 2 19 83
2 2 22 42
4 2 23 84
7 2 19 85
1 2 22 84
1 2 22 86
5 2 21 84
3 2 19 88
2 2 19 87
5 2 20 86
1 2 23 87
1 2 24 41
5 2 25 88
2 2 22 88
1 2 22 88
5 2 19 88
6 2 20 89
1 2 28 90
3 2 21 90
6 2 26 40
6 2 18 15
2 2 19 14
1 2 24 16
5 2 26 15
2 2 25 16
6 2 18 24
4 2 24 25
1 2 19 25
3 2 19 26
1 2 18 40
6 2 22 40
5 2 21 39
6 2 22 38
7 2 21 38
8 2 21 40
4 2 20 38
6 2 18 43
5 2 18 44
4 2 20 43
6 2 20 44
1 2 18 49
5 2 28 48
2 2 28 51
3 2 27 49
2 2 25 48
8 2 29 49
2 2 19 50
7 2 28 51
7 2 24 51
6 2 18 52
3 2 18 51
8 2 18 50
3 2 22 49
7 2 18 49
6 2 23 48
3 2 24 47
1 2 23 47
4 2 21 49
5 2 18 53
1 2 20 54
6 2 18 69
8 2 24 68
7 2 30 67
1 2 29 90
6 2 29 91
4 2 29 90
6 2 28 69
8 2 28 91
2 2 28 91
6 2 24 67
2 2 19 68
3 2 31 67
1 2 36 68
6 2 34 67
2 2 33 67
4 2 32 69
4 2 31 67
2 2 25 67
1 2 26 66
7 2 22 67
2 2 27 68
2 2 31 69
5 2 29 69
7 2 28 69
4 2 27 69
3 2 26 66
5 2 25 67
3 2 25 68
4 2 24 68
6 2 18 78
1 2 19 79
5 2 23 78
1 2 22 80
4 2 22 81
3 2 19 80
1 2 18 85
2 2 20 84
6 2 18 88
5 2 21 67
4 2 22 87
1 2 21 68
8 2 23 67
1 2 18 93
1 2 25 69
7 2 25 92
8 2 17 12
5 2 17 16
6 2 21 17
5 2 17 25
5 2 18 26
6 2 21 27
6 2 26 94
7 2 27 28
2 2 18 27
6 2 22 28
7 2 23 29
8 2 25 30
2 2 25 31
1 2 22 29
5 2 17 38
4 2 17 41
8 2 17 44
1 2 17 45
4 2 17 50
2 2 17 51
1 2 17 54
6 2 23 54
6 2 19 55
1 2 23 55
1 2 25 56
7 2 23 56
8 2 25 57
8 2 23 55
4 2 18 55
5 2 17 70
5 2 24 71
5 2 17 79
4 2 21 78
8 2 22 77
3 2 21 81
5 2 18 80
2 2 18 81
4 2 17 80
7 2 19 79
4 2 17 86
2 2 17 88
4 2 17 94
4 2 22 95
2 2 23 93
6 2 21 93
1 2 20 95
1 2 23 96
1 2 25 97
8 2 24 96
2 2 22 96
3 2 16 53
6 2 16 83
3 2 16 89
7 2 23 97
7 2 27 90
8 2 25 98
4 2 27 99
5 2 21 90
6 2 15 15
6 2 15 24
7 2 15 29
8 2 21 28
1 2 17 28
2 2 20 27
5 2 15 45
3 2 16 44
7 2 15 44
3 2 15 44
5 2 15 54
8 2 17 55
4 2 19 54
3 2 19 53
2 2 19 56
3 2 17 56
6 2 15 69
7 2 23 70
5 2 29 96
4 2 28 96
3 2 26 71
4 2 33 71
8 2 32 71
5 2 31 71
1 2 27 72
4 2 25 71
2 2 33 72
6 2 32 72
2 2 20 68
7 2 19 68
6 2 15 78
1 2 22 77
5 2 26 76
7 2 25 77
7 2 23 76
3 2 25 75
7 2 25 74
2 2 26 73
1 2 24 75
1 2 28 74
7 2 27 74
6 2 28 73
1 2 26 75
5 2 25 75
4 2 24 76
6 2 23 75
2 2 21 77
3 2 21 76
5 2 15 90
7 2 29 91
8 2 21 91
2 2 20 92
8 2 22 92
1 2 23 91
3 2 21 92
4 2 22 93
6 2 21 91
8 2 23 90
5 2 21 93
3 2 14 38
8 2 19 37
7 2 18 37
1 2 18 39
2 2 14 44
2 2 15 45
2 2 22 46
4 2 16 46
2 2 14 53
5 2 18 52
8 2 17 53
7 2 16 54
3 2 14 83
4 2 19 82
3 2 18 83
2 2 14 89
4 2 20 90
6 2 18 90
3 2 19 89
4 2 17 90
4 2 13 45
7 2 13 47
8 2 12 21
2 2 22 20
7 2 14 22
2 2 12 56
5 2 21 57
8 2 12 66
6 2 19 68
1 2 18 68
8 2 18 68
7 2 14 67
4 2 18 67
5 2 21 66
8 2 12 75
7 2 14 76
2 2 12 97
3 2 10 22
4 2 21 21
5 2 18 21
4 2 12 21
1 2 13 20
3 2 23 19
4 2 22 20
1 2 17 19
1 2 20 18
6 2 10 28
6 2 12 28
4 2 19 30
2 2 18 30
6 2 17 29
1 2 18 30
6 2 18 29
8 2 15 29
3 2 15 30
3 2 23 31
5 2 26 32
2 2 25 32
2 2 12 27
5 2 10 31
5 2 15 30
4 2 19 31
1 2 23 32
6 2 25 33
8 2 14 31
3 2 18 32
8 2 20 33
6 2 19 33
2 2 20 34
3 2 19 35
5 2 18 34
2 2 17 32
7 2 16 32
5 2 16 32
2 2 10 32
1 2 13 32
7 2 16 33
4 2 15 33
8 2 10 33
4 2 14 33
6 2 12 31
2 2 12 30
7 2 10 34
1 2 12 34
5 2 14 35
4 2 10 34
4 2 15 35
1 2 17 36
8 2 12 33
2 2 11 33
6 2 10 35
3 2 11 36
4 2 10 39
6 2 13 39
2 2 12 38
4 2 13 39
5 2 10 58
6 2 25 58
3 2 23 58
5 2 26 59
1 2 16 58
8 2 15 57
2 2 20 58
1 2 28 59
3 2 26 59
2 2 27 60
4 2 19 58
2 2 19 57
1 2 18 57
7 2 16 58
7 2 19 59
8 2 20 60
6 2 19 60
3 2 18 59
2 2 10 59
4 2 17 60
5 2 16 59
8 2 10 60
2 2 14 58
7 2 10 61
1 2 22 61
4 2 21 61
7 2 14 61
6 2 20 62
7 2 20 61
5 2 14 62
2 2 20 63
2 2 18 61
4 2 10 61
3 2 16 62
1 2 17 63
4 2 15 62
6 2 10 62
8 2 14 63
3 2 11 63
8 2 16 64
7 2 15 64
4 2 18 65
3 2 10 76
4 2 12 75
6 2 18 75
1 2 13 74
6 2 25 73
1 2 30 72
8 2 24 73
8 2 25 72
3 2 23 74
1 2 17 73
5 2 16 75
6 2 10 82
6 2 12 82
1 2 14 81
8 2 14 82
7 2 13 83
2 2 12 81
5 2 10 99
1 2 16 99
2 2 22 98
8 2 15 84
8 2 15 98
7 2 16 99
2 2 10 100
5 2 15 99
6 2 16 98
2 2 14 99
3 2 9 12
6 2 14 11
6 2 18 10
4 2 19 10
4 2 9 12
7 2 14 13
7 2 9 31
1 2 9 37
8 2 11 37
6 2 11 36
3 2 12 35
4 2 10 36
2 2 15 37
6 2 12 35
5 2 9 36
8 2 10 35
1 2 9 39
8 2 12 40
3 2 13 40
6 2 14 41
2 2 17 42
1 2 13 42
4 2 17 42
1 2 16 42
5 2 13 41
7 2 12 41
7 2 9 58
5 2 12 57
6 2 13 58
8 2 12 58
6 2 9 60
1 2 12 60
1 2 9 64
6 2 11 63
3 2 12 62
2 2 11 63
4 2 10 63
5 2 9 63
7 2 9 99
8 2 12 99
5 2 8 11
1 2 13 10
3 2 13 12
4 2 17 98
3 2 21 13
8 2 11 10
2 2 16 9
1 2 19 8
8 2 18 8
2 2 20 7
8 2 20 6
7 2 23 5
3 2 22 97
1 2 21 98
3 2 19 7
4 2 25 5
8 2 25 4
4 2 26 3
5 2 27 6
1 2 26 4
2 2 27 3
8 2 14 9
2 2 12 11
7 2 13 10
6 2 14 9
3 2 12 10
5 2 12 9
1 2 21 8
4 2 16 8
3 2 16 7
5 2 20 6
7 2 24 4
3 2 24 3
8 2 19 7
1 2 20 6
5 2 23 5
4 2 22 5
4 2 25 5
2 2 24 6
6 2 22 4
7 2 24 3
2 2 21 5
5 2 18 6
6 2 18 6
4 2 8 83
7 2 8 92
8 2 20 93
4 2 19 93
7 2 19 94
3 2 10 91
1 2 16 90
3 2 16 92
4 2 11 11
1 2 9 91
6 2 12 92
6 2 7 15
2 2 10 14
7 2 13 15
8 2 19 16
5 2 15 16
5 2 15 90
7 2 14 16
4 2 13 15
6 2 16 15
8 2 13 14
7 2 9 14
7 2 14 13
2 2 14 13
1 2 14 15
4 2 13 15
2 2 8 14
3 2 10 13
7 2 12 14
6 2 13 13
4 2 12 13
6 2 8 13
5 2 11 14
4 2 9 14
7 2 9 15
8 2 14 17
5 2 13 16
2 2 12 16
4 2 15 17
8 2 8 15
6 2 7 24
1 2 7 40
6 2 7 43
4 2 10 44
3 2 7 42
5 2 7 44
1 2 7 49
2 2 10 50
6 2 13 50
2 2 15 49
5 2 16 48
3 2 15 49
1 2 12 51
7 2 9 50
6 2 12 49
5 2 12 51
4 2 11 51
5 2 10 49
4 2 11 48
7 2 11 51
3 2 9 49
5 2 8 16
3 2 12 16
2 2 11 16
1 2 8 16
1 2 12 17
2 2 8 50
5 2 10 51
7 2 14 52
6 2 7 52
6 2 11 53
8 2 15 47
2 2 15 55
1 2 12 52
3 2 7 51
8 2 9 52
4 2 12 53
8 2 11 53
1 2 10 53
5 2 7 53
1 2 11 54
4 2 7 53
6 2 7 69
6 2 20 46
2 2 10 68
7 2 17 69
2 2 16 67
7 2 13 69
8 2 22 70
3 2 22 71
2 2 23 71
6 2 22 71
4 2 13 69
5 2 15 70
1 2 20 71
5 2 21 72
8 2 14 71
5 2 20 70
3 2 19 71
7 2 22 72
4 2 21 73
4 2 19 72
6 2 17 71
7 2 9 68
2 2 8 68
3 2 11 67
7 2 17 66
5 2 10 67
3 2 14 67
6 2 13 66
1 2 13 65
4 2 11 67
6 2 8 67
6 2 7 78
1 2 7 85
6 2 14 86
1 2 13 87
5 2 13 86
6 2 7 88
6 2 11 89
4 2 14 88
1 2 14 87
3 2 16 86
8 2 11 90
6 2 9 89
3 2 7 87
8 2 14 86
7 2 13 86
3 2 12 86
5 2 7 89
1 2 7 93
3 2 17 92
6 2 14 94
2 2 22 73
5 2 21 73
8 2 20 73
5 2 15 95
1 2 13 95
3 2 13 95
8 2 6 12
3 2 6 11
4 2 9 10
2 2 8 10
6 2 7 10
2 2 7 12
5 2 6 16
5 2 6 25
7 2 14 24
4 2 14 24
4 2 16 23
2 2 14 24
7 2 12 24
5 2 6 38
4 2 6 41
2 2 6 42
1 2 6 45
6 2 6 45
8 2 6 44
4 2 6 50
8 2 9 49
5 2 8 49
1 2 6 54
6 2 6 54
5 2 6 70
1 2 14 71
3 2 19 72
2 2 20 73
1 2 20 73
5 2 19 73
5 2 16 72
2 2 15 73
5 2 6 79
7 2 14 78
2 2 16 78
4 2 14 78
7 2 12 78
4 2 6 86
2 2 6 87
1 2 6 90
2 2 9 90
4 2 6 94
2 2 14 95
3 2 5 44
3 2 5 53
7 2 6 54
3 2 11 55
2 2 5 54
4 2 15 96
7 2 19 55
4 2 5 55
1 2 12 56
2 2 8 56
3 2 6 56
8 2 5 56
6 2 10 57
6 2 5 83
1 2 6 82
3 2 5 89
3 2 10 90
4 2 13 91
2 2 12 91
8 2 13 91
7 2 14 93
2 2 13 93
5 2 12 91
7 2 11 91
6 2 4 15
4 2 8 16
8 2 7 17
7 2 8 16
4 2 6 17
8 2 5 17
6 2 4 24
7 2 4 29
5 2 11 30
1 2 11 29
1 2 6 28
5 2 4 45
5 2 4 54
6 2 4 69
4 2 13 70
6 2 4 78
5 2 4 90
4 2 6 89
8 2 8 89
1 2 6 89
6 2 7 90
4 2 4 90
3 2 3 38
7 2 7 39
1 2 9 38
2 2 3 44
4 2 4 43
1 2 4 42
2 2 3 53
3 2 3 83
4 2 8 82
8 2 7 82
5 2 7 81
2 2 3 89
7 2 2 47
8 2 1 21
3 2 15 22
7 2 14 20
3 2 13 20
2 2 12 21
7 2 3 22
2 2 1 56
8 2 1 66
6 2 15 65
5 2 14 65
3 2 13 65
4 2 9 65
6 2 8 66
2 2 11 65
8 2 10 65
7 2 3 67
8 2 1 75
7 2 14 74
8 2 15 73
6 2 14 73
3 2 13 74
4 2 13 74
6 2 12 74
2 2 12 75
6 2 12 76
7 2 3 76
2 2 1 97
4 2 18 96
7 3 26 4
8 2 26 3
6 2 26 2
4 2 25 3
6 2 29 1
6 3 20 98
7 3 19 5
3 3 22 27
8 3 19 80
3 2 18 80
5 3 10 69
1 3 9 27
6 2 18 27
5 2 17 27
6 3 9 33
8 3 8 26
3 2 8 26
3 2 16 27
1 2 15 27
8 3 8 80
3 2 13 80
1 3 8 81
5 3 8 85
2 3 8 91
8 2 8 91
8 3 8 95
3 2 11 94
7 2 14 95
5 2 12 95
2 2 17 96
6 2 10 95
7 2 10 94
8 2 12 93
6 2 10 95
1 2 9 96
2 3 7 41
2 2 10 40
7 3 7 49
2 3 7 86
7 2 7 85
2 2 10 84
5 3 7 93
4 3 6 14
5 3 6 79
4 3 5 23
7 3 7 23
4 3 5 68
7 2 7 69
6 2 9 70
8 2 8 71
3 2 8 71
4 2 9 72
8 2 12 73
4 2 11 73
1 2 8 72
5 2 6 70
4 3 5 77
7 3 7 77
3 2 9 76
6 2 12 77
2 2 11 77
7 3 4 43
5 2 4 42
3 4 19 97
1 4 18 72
4 4 17 7
1 2 17 7
5 4 14 40
4 4 10 56
3 2 9 58
5 4 9 93
4 2 8 93
4 4 8 51
1 4 8 83
2 4 6 23
6 2 6 22
5 2 7 21
8 4 6 50
4 4 6 83
8 4 6 86
4 4 5 56
6 2 6 55
7 3 4 56
3 5 15 25
2 2 14 25
4 5 13 28
8 2 12 28
6 5 10 96
3 2 14 97
1 2 12 97
8 2 12 96
7 3 11 97
6 5 9 74
4 5 9 97
5 2 8 98
6 2 12 99
3 2 9 99
2 3 8 97
1 2 7 98
4 2 8 99
5 5 8 39
2 5 6 77
7 2 9 76
4 2 7 76
5 2 7 75
7 2 6 75
7 5 6 88
1 2 5 88
5 2 5 87
6 5 4 44
7 2 23 4
2 6 9 35
8 6 9 71
5 6 6 24
8 6 6 41
7 2 5 41
1 2 9 40
3 2 8 40
2 2 8 41
1 7 13 80
2 7 8 92
4 2 7 95
4 8 8 28
8 2 7 28
5 2 7 27
6 11 9 20
4 2 12 19
8 6 26 2
