21438
3982
7 2 100 11
2 2 99 14
5 2 99 19
7 2 99 18
6 2 99 24
2 2 99 26
1 2 99 30
7 2 99 29
4 2 99 34
7 2 99 40
8 2 99 49
1 2 99 50
6 2 99 54
4 2 99 62
5 2 99 66
3 2 99 78
4 2 99 79
6 2 99 80
2 2 99 93
3 2 98 3
2 2 98 12
8 2 98 36
3 2 98 37
5 2 98 36
2 2 98 41
4 2 98 46
2 2 98 62
2 2 99 63
5 2 98 80
8 2 98 83
7 2 98 92
6 2 97 13
2 2 97 15
6 2 99 16
7 2 97 21
3 2 99 21
2 2 97 23
1 2 97 25
5 2 97 31
6 2 97 44
3 2 97 48
5 2 97 49
4 2 97 56
2 2 97 70
4 2 97 70
1 2 97 73
7 2 97 85
2 2 98 84
6 2 97 92
5 2 96 18
6 2 96 22
7 2 96 23
2 2 96 25
4 2 96 29
4 2 96 35
8 2 98 34
4 2 96 37
4 2 98 38
4 2 96 48
7 2 96 71
5 2 96 76
3 2 96 80
3 2 96 86
2 2 96 94
2 2 96 96
8 2 95 5
4 2 95 8
1 2 95 33
4 2 95 39
6 2 95 52
7 2 98 52
2 2 98 53
7 2 95 78
5 2 95 96
6 2 94 5
7 2 94 4
5 2 94 6
2 2 94 11
1 2 94 16
5 2 94 21
1 2 95 20
2 2 95 20
7 2 94 22
3 2 96 23
1 2 94 23
5 2 94 28
4 2 99 27
2 2 94 30
8 2 94 31
8 2 95 30
7 2 94 30
4 2 94 36
8 2 94 38
5 2 94 51
6 2 96 51
6 2 94 53
6 2 94 62
7 2 94 66
3 2 94 70
1 2 94 77
5 2 94 82
5 2 93 26
5 2 95 25
2 2 93 33
6 2 93 43
6 2 99 42
4 2 95 42
5 2 97 41
3 2 97 43
6 2 94 42
5 2 95 44
6 2 93 49
4 2 93 59
8 2 93 62
6 2 93 73
7 2 92 13
3 2 93 78
1 2 95 79
8 2 92 19
4 2 92 34
6 2 92 34
3 2 95 35
6 2 94 35
1 2 92 69
5 2 92 79
4 2 92 81
3 2 97 12
4 2 96 13
6 2 96 82
8 2 91 7
7 2 97 8
3 2 91 30
4 2 94 32
8 2 92 29
4 2 92 31
5 2 91 39
1 2 95 38
1 2 94 39
6 2 95 40
3 2 94 38
7 2 91 40
5 2 91 42
6 2 91 50
7 2 91 52
6 2 91 54
1 2 94 55
6 2 91 59
7 2 95 58
2 2 93 59
5 2 91 76
2 2 92 75
1 2 91 77
4 2 92 78
6 2 91 84
3 2 91 93
1 2 94 92
5 2 91 96
4 2 90 1
5 2 97 2
7 2 95 2
4 2 97 3
7 2 96 1
1 2 94 2
4 2 92 2
7 2 91 2
8 2 92 1
8 2 91 2
8 2 90 11
3 2 90 64
7 2 98 65
3 2 95 63
4 2 94 64
6 2 91 63
2 2 90 63
5 2 90 71
4 2 92 72
1 2 92 72
8 2 91 72
3 2 90 78
4 2 91 77
6 2 90 91
7 2 93 92
2 2 90 95
2 2 91 95
4 2 96 94
8 2 94 95
5 2 94 96
1 2 89 12
5 2 95 11
1 2 91 11
3 2 89 19
3 2 89 42
1 2 89 46
5 2 93 47
7 2 94 48
2 2 93 49
1 2 89 54
7 2 92 54
3 2 92 55
4 2 89 64
7 2 90 64
2 2 89 83
2 2 90 82
4 2 88 4
7 2 91 6
7 2 92 6
8 2 88 9
6 2 90 9
7 2 91 9
7 2 88 18
4 2 92 18
5 2 93 17
6 2 92 17
7 2 91 18
8 2 88 22
6 2 88 24
3 2 91 23
2 2 90 23
8 2 89 24
4 2 93 26
1 2 91 26
1 2 88 29
2 2 91 30
4 2 88 32
1 2 88 35
3 2 88 37
1 2 91 37
3 2 88 47
4 2 92 46
4 2 88 58
5 2 93 57
1 2 90 59
3 2 90 58
6 2 88 70
6 2 89 69
6 2 96 83
2 2 92 68
4 2 89 70
1 2 88 75
2 2 90 76
7 2 88 74
5 2 88 77
7 2 88 79
8 2 90 79
6 2 88 79
8 2 88 81
7 2 88 83
3 2 91 82
8 2 90 83
3 2 88 97
5 2 87 12
5 2 87 22
7 2 87 27
8 2 92 67
4 2 94 67
3 2 91 68
4 2 93 68
6 2 90 68
3 2 88 27
1 2 87 28
6 2 87 27
6 2 87 32
7 2 91 32
6 2 89 32
4 2 87 43
2 2 87 44
2 2 89 43
7 2 92 42
7 2 90 31
1 2 90 32
8 2 92 44
2 2 94 33
3 2 91 33
8 2 91 34
1 2 89 42
7 2 89 44
1 2 87 53
4 2 87 68
3 2 87 67
7 2 87 67
3 2 89 65
5 2 87 72
6 2 87 73
5 2 87 83
4 2 87 82
7 2 87 90
1 2 86 26
6 2 88 27
3 2 89 28
2 2 88 28
2 2 91 27
1 2 86 34
7 2 89 35
5 2 88 36
6 2 86 44
1 2 88 44
2 2 90 46
2 2 92 45
3 2 89 46
7 2 90 46
5 2 88 45
2 2 89 46
4 2 90 48
3 2 86 43
8 2 86 45
3 2 86 46
4 2 86 50
1 2 88 49
3 2 90 48
1 2 90 47
5 2 88 52
3 2 86 52
7 2 86 57
8 2 91 55
2 2 90 57
2 2 93 57
3 2 92 72
2 2 86 64
8 2 86 63
5 2 86 69
8 2 91 69
1 2 86 77
7 2 92 76
8 2 86 82
7 2 86 95
4 2 85 5
1 2 92 4
7 2 89 4
4 2 89 3
5 2 89 6
2 2 88 6
1 2 86 6
1 2 93 7
2 2 89 5
8 2 85 6
6 2 88 6
4 2 91 7
5 2 85 21
8 2 89 20
8 2 88 21
6 2 90 20
6 2 85 21
7 2 90 20
7 2 85 22
5 2 89 21
5 2 85 39
1 2 89 39
6 2 87 41
7 2 85 42
4 2 87 42
8 2 86 43
8 2 85 46
5 2 89 47
6 2 87 47
6 2 85 57
8 2 87 57
1 2 87 58
1 2 85 64
6 2 85 70
8 2 85 91
5 2 92 90
7 2 91 58
5 2 84 28
3 2 85 28
2 2 84 37
3 2 84 43
5 2 85 42
6 2 84 61
5 2 96 60
8 2 95 61
4 2 93 61
2 2 89 61
6 2 86 62
5 2 84 61
7 2 84 76
2 2 84 78
7 2 84 79
2 2 86 78
2 2 86 81
8 2 85 78
7 2 84 90
8 2 88 91
8 2 83 5
2 2 83 5
8 2 86 6
2 2 84 91
8 2 88 7
2 2 86 91
7 2 83 18
5 2 83 19
4 2 83 24
1 2 90 24
5 2 88 24
6 2 83 30
1 2 83 39
3 2 83 41
2 2 84 42
4 2 83 58
8 2 86 59
5 2 87 58
6 2 86 59
1 2 83 63
3 2 83 78
8 2 83 80
5 2 83 86
4 2 89 25
1 2 82 30
4 2 82 40
7 2 90 38
6 2 83 40
4 2 82 49
3 2 82 64
3 2 92 85
1 2 83 65
5 2 82 63
8 2 82 74
3 2 82 74
6 2 82 77
5 2 84 76
1 2 83 75
4 2 88 74
4 2 83 79
1 2 82 93
7 2 91 74
1 2 89 94
5 2 83 92
2 2 82 92
8 2 81 21
3 2 81 55
5 2 90 94
5 2 86 55
2 2 81 54
6 2 89 55
6 2 81 55
5 2 87 54
2 2 87 53
1 2 85 57
3 2 83 53
1 2 86 53
4 2 81 57
2 2 81 63
1 2 84 62
4 2 83 62
6 2 84 61
8 2 81 66
4 2 86 55
1 2 86 66
4 2 85 66
2 2 81 69
8 2 81 71
4 2 87 66
6 2 88 65
8 2 87 65
5 2 84 72
1 2 83 70
3 2 82 70
5 2 81 94
4 2 80 4
2 2 83 72
5 2 80 20
6 2 82 20
1 2 83 19
3 2 82 19
8 2 85 4
2 2 82 21
4 2 80 21
3 2 81 22
5 2 80 24
2 2 81 22
4 2 80 26
3 2 85 23
7 2 82 25
4 2 82 27
3 2 80 29
5 2 82 31
5 2 81 29
3 2 85 27
8 2 84 28
1 2 83 28
3 2 80 32
2 2 80 40
3 2 80 48
5 2 80 63
7 2 80 65
8 2 80 75
6 2 81 74
7 2 84 40
5 2 83 40
3 2 80 80
2 2 83 81
1 2 84 82
3 2 86 83
3 2 83 80
3 2 81 80
2 2 86 81
5 2 80 81
3 2 84 80
4 2 80 81
7 2 85 80
7 2 81 82
4 2 83 83
2 2 85 84
8 2 84 84
7 2 83 84
4 2 80 95
6 2 80 94
2 2 84 93
1 2 79 4
4 2 81 3
8 2 86 3
2 2 89 75
1 2 80 3
4 2 82 2
6 2 85 1
4 2 84 1
1 2 81 2
8 2 84 2
1 2 79 17
8 2 87 17
6 2 84 16
1 2 89 17
4 2 86 17
3 2 88 14
1 2 83 1
5 2 82 16
2 2 84 15
5 2 79 30
2 2 79 32
2 2 84 31
1 2 79 38
1 2 85 37
4 2 84 37
3 2 84 39
8 2 83 39
2 2 79 41
3 2 80 40
6 2 79 45
8 2 81 45
2 2 79 45
5 2 79 49
1 2 82 49
8 2 84 51
1 2 83 52
8 2 80 48
5 2 81 47
2 2 79 61
2 2 80 61
8 2 79 62
8 2 79 66
4 2 81 65
6 2 79 74
1 2 82 73
1 2 85 72
3 2 79 76
8 2 79 79
6 2 80 78
8 2 79 93
6 2 79 92
7 2 80 92
1 2 79 93
2 2 86 15
4 2 78 33
2 2 78 59
2 2 83 58
1 2 78 60
7 2 78 69
8 2 81 70
5 2 81 71
8 2 83 72
2 2 78 73
4 2 86 72
3 2 81 72
7 2 78 81
3 2 78 82
6 2 78 85
2 2 77 19
6 2 85 18
1 2 80 20
1 2 84 20
8 2 77 22
2 2 83 23
7 2 79 23
4 2 84 25
4 2 82 24
8 2 81 24
2 2 77 34
4 2 83 34
6 2 86 94
3 2 77 34
6 2 79 33
2 2 80 33
4 2 84 34
1 2 79 33
5 2 77 49
3 2 77 59
3 2 78 60
4 2 77 67
8 2 77 71
4 2 79 35
3 2 77 86
7 2 77 86
8 2 79 70
5 2 76 24
5 2 76 47
4 2 85 46
1 2 79 46
4 2 76 48
7 2 76 59
3 2 76 62
8 2 76 61
2 2 79 62
3 2 78 63
6 2 77 62
5 2 77 63
2 2 76 63
8 2 78 62
7 2 77 62
5 2 76 62
4 2 76 61
4 2 76 71
3 2 76 84
6 2 76 86
2 2 76 94
7 2 81 94
2 2 79 94
1 2 75 34
7 2 82 33
4 2 75 41
8 2 81 42
5 2 79 40
3 2 77 40
4 2 79 41
1 2 77 41
8 2 77 40
5 2 76 42
6 2 76 41
1 2 76 40
2 2 75 77
8 2 81 76
8 2 80 77
1 2 84 76
4 2 80 77
5 2 79 78
7 2 75 78
3 2 75 80
4 2 77 79
2 2 75 96
2 2 87 85
5 2 87 96
3 2 75 96
4 2 74 5
5 2 79 95
2 2 84 96
6 2 78 4
6 2 79 3
6 2 80 2
6 2 77 6
4 2 83 7
2 2 86 8
1 2 84 8
5 2 85 8
2 2 81 7
8 2 74 6
4 2 79 6
7 2 83 7
5 2 76 6
7 2 81 8
4 2 81 9
7 2 83 10
1 2 74 37
1 2 82 10
5 2 83 10
2 2 82 10
6 2 80 38
7 2 74 43
7 2 75 42
6 2 75 43
3 2 78 44
7 2 75 44
8 2 74 43
5 2 75 44
5 2 74 60
2 2 74 60
1 2 74 68
3 2 81 38
7 2 82 37
5 2 81 67
8 2 78 68
6 2 78 67
2 2 76 68
5 2 79 69
6 2 78 68
5 2 77 67
2 2 79 67
3 2 74 74
8 2 75 75
5 2 79 74
8 2 74 85
5 2 76 84
1 2 80 83
2 2 78 85
2 2 76 85
5 2 73 21
2 2 76 21
2 2 79 20
6 2 78 20
5 2 77 20
3 2 77 19
7 2 76 21
4 2 73 21
6 2 73 28
7 2 80 27
1 2 81 66
6 2 80 26
1 2 80 25
1 2 73 31
7 2 73 30
4 2 73 32
7 2 73 34
1 2 73 41
2 2 76 40
2 2 73 40
1 2 73 50
1 2 76 50
7 2 77 35
2 2 76 36
2 2 77 49
2 2 75 50
5 2 73 69
7 2 74 68
1 2 77 67
3 2 78 66
7 2 77 66
5 2 78 65
7 2 75 69
2 2 76 68
4 2 75 68
4 2 73 92
7 2 75 92
1 2 74 92
2 2 79 91
7 2 85 91
3 2 80 35
8 2 80 35
8 2 78 91
7 2 78 91
7 2 80 90
8 2 72 23
4 2 72 28
3 2 73 27
2 2 78 27
5 2 72 29
1 2 75 29
3 2 72 45
4 2 73 96
5 2 76 97
6 2 72 46
6 2 72 52
5 2 77 53
3 2 73 48
3 2 74 49
3 2 74 53
5 2 77 50
7 2 77 53
4 2 80 52
8 2 79 53
1 2 74 53
2 2 77 55
7 2 79 52
6 2 79 51
7 2 77 55
8 2 80 54
3 2 80 56
3 2 78 55
8 2 78 56
4 2 73 47
4 2 72 51
5 2 72 55
2 2 73 54
6 2 72 64
2 2 72 65
8 2 75 63
4 2 71 29
7 2 78 30
6 2 75 29
8 2 77 28
5 2 74 30
7 2 73 28
1 2 73 30
1 2 72 28
8 2 71 30
4 2 73 29
5 2 71 39
7 2 73 40
3 2 71 52
2 2 71 63
6 2 71 68
1 2 71 72
7 2 71 71
4 2 71 74
4 2 78 53
5 2 76 75
5 2 74 73
2 2 74 75
8 2 71 91
3 2 81 90
6 2 72 75
7 2 71 75
2 2 74 76
6 2 73 75
5 2 78 76
2 2 77 77
5 2 70 31
7 2 75 32
7 2 72 31
2 2 70 31
6 2 70 36
1 2 70 51
6 2 70 58
3 2 76 58
6 2 78 57
4 2 70 57
8 2 78 57
3 2 77 57
8 2 70 56
2 2 78 55
4 2 73 57
7 2 70 55
3 2 70 60
3 2 79 59
8 2 70 68
7 2 70 80
4 2 73 80
2 2 76 79
3 2 73 81
2 2 74 80
1 2 72 80
8 2 70 82
3 2 70 93
3 2 69 27
8 2 73 27
7 2 72 27
1 2 69 33
8 2 75 34
5 2 70 33
5 2 77 34
2 2 78 35
1 2 70 34
3 2 74 34
1 2 69 45
2 2 73 44
8 2 69 49
5 2 70 47
5 2 69 55
3 2 69 57
5 2 72 57
8 2 78 58
8 2 74 58
4 2 73 58
1 2 69 58
5 2 69 59
5 2 72 60
4 2 69 65
4 2 70 65
3 2 69 64
8 2 69 65
1 2 69 73
3 2 71 73
1 2 69 92
7 2 68 34
3 2 68 43
1 2 72 42
5 2 68 45
5 2 76 45
6 2 72 45
4 2 71 46
7 2 69 45
2 2 69 46
2 2 71 45
1 2 69 47
1 2 70 48
6 2 69 48
3 2 71 47
5 2 68 49
4 2 68 48
2 2 74 47
6 2 73 47
8 2 72 47
8 2 68 80
4 2 72 79
4 2 68 84
1 2 73 85
6 2 68 84
2 2 67 38
3 2 67 49
2 2 67 51
2 2 67 60
2 2 80 60
4 2 67 75
4 2 72 74
5 2 72 76
1 2 67 80
5 2 68 79
4 2 72 79
3 2 67 80
3 2 67 83
4 2 75 82
7 2 67 84
5 2 82 85
8 2 81 86
3 2 71 83
2 2 67 93
8 2 69 93
7 2 72 93
7 2 78 94
1 2 67 97
1 2 82 90
8 2 81 96
8 2 66 29
6 2 70 29
1 2 66 35
1 2 73 35
5 2 72 35
5 2 72 96
1 2 75 36
3 2 66 39
2 2 74 39
3 2 70 40
5 2 69 40
3 2 68 38
1 2 74 37
2 2 75 38
4 2 74 39
7 2 67 39
1 2 66 55
5 2 70 55
7 2 72 54
7 2 66 57
5 2 66 66
6 2 67 67
2 2 68 68
1 2 79 69
3 2 69 69
3 2 76 69
4 2 75 69
3 2 71 69
1 2 75 70
6 2 66 80
6 2 66 93
4 2 65 40
4 2 65 43
6 2 72 42
3 2 70 42
1 2 65 43
5 2 68 42
8 2 67 43
1 2 67 43
3 2 69 44
3 2 66 43
7 2 66 42
4 2 66 44
6 2 65 46
5 2 67 47
7 2 70 46
5 2 69 47
8 2 68 47
8 2 65 54
2 2 72 54
8 2 71 54
4 2 65 55
1 2 68 53
1 2 66 55
3 2 65 56
4 2 65 56
1 2 65 58
4 2 67 59
1 2 67 60
3 2 71 61
7 2 66 60
8 2 65 67
6 2 65 74
1 2 71 72
5 2 71 71
3 2 66 73
4 2 67 72
7 2 65 74
2 2 67 73
3 2 65 82
8 2 72 83
4 2 65 93
2 2 64 29
5 2 66 28
2 2 70 26
2 2 82 25
6 2 79 25
4 2 72 26
7 2 79 26
8 2 73 25
5 2 64 35
5 2 66 35
5 2 64 39
4 2 64 47
7 2 64 56
8 2 64 59
8 2 64 74
3 2 63 4
4 2 63 30
4 2 68 30
8 2 66 30
1 2 63 37
7 2 72 38
7 2 65 37
6 2 65 38
5 2 70 38
3 2 63 43
8 2 63 56
2 2 63 55
1 2 67 56
1 2 63 62
6 2 68 61
1 2 72 62
2 2 66 61
6 2 63 81
3 2 72 81
8 2 71 82
6 2 62 31
8 2 67 33
3 2 74 32
4 2 67 33
1 2 64 30
2 2 64 30
2 2 66 29
8 2 64 33
6 2 70 32
8 2 62 32
6 2 62 32
4 2 62 33
4 2 62 41
3 2 62 45
2 2 62 51
6 2 67 50
3 2 62 65
3 2 64 64
5 2 69 63
6 2 70 62
6 2 62 72
7 2 69 71
5 2 63 71
6 2 71 72
8 2 71 71
7 2 72 70
4 2 70 71
3 2 69 71
8 2 62 78
7 2 62 96
3 2 69 95
2 2 78 95
8 2 65 96
2 2 64 96
3 2 62 96
5 2 61 35
8 2 61 43
5 2 61 46
2 2 64 47
2 2 62 45
5 2 62 44
6 2 63 46
8 2 61 54
7 2 66 53
1 2 62 95
1 2 70 94
6 2 68 94
8 2 67 94
4 2 64 94
4 2 66 93
6 2 65 95
1 2 70 92
7 2 69 92
5 2 68 92
6 2 67 94
5 2 63 54
5 2 70 96
7 2 63 95
4 2 61 57
1 2 63 57
8 2 62 57
6 2 61 57
3 2 61 59
3 2 61 63
2 2 61 97
5 2 64 96
8 2 60 36
2 2 61 37
3 2 67 36
2 2 66 36
5 2 60 42
5 2 62 41
2 2 61 42
1 2 60 41
6 2 60 47
4 2 61 48
7 2 65 48
1 2 64 48
7 2 60 52
2 2 60 54
4 2 67 51
3 2 60 56
4 2 60 69
2 2 70 53
4 2 69 54
7 2 69 70
3 2 63 69
6 2 60 74
1 2 68 70
8 2 62 75
7 2 60 79
2 2 60 95
4 2 59 42
8 2 59 75
6 2 67 76
2 2 64 76
1 2 59 80
4 2 66 81
1 2 65 81
5 2 71 82
2 2 69 77
3 2 69 78
7 2 68 77
8 2 67 77
7 2 69 82
7 2 63 79
4 2 62 80
4 2 59 81
6 2 68 82
1 2 59 94
6 2 58 1
4 2 78 2
8 2 78 2
2 2 76 2
7 2 74 2
6 2 73 2
4 2 72 2
8 2 70 2
6 2 70 77
2 2 69 2
3 2 67 2
6 2 66 2
3 2 64 2
5 2 69 3
5 2 81 4
8 2 79 4
2 2 78 4
5 2 70 1
1 2 65 2
3 2 71 1
4 2 63 2
2 2 62 2
3 2 61 2
8 2 60 2
4 2 59 2
1 2 58 2
5 2 58 43
7 2 59 43
4 2 65 45
5 2 58 53
5 2 58 62
3 2 65 63
5 2 65 64
1 2 65 63
4 2 60 63
8 2 58 63
6 2 59 62
4 2 66 61
2 2 58 72
5 2 59 73
2 2 60 72
5 2 61 73
1 2 60 74
7 2 58 74
3 2 57 5
4 2 74 5
8 2 76 7
4 2 75 7
7 2 78 4
5 2 76 8
2 2 79 9
8 2 79 8
6 2 75 8
4 2 77 8
4 2 78 9
1 2 74 7
6 2 71 6
4 2 72 7
4 2 70 6
7 2 74 6
8 2 72 6
6 2 72 5
2 2 68 6
1 2 71 5
1 2 74 4
5 2 72 4
5 2 67 6
7 2 66 6
6 2 65 6
4 2 64 6
5 2 63 6
8 2 62 6
2 2 61 6
4 2 58 4
3 2 59 6
6 2 58 6
5 2 57 6
4 2 57 29
5 2 61 30
7 2 59 30
5 2 63 29
1 2 58 30
8 2 57 30
1 2 61 31
6 2 57 37
8 2 59 37
6 2 70 36
2 2 64 38
3 2 57 52
3 2 59 52
5 2 68 53
6 2 66 51
8 2 57 64
6 2 63 65
1 2 63 65
4 2 57 68
1 2 65 67
7 2 65 70
4 2 64 67
6 2 57 67
2 2 74 65
3 2 73 66
5 2 57 95
6 2 68 96
8 2 61 94
1 2 63 93
8 2 56 1
5 2 56 39
1 2 59 38
4 2 56 45
1 2 61 45
3 2 60 44
6 2 63 45
1 2 62 45
6 2 59 45
2 2 56 53
7 2 56 57
7 2 56 72
2 2 64 71
5 2 67 70
6 2 63 71
1 2 63 70
8 2 56 77
2 2 66 78
2 2 65 76
6 2 62 76
3 2 60 77
6 2 56 77
3 2 63 76
6 2 65 77
6 2 58 76
1 2 63 75
7 2 61 77
8 2 67 78
5 2 60 78
5 2 58 77
1 2 61 76
1 2 59 77
2 2 63 78
4 2 56 83
6 2 69 82
1 2 68 82
7 2 60 84
7 2 70 85
4 2 55 4
2 2 55 39
7 2 57 39
1 2 56 39
6 2 55 39
1 2 55 43
8 2 57 42
2 2 58 41
5 2 55 44
7 2 61 45
8 2 55 43
3 2 55 47
2 2 55 56
7 2 57 55
1 2 56 56
8 2 61 55
4 2 60 55
2 2 55 70
7 2 55 77
6 2 55 81
5 2 61 80
7 2 57 80
6 2 58 80
4 2 54 44
2 2 54 43
7 2 54 45
5 2 54 65
7 2 57 64
8 2 54 66
6 2 54 79
4 2 58 77
6 2 58 78
5 2 57 78
4 2 56 79
4 2 54 78
2 2 56 77
3 2 56 76
7 2 54 81
6 2 54 81
8 2 63 81
4 2 66 83
4 2 64 82
2 2 55 81
3 2 54 91
1 2 72 90
1 2 64 90
3 2 61 92
3 2 59 90
5 2 58 90
8 2 61 92
8 2 60 90
4 2 58 91
6 2 67 90
6 2 65 91
8 2 63 90
3 2 64 90
6 2 57 92
5 2 53 37
3 2 57 36
1 2 58 35
1 2 53 37
8 2 53 42
3 2 53 41
1 2 54 40
7 2 58 39
4 2 57 38
6 2 56 39
8 2 53 47
2 2 53 58
8 2 60 59
1 2 61 59
7 2 65 58
1 2 65 60
6 2 56 58
2 2 57 57
3 2 57 58
7 2 59 59
3 2 53 59
4 2 62 60
4 2 64 62
5 2 54 59
8 2 64 60
4 2 63 60
4 2 53 59
8 2 53 60
7 2 61 62
6 2 53 60
4 2 58 61
3 2 57 62
3 2 55 61
8 2 54 61
5 2 53 61
3 2 54 60
6 2 53 62
4 2 53 72
3 2 60 71
4 2 61 70
8 2 60 70
4 2 60 72
8 2 58 72
1 2 53 73
5 2 53 85
6 2 67 85
3 2 64 85
7 2 62 84
7 2 72 85
2 2 64 83
5 2 64 85
5 2 57 83
4 2 52 5
7 2 69 4
4 2 55 6
3 2 55 7
1 2 70 8
7 2 82 9
1 2 72 9
6 2 73 10
4 2 79 11
7 2 81 12
5 2 84 13
1 2 80 12
7 2 78 11
8 2 78 11
5 2 79 12
3 2 84 12
4 2 84 13
4 2 76 11
4 2 70 9
5 2 73 11
4 2 71 9
6 2 69 8
4 2 68 8
1 2 67 8
8 2 70 10
4 2 71 11
2 2 74 12
6 2 71 12
8 2 78 13
1 2 82 14
5 2 81 14
4 2 84 14
2 2 80 14
8 2 86 15
7 2 87 14
2 2 87 17
2 2 82 14
7 2 79 14
1 2 78 14
1 2 80 15
4 2 83 15
5 2 82 15
2 2 81 15
3 2 84 17
5 2 83 17
5 2 80 15
4 2 77 13
7 2 76 13
5 2 71 13
1 2 70 11
8 2 74 10
2 2 66 8
5 2 65 8
1 2 69 9
7 2 64 8
6 2 63 8
4 2 62 8
5 2 61 8
2 2 59 8
7 2 63 9
6 2 67 10
4 2 68 11
1 2 67 11
4 2 66 10
1 2 65 10
6 2 74 12
2 2 64 10
1 2 58 8
3 2 57 8
6 2 56 8
5 2 55 8
3 2 61 7
8 2 60 8
2 2 54 6
3 2 53 6
8 2 52 6
7 2 52 42
8 2 51 40
2 2 52 42
3 2 51 42
7 2 51 54
4 2 60 53
8 2 54 54
4 2 57 54
3 2 57 55
2 2 52 54
4 2 58 53
5 2 55 56
4 2 53 54
5 2 51 68
6 2 60 69
7 2 52 67
5 2 56 66
8 2 60 65
2 2 67 65
6 2 60 66
2 2 59 66
1 2 62 67
3 2 56 66
4 2 52 66
8 2 51 74
5 2 55 75
6 2 55 75
8 2 53 74
5 2 52 74
7 2 59 73
7 2 51 75
8 2 51 83
2 2 50 74
6 2 50 92
3 2 57 92
4 2 51 91
7 2 59 90
5 2 56 92
1 2 55 92
6 2 54 93
1 2 53 92
5 2 50 95
6 2 60 94
3 2 56 94
7 2 55 94
3 2 52 95
8 2 54 96
7 2 51 94
4 2 54 93
4 2 51 95
7 2 51 96
5 2 55 96
7 2 53 96
8 2 52 96
5 2 49 1
4 2 57 1
3 2 56 1
1 2 59 2
2 2 59 2
8 2 55 1
4 2 49 29
3 2 59 31
4 2 58 28
7 2 65 27
5 2 66 27
6 2 70 25
6 2 67 27
2 2 57 31
2 2 56 29
1 2 62 28
4 2 69 26
7 2 55 30
8 2 54 29
2 2 54 30
5 2 50 30
6 2 49 30
6 2 52 29
8 2 49 63
1 2 55 63
6 2 53 63
7 2 49 68
7 2 61 69
7 2 59 68
3 2 58 68
5 2 54 69
3 2 51 67
7 2 51 66
1 2 50 67
5 2 54 66
3 2 49 77
1 2 49 92
1 2 48 29
1 2 49 28
2 2 65 27
5 2 70 26
2 2 74 25
7 2 66 26
7 2 61 27
4 2 59 27
4 2 60 26
8 2 55 28
8 2 60 27
1 2 64 26
4 2 49 28
4 2 51 27
8 2 56 27
2 2 56 27
1 2 50 27
4 2 52 26
4 2 61 25
8 2 57 26
1 2 51 26
4 2 53 25
4 2 62 24
5 2 71 23
8 2 58 25
3 2 74 24
7 2 73 25
2 2 58 25
4 2 64 24
7 2 69 23
3 2 74 23
7 2 73 22
7 2 70 22
3 2 73 21
2 2 72 21
2 2 62 24
7 2 65 23
1 2 69 22
7 2 56 26
5 2 57 25
1 2 52 25
1 2 64 24
2 2 64 23
4 2 54 24
8 2 59 24
1 2 62 24
1 2 53 24
5 2 60 23
4 2 62 23
5 2 70 22
1 2 70 21
4 2 55 23
7 2 57 24
8 2 57 24
8 2 55 25
6 2 57 24
5 2 56 24
1 2 54 23
4 2 56 22
8 2 63 21
8 2 67 21
4 2 66 21
2 2 64 21
4 2 63 21
8 2 61 22
7 2 63 21
1 2 55 22
4 2 57 21
2 2 60 22
4 2 59 20
8 2 77 19
2 2 84 18
4 2 79 18
8 2 64 20
7 2 70 19
1 2 58 20
2 2 69 19
4 2 63 19
7 2 75 18
5 2 78 17
7 2 78 16
3 2 81 15
1 2 74 18
7 2 71 18
4 2 67 19
4 2 60 19
1 2 59 19
1 2 60 18
4 2 70 17
4 2 72 16
1 2 78 16
2 2 77 16
8 2 68 17
8 2 66 18
3 2 71 18
1 2 65 19
1 2 56 21
6 2 57 20
6 2 58 19
5 2 65 18
2 2 68 17
4 2 74 16
2 2 72 16
4 2 65 17
7 2 72 16
6 2 59 18
5 2 66 17
4 2 62 17
1 2 63 16
1 2 61 17
6 2 67 16
1 2 65 16
4 2 65 15
8 2 64 16
7 2 63 17
6 2 62 16
5 2 57 21
1 2 59 22
5 2 48 44
6 2 50 43
8 2 52 44
1 2 48 47
5 2 60 48
7 2 63 50
7 2 48 51
3 2 59 51
7 2 51 50
2 2 58 50
7 2 63 50
6 2 57 49
3 2 48 51
1 2 50 50
3 2 56 49
4 2 55 49
6 2 54 49
6 2 48 64
3 2 52 65
6 2 48 72
5 2 50 70
3 2 49 72
5 2 48 72
1 2 48 97
3 2 50 96
6 2 47 48
3 2 57 47
1 2 53 47
4 2 48 47
7 2 55 48
3 2 47 47
2 2 50 47
2 2 47 71
4 2 47 72
3 2 47 96
8 2 47 97
4 2 46 29
4 2 46 59
4 2 52 60
5 2 49 60
5 2 51 59
7 2 51 61
1 2 50 59
7 2 46 83
5 2 63 82
3 2 55 82
5 2 46 84
8 2 57 85
1 2 60 85
8 2 54 84
1 2 45 29
8 2 49 28
4 2 48 30
8 2 50 32
4 2 67 32
3 2 61 32
7 2 60 32
8 2 59 32
2 2 62 32
5 2 61 32
8 2 60 32
5 2 58 32
7 2 56 32
3 2 65 33
1 2 55 32
8 2 54 32
6 2 63 33
2 2 56 33
7 2 52 32
1 2 54 33
5 2 56 35
7 2 54 34
2 2 51 32
8 2 48 31
4 2 45 46
2 2 54 45
4 2 46 47
2 2 51 48
1 2 45 49
5 2 54 49
5 2 48 50
3 2 45 49
3 2 66 50
6 2 45 51
5 2 48 51
1 2 57 52
2 2 57 51
8 2 54 52
5 2 55 51
4 2 55 52
7 2 54 51
4 2 45 56
1 2 55 56
4 2 54 57
5 2 50 56
4 2 48 55
6 2 56 54
7 2 53 53
7 2 52 55
2 2 52 56
5 2 51 55
1 2 52 54
6 2 50 54
2 2 50 56
1 2 45 55
2 2 48 57
4 2 45 74
2 2 46 73
6 2 56 74
3 2 45 74
8 2 52 74
1 2 52 73
5 2 45 81
6 2 53 81
6 2 58 83
4 2 49 81
4 2 52 80
2 2 52 82
6 2 44 1
6 2 53 1
5 2 44 57
4 2 47 57
6 2 44 70
2 2 50 69
2 2 56 71
8 2 44 69
8 2 44 76
3 2 52 75
5 2 51 75
2 2 49 77
5 2 48 78
7 2 43 47
2 2 46 48
6 2 45 46
3 2 43 75
7 2 43 74
8 2 50 75
3 2 48 72
1 2 48 76
1 2 46 75
2 2 47 75
1 2 43 73
6 2 47 72
1 2 43 76
6 2 50 77
3 2 43 77
3 2 43 81
2 2 53 80
6 2 54 79
3 2 45 80
4 2 46 79
6 2 43 92
6 2 47 92
1 2 53 93
7 2 43 95
4 2 46 96
2 2 49 95
4 2 47 95
2 2 46 96
3 2 50 96
3 2 43 94
7 2 42 57
8 2 46 58
3 2 54 58
4 2 53 58
6 2 53 59
8 2 52 58
1 2 44 57
8 2 42 61
2 2 48 60
5 2 45 61
3 2 45 60
5 2 51 60
4 2 42 71
4 2 41 51
8 2 51 50
6 2 44 51
7 2 46 52
2 2 49 51
3 2 54 52
6 2 51 52
5 2 52 51
7 2 51 51
2 2 50 52
4 2 50 52
7 2 41 54
6 2 43 56
6 2 41 55
8 2 47 54
7 2 48 53
4 2 41 59
7 2 41 65
4 2 49 65
6 2 57 64
3 2 47 66
2 2 44 64
1 2 44 63
7 2 41 68
4 2 41 77
4 2 46 77
8 2 46 78
6 2 41 84
1 2 51 83
4 2 58 84
7 2 50 83
8 2 50 83
5 2 52 82
4 2 51 83
3 2 49 84
7 2 43 85
5 2 53 85
7 2 53 86
7 2 42 83
5 2 41 83
1 2 46 83
2 2 47 84
1 2 52 85
7 2 51 85
3 2 45 84
2 2 40 59
7 2 42 59
6 2 44 58
4 2 42 60
6 2 44 61
8 2 40 61
7 2 45 62
5 2 41 60
7 2 42 62
8 2 44 62
4 2 52 63
2 2 51 63
3 2 41 62
4 2 42 62
6 2 40 67
2 2 40 69
3 2 40 72
5 2 45 71
7 2 47 70
1 2 45 70
1 2 40 78
4 2 40 79
3 2 40 85
4 2 40 84
8 2 41 83
7 2 40 83
6 2 40 86
5 2 46 86
3 2 40 92
7 2 40 96
1 2 42 95
5 2 39 5
8 2 66 4
2 2 65 4
6 2 62 4
3 2 54 4
6 2 50 5
4 2 59 4
1 2 61 3
1 2 55 4
6 2 54 4
3 2 55 3
5 2 56 4
3 2 39 52
4 2 39 54
7 2 39 69
3 2 41 71
3 2 40 69
5 2 44 68
7 2 39 74
6 2 39 84
6 2 39 90
5 2 58 90
6 2 57 91
4 2 39 92
7 2 44 91
2 2 65 90
1 2 63 90
1 2 58 90
5 2 43 91
5 2 61 90
3 2 57 90
8 2 40 91
2 2 46 91
3 2 42 91
2 2 38 54
2 2 42 54
7 2 42 53
5 2 39 54
3 2 38 54
4 2 38 59
6 2 40 59
3 2 38 66
2 2 45 67
2 2 42 65
7 2 38 76
5 2 40 77
1 2 39 75
5 2 37 64
4 2 55 65
7 2 46 64
8 2 37 63
1 2 47 62
7 2 47 63
5 2 46 64
6 2 37 68
6 2 49 67
4 2 38 67
1 2 37 70
4 2 37 74
5 2 37 76
7 2 37 76
2 2 39 78
3 2 45 78
1 2 40 78
7 2 39 78
7 2 36 60
3 2 36 63
7 2 36 64
8 2 36 64
6 2 36 69
6 2 37 70
2 2 39 70
2 2 36 84
5 2 36 90
1 2 35 66
2 2 36 65
8 2 42 66
1 2 41 67
4 2 35 95
5 2 37 95
1 2 47 94
5 2 42 95
6 2 41 95
3 2 39 94
1 2 39 95
7 2 36 94
7 2 40 93
6 2 34 5
1 2 48 4
3 2 34 64
7 2 34 79
5 2 35 79
4 2 43 80
1 2 45 81
6 2 40 80
5 2 39 81
3 2 47 80
2 2 43 81
5 2 46 80
2 2 39 81
3 2 34 82
1 2 34 93
7 2 34 95
1 2 33 63
1 2 33 69
7 2 33 76
5 2 42 75
8 2 41 75
6 2 38 75
3 2 34 77
1 2 33 78
7 2 33 93
1 2 39 93
6 2 34 93
4 2 33 94
1 2 34 94
7 2 33 94
8 2 34 94
3 2 33 95
8 2 34 96
6 2 34 96
5 2 33 96
3 2 32 29
6 2 43 30
1 2 46 31
4 2 44 31
2 2 50 32
4 2 50 33
1 2 56 33
2 2 50 33
8 2 52 34
4 2 60 36
3 2 59 36
7 2 59 36
4 2 56 35
1 2 52 35
4 2 51 34
2 2 51 35
7 2 50 34
8 2 51 35
5 2 53 36
7 2 51 36
5 2 47 32
6 2 46 32
1 2 43 31
4 2 42 30
8 2 43 32
8 2 45 33
1 2 43 33
4 2 48 34
4 2 50 35
6 2 49 35
2 2 48 35
4 2 52 36
2 2 51 37
5 2 51 38
2 2 49 36
1 2 50 36
8 2 49 36
5 2 45 34
1 2 41 30
2 2 40 30
5 2 39 30
2 2 43 29
7 2 38 30
6 2 37 30
4 2 36 30
5 2 35 30
2 2 33 30
1 2 32 30
1 2 32 59
6 2 41 58
4 2 34 60
8 2 38 60
6 2 32 77
2 2 32 84
7 2 37 85
7 2 33 83
8 2 36 82
4 2 35 83
7 2 32 84
5 2 39 85
3 2 34 85
4 2 32 83
7 2 32 97
1 2 30 74
5 2 36 74
8 2 34 73
6 2 34 75
4 2 33 75
7 2 29 1
7 2 31 1
1 2 49 2
7 2 48 2
6 2 50 3
2 2 47 2
5 2 50 4
2 2 49 5
6 2 46 2
7 2 42 2
2 2 41 2
1 2 40 2
5 2 42 4
2 2 37 2
1 2 36 2
5 2 32 2
4 2 31 2
3 2 29 29
1 2 46 28
6 2 47 28
5 2 52 27
8 2 50 27
5 2 44 28
6 2 42 28
2 2 46 27
6 2 48 27
5 2 45 27
3 2 33 28
4 2 46 27
6 2 30 30
3 2 30 31
5 2 29 30
5 2 29 75
6 2 31 74
2 2 31 74
2 2 28 62
5 2 39 62
5 2 32 62
4 2 37 61
2 2 38 60
5 2 37 60
2 2 37 59
7 2 38 60
7 2 39 59
1 2 30 61
7 2 39 62
1 2 35 61
5 2 28 72
3 2 32 71
7 2 42 73
1 2 28 80
1 2 34 80
3 2 32 78
4 2 36 77
5 2 31 80
5 2 28 80
3 2 38 81
7 2 39 82
1 2 37 82
8 2 30 81
2 2 33 80
8 2 28 84
1 2 29 84
3 2 27 64
6 2 35 65
6 2 32 64
5 2 27 65
5 2 40 66
2 2 39 66
1 2 39 66
7 2 35 67
8 2 27 78
2 2 33 77
5 2 27 83
8 2 27 93
3 2 35 93
2 2 33 94
8 2 33 93
6 2 29 94
6 2 28 92
4 2 41 90
6 2 40 91
7 2 46 90
2 2 31 93
8 2 32 93
5 2 27 92
5 2 32 91
1 2 44 90
3 2 39 90
4 2 38 92
3 2 30 94
7 2 26 68
4 2 26 70
5 2 36 70
4 2 30 69
3 2 26 70
8 2 40 70
6 2 39 71
3 2 30 69
5 2 32 68
5 2 29 71
2 2 36 72
2 2 26 75
2 2 30 76
3 2 28 76
6 2 26 74
6 2 30 73
4 2 25 77
2 2 31 76
1 2 30 76
3 2 25 83
1 2 28 84
3 2 30 85
4 2 31 85
1 2 25 84
5 2 29 85
2 2 37 85
4 2 25 95
5 2 30 96
7 2 29 96
2 2 27 94
4 2 27 95
1 2 24 1
6 2 30 1
2 2 29 1
5 2 36 3
5 2 34 2
6 2 34 3
6 2 32 2
4 2 24 29
5 2 39 28
4 2 42 27
4 2 27 30
3 2 27 31
6 2 40 32
4 2 43 34
1 2 40 33
6 2 43 35
7 2 47 36
4 2 47 37
8 2 53 38
2 2 52 39
7 2 49 38
2 2 49 39
7 2 51 38
5 2 49 40
1 2 48 38
8 2 41 34
1 2 41 35
4 2 45 36
2 2 45 37
7 2 45 38
4 2 45 39
5 2 53 40
7 2 47 40
2 2 47 41
4 2 49 42
5 2 42 36
1 2 38 32
2 2 37 32
4 2 40 34
5 2 36 32
7 2 35 32
6 2 34 32
5 2 32 32
8 2 31 32
2 2 30 32
1 2 29 32
6 2 39 34
2 2 26 30
3 2 25 30
3 2 24 68
7 2 24 70
1 2 24 73
5 2 30 72
7 2 26 72
3 2 27 73
2 2 26 73
8 2 29 72
4 2 29 71
8 2 25 74
2 2 27 75
1 2 27 76
4 2 25 73
7 2 24 79
8 2 31 77
3 2 30 77
8 2 29 79
2 2 24 92
1 2 31 91
1 2 28 92
4 2 23 68
8 2 30 67
8 2 40 65
3 2 30 66
4 2 29 67
5 2 23 75
5 2 26 76
8 2 23 77
6 2 23 76
7 2 23 97
5 2 22 72
4 2 24 72
5 2 21 90
6 2 49 90
2 2 35 91
7 2 27 91
4 2 20 72
7 2 22 72
5 2 21 71
6 2 27 70
2 2 25 72
7 2 24 72
1 2 24 73
1 2 22 70
7 2 28 69
8 2 20 73
3 2 20 79
8 2 23 81
7 2 20 79
4 2 20 84
5 2 24 83
3 2 21 85
3 2 35 85
3 2 25 85
3 2 22 85
6 2 31 85
2 2 21 85
4 2 21 84
2 2 24 85
5 2 23 85
1 2 19 75
8 2 21 74
2 2 20 74
4 2 18 1
5 2 26 2
6 2 28 3
7 2 40 4
8 2 41 5
6 2 41 4
2 2 39 4
5 2 46 5
4 2 48 6
4 2 50 7
4 2 53 8
3 2 53 9
6 2 61 10
7 2 61 11
5 2 71 16
1 2 69 12
4 2 64 12
8 2 69 13
2 2 70 13
1 2 65 13
4 2 72 14
4 2 65 13
1 2 66 14
6 2 67 14
2 2 62 12
6 2 63 12
4 2 64 13
4 2 60 10
5 2 61 12
1 2 61 12
2 2 57 10
3 2 55 10
5 2 53 10
2 2 52 8
3 2 51 8
1 2 54 10
3 2 47 6
6 2 36 4
8 2 37 4
2 2 35 4
7 2 35 5
1 2 41 6
5 2 44 7
4 2 46 8
4 2 48 9
4 2 51 10
3 2 51 11
2 2 55 12
7 2 59 13
6 2 63 14
8 2 63 13
1 2 61 14
5 2 59 14
1 2 54 12
6 2 57 12
4 2 56 12
5 2 55 12
5 2 56 13
2 2 59 15
6 2 57 14
1 2 59 15
2 2 57 13
7 2 57 15
3 2 53 12
8 2 59 14
6 2 52 12
6 2 51 10
5 2 51 12
2 2 50 10
3 2 49 10
3 2 45 8
7 2 40 6
6 2 45 8
8 2 44 8
1 2 44 8
8 2 43 6
2 2 39 6
6 2 38 6
2 2 27 3
4 2 25 2
8 2 22 2
6 2 21 2
2 2 20 2
8 2 17 79
4 2 27 80
4 2 29 81
3 2 26 80
5 2 29 80
6 2 22 78
3 2 16 79
1 2 32 78
2 2 16 80
6 2 20 81
6 2 16 83
4 2 20 83
8 2 20 82
3 2 20 83
7 2 19 83
1 2 18 83
1 2 20 82
5 2 16 90
7 2 29 90
1 2 16 90
3 2 19 91
7 2 16 94
6 2 34 93
3 2 29 93
1 2 25 94
8 2 17 94
4 2 26 95
5 2 24 95
6 2 22 93
3 2 20 93
8 2 25 93
7 2 18 96
5 2 17 97
2 2 21 96
7 2 15 79
5 2 15 79
3 2 15 94
7 2 23 93
2 2 21 93
5 2 17 93
4 2 23 92
3 2 17 95
6 2 17 96
5 2 15 94
1 2 14 5
3 2 14 76
8 2 20 74
7 2 19 74
6 2 18 75
5 2 14 85
7 2 16 85
8 2 16 85
4 2 22 86
6 2 15 84
8 2 17 83
8 2 13 84
4 2 25 85
2 2 16 83
7 2 18 82
6 2 23 80
8 2 12 79
1 2 30 78
8 2 29 79
3 2 22 80
6 2 12 86
1 2 14 86
7 2 12 95
5 2 15 96
8 2 13 94
6 2 12 94
6 2 20 94
8 2 10 90
7 2 13 90
2 2 19 92
4 2 20 91
5 2 9 79
1 2 27 78
6 2 12 80
7 2 20 80
2 2 11 80
5 2 13 80
5 2 17 82
5 2 15 81
3 2 9 95
3 2 8 84
4 2 9 85
5 2 9 84
6 2 10 83
3 2 14 82
3 2 15 81
8 2 10 82
7 2 10 85
7 2 9 83
2 2 7 96
3 2 19 97
3 2 15 96
4 2 14 96
5 2 13 97
4 2 17 96
6 2 12 97
2 2 4 85
6 2 4 85
6 2 6 85
2 2 4 97
4 2 3 90
7 2 8 90
2 2 14 90
3 2 20 91
8 2 13 91
8 2 18 91
6 2 12 91
5 2 17 90
3 2 16 91
6 2 1 1
2 2 1 90
6 2 6 90
3 2 5 90
2 2 4 90
6 2 6 91
7 2 10 91
2 2 17 93
1 2 3 90
8 2 3 91
2 2 3 91
1 2 16 92
7 2 6 92
8 2 9 93
4 2 9 94
2 2 4 90
4 2 3 90
3 2 3 92
3 2 2 90
7 2 1 90
3 2 7 91
8 2 1 91
5 2 60 15
8 3 100 87
4 3 99 87
1 3 99 98
3 3 98 87
5 3 98 98
1 3 97 87
3 3 97 98
6 3 96 87
8 3 96 98
7 3 95 87
1 3 95 98
5 3 94 87
3 3 94 98
3 3 93 87
2 3 93 98
3 3 91 87
7 3 89 87
8 3 88 87
6 3 87 87
7 3 87 98
8 3 86 87
5 3 86 98
7 3 85 98
6 3 84 98
6 3 82 87
5 3 81 87
1 3 80 87
4 3 80 98
2 3 79 87
4 3 78 87
2 3 77 87
8 3 77 98
5 3 76 87
6 3 76 98
1 3 75 87
5 3 74 87
8 3 74 98
4 3 73 98
6 3 72 98
1 3 71 87
5 3 71 98
4 3 70 98
1 3 69 87
7 3 68 87
1 3 67 87
4 3 67 98
2 3 66 87
8 3 66 98
3 3 65 87
4 3 65 98
6 3 64 18
1 3 64 98
7 3 63 87
7 3 63 98
1 3 62 98
6 3 61 10
1 2 61 10
6 3 61 87
7 3 61 98
4 3 60 87
1 3 59 87
6 3 59 98
7 3 58 98
6 3 57 44
7 3 57 87
3 3 57 98
8 3 56 23
4 3 56 98
6 3 55 87
3 3 55 98
4 3 54 98
5 3 53 41
7 3 53 49
6 3 53 87
2 3 53 98
8 3 52 40
7 3 52 87
5 3 51 51
6 3 51 87
2 3 51 98
4 3 50 87
6 3 50 98
6 3 49 34
5 3 49 87
2 3 49 98
2 3 48 44
8 3 54 46
8 3 52 44
6 3 48 87
1 3 47 87
2 3 47 98
7 3 46 7
1 3 46 40
4 3 46 48
4 3 46 51
3 3 46 87
7 3 45 57
1 3 45 58
5 3 45 65
8 3 45 69
1 3 45 87
5 3 44 87
8 3 44 98
6 3 44 98
2 3 43 56
1 3 43 87
4 3 43 98
3 3 42 34
4 3 42 87
6 3 42 98
7 3 41 65
3 3 41 87
3 3 41 98
6 3 40 6
5 3 40 49
2 2 43 49
8 2 45 48
2 3 40 48
4 2 45 47
2 3 49 50
7 3 45 50
7 3 39 87
6 3 39 98
8 3 39 98
2 3 38 87
1 3 38 98
2 3 37 3
7 3 37 73
3 3 37 87
5 3 38 86
1 2 37 86
5 3 37 87
4 3 37 98
5 3 36 58
3 2 35 58
1 2 35 58
5 2 34 58
3 3 36 62
8 3 36 69
7 3 36 98
5 3 34 3
2 3 34 82
4 3 34 87
7 3 34 98
1 3 33 4
3 3 33 64
6 3 34 63
6 3 33 98
4 3 32 87
7 3 31 68
2 3 31 70
2 3 31 87
1 3 31 98
7 3 30 4
5 3 30 87
7 3 30 98
4 3 30 98
7 3 29 1
3 3 29 86
2 3 28 66
6 3 29 98
3 3 33 66
5 3 28 72
3 3 28 98
5 3 27 62
4 3 27 64
2 2 27 64
2 2 28 63
1 2 27 63
6 2 28 64
7 3 27 63
4 3 27 87
2 3 27 98
4 3 26 76
4 3 26 84
5 3 26 86
2 3 26 87
5 3 25 87
4 3 25 92
4 3 25 98
6 3 24 87
5 3 24 93
3 3 24 98
2 3 23 73
3 2 22 73
3 3 24 72
6 3 23 84
5 3 23 98
1 3 23 98
7 3 22 74
7 3 22 87
1 3 21 87
3 3 22 86
4 2 21 86
3 3 21 87
4 3 21 98
3 3 21 98
2 3 20 87
5 3 19 70
2 2 21 70
6 2 22 69
2 2 26 68
5 2 25 68
2 2 24 68
1 2 23 68
4 3 19 77
2 3 19 98
7 3 19 98
7 3 18 72
2 3 18 93
3 3 18 98
1 3 17 87
8 3 17 98
2 3 16 87
1 3 16 98
4 3 15 98
3 3 13 87
4 3 13 98
1 3 13 98
8 3 12 79
1 2 12 78
8 3 12 87
7 3 12 98
6 3 11 87
3 3 10 80
4 2 9 80
5 2 8 80
7 2 10 81
2 3 10 92
4 3 10 98
2 3 10 98
3 3 9 1
8 2 11 1
3 2 15 2
2 2 14 2
5 2 13 2
8 2 13 2
1 2 17 4
6 2 9 1
1 2 12 2
4 2 12 3
1 2 12 3
3 2 10 1
7 3 24 4
1 2 29 5
1 2 32 6
2 3 32 6
7 2 38 8
2 2 37 8
1 2 37 8
6 2 36 8
7 3 32 7
2 3 29 5
3 2 33 4
5 3 25 4
6 3 25 98
7 3 20 4
6 2 22 5
5 2 29 6
4 2 23 6
5 2 30 7
1 2 27 7
2 2 27 8
5 2 23 7
5 2 29 8
1 2 29 9
6 2 45 10
4 2 44 10
3 2 43 10
8 2 42 10
1 2 42 10
2 2 49 11
6 2 40 10
1 2 37 10
5 2 39 10
4 2 46 11
8 2 46 12
3 2 49 13
1 2 52 14
3 2 51 14
8 2 52 14
2 2 51 14
4 2 55 15
5 2 56 16
4 2 56 16
2 2 56 17
6 2 50 14
4 2 48 13
5 2 49 15
2 2 47 13
7 2 36 10
2 2 35 10
6 2 34 10
7 2 30 10
4 2 22 4
2 2 21 5
1 3 56 17
8 2 57 19
4 3 52 12
3 3 46 12
4 3 53 14
2 3 29 9
1 3 9 1
3 2 10 3
4 2 19 4
8 2 9 3
5 2 19 5
6 2 24 6
1 3 9 87
5 3 8 87
1 3 8 98
5 3 7 81
7 3 7 87
8 3 7 98
8 3 6 1
8 3 6 87
2 3 6 98
1 3 5 84
1 3 5 98
1 3 4 87
7 3 3 87
1 3 2 87
3 3 1 1
7 2 2 1
5 3 1 1
3 3 1 5
8 2 13 4
2 2 11 4
4 2 10 5
4 2 17 6
6 2 20 7
4 2 21 8
1 2 25 9
8 2 35 11
2 2 25 10
1 2 27 11
4 2 45 12
1 2 44 12
6 2 43 12
4 2 42 12
5 2 46 13
4 2 49 15
2 2 52 15
6 2 54 16
1 2 57 15
6 2 56 15
4 2 55 15
7 2 54 17
5 2 54 18
3 2 41 12
8 2 45 13
5 2 39 12
1 2 35 12
7 2 34 12
4 2 41 13
3 2 48 14
1 2 42 14
8 2 52 15
2 2 54 19
4 2 46 15
3 2 44 15
3 2 48 16
2 2 49 17
6 2 47 16
8 2 49 18
1 2 47 16
3 2 45 16
4 2 48 17
2 2 44 15
6 2 41 14
6 2 36 12
2 2 33 12
6 2 32 12
7 2 28 12
2 2 27 12
5 2 21 9
2 2 19 7
5 2 17 7
8 2 14 6
6 2 13 6
6 2 22 8
6 2 20 7
2 2 12 6
8 2 9 5
3 2 8 5
5 2 16 4
1 2 8 6
2 2 7 5
6 2 14 4
6 2 7 4
6 2 22 3
4 2 21 3
2 2 20 4
5 2 6 5
4 2 5 5
1 2 2 5
6 2 1 5
3 2 2 5
1 2 7 4
8 2 20 3
7 2 52 19
1 2 53 20
6 2 54 21
6 2 55 22
8 3 54 21
4 3 53 20
4 3 52 18
6 3 51 18
4 3 49 16
5 3 49 18
4 3 49 18
8 2 49 17
8 3 23 8
8 3 19 7
5 3 49 19
7 2 50 20
5 2 50 21
2 3 50 21
4 2 51 23
8 2 52 24
1 3 50 22
7 2 49 22
1 4 52 23
5 4 49 53
8 4 46 16
8 4 46 50
1 4 44 27
2 4 42 67
2 4 39 54
2 2 40 53
8 3 40 52
7 2 43 56
3 2 42 51
3 2 42 56
5 4 38 9
7 4 38 52
1 2 36 54
5 3 38 51
5 3 36 53
8 2 41 51
3 4 38 67
8 4 35 59
3 3 35 58
4 3 34 58
1 2 37 57
8 2 38 56
7 2 37 57
7 2 41 55
6 2 40 55
5 4 35 61
3 4 29 75
6 4 28 82
6 4 25 70
3 4 23 67
8 4 23 70
1 2 22 70
8 4 23 82
5 4 22 67
3 2 23 68
2 3 21 67
5 3 24 67
2 2 24 66
5 2 28 66
7 4 22 68
8 2 22 67
4 2 21 67
8 4 21 67
2 2 22 66
8 2 27 65
3 4 19 74
7 2 19 75
1 4 17 96
1 4 16 77
2 2 19 76
4 4 13 93
8 4 18 92
6 4 9 79
1 4 9 85
1 4 8 83
6 3 8 82
6 3 12 84
3 4 8 92
4 2 9 92
5 2 7 93
1 3 7 92
4 4 4 97
3 2 15 96
5 4 1 87
2 5 52 19
8 5 51 18
5 5 51 36
4 5 47 39
2 5 45 48
5 5 44 16
3 2 46 18
1 3 46 18
6 4 45 17
2 2 45 18
8 5 42 15
8 5 39 34
4 3 39 36
8 2 39 36
6 5 37 11
5 5 33 10
6 5 33 33
4 2 37 34
1 2 38 35
6 2 37 35
1 2 36 34
2 2 35 34
5 3 34 34
7 3 33 33
5 5 23 69
8 5 20 71
1 5 19 7
8 5 23 8
6 2 22 8
7 5 19 76
5 5 17 2
2 5 17 78
4 2 18 77
5 5 16 73
1 2 20 72
1 5 12 6
6 2 40 37
5 2 40 38
4 3 42 38
2 3 42 39
4 2 43 41
7 3 42 40
1 2 43 42
2 2 44 43
7 3 43 42
7 2 46 44
5 3 43 42
4 2 50 44
8 6 42 52
7 6 40 28
4 6 26 63
1 6 23 87
4 6 19 95
2 6 18 98
7 6 17 78
8 6 15 30
2 2 23 32
6 2 26 33
5 2 30 34
8 2 29 34
1 2 27 34
3 2 24 33
3 2 25 33
8 2 21 32
5 2 23 32
6 2 20 29
4 2 28 28
8 2 37 28
3 2 34 27
4 2 25 28
5 2 24 34
2 2 26 34
3 2 25 35
6 2 24 35
4 2 34 36
2 2 38 27
8 2 37 37
4 2 36 37
1 2 33 36
2 2 32 36
8 2 35 37
1 2 33 37
6 2 32 37
7 2 30 36
1 2 35 38
4 2 28 36
5 2 27 36
6 2 27 36
8 2 26 36
6 2 34 37
1 2 24 36
1 2 20 30
1 2 19 32
3 2 20 32
6 2 18 32
3 2 16 32
6 2 19 31
8 2 15 32
5 2 14 32
6 2 13 32
5 3 25 36
2 3 24 36
2 2 30 38
4 2 37 39
1 2 36 39
4 2 34 39
1 2 33 39
6 2 32 39
6 2 33 39
7 2 28 38
6 2 27 38
5 2 27 38
4 2 26 38
5 2 25 38
1 2 25 38
8 4 39 41
2 2 39 42
4 2 40 43
7 2 39 43
4 2 38 42
8 4 34 40
5 2 37 41
6 2 36 41
1 2 34 41
5 2 33 40
8 4 33 38
4 4 33 41
8 3 33 41
4 4 25 38
4 2 30 40
1 2 31 41
1 2 29 40
2 2 28 40
6 2 28 41
4 2 31 41
5 2 27 40
3 2 31 41
2 2 27 41
7 2 26 40
6 2 29 41
6 3 25 40
4 2 43 43
5 2 44 44
1 2 42 44
7 2 42 44
2 2 42 45
5 2 42 46
6 3 42 43
2 2 43 46
8 2 42 46
1 2 42 46
7 2 41 46
7 6 12 95
1 2 11 95
5 6 8 30
7 2 9 32
6 2 7 32
8 2 6 32
8 2 8 33
2 2 6 32
1 2 6 32
4 3 17 30
3 2 22 29
2 2 29 28
5 2 30 28
2 2 32 27
4 2 32 27
4 2 29 27
5 2 36 26
6 2 36 26
3 3 36 25
5 2 42 25
3 4 50 26
8 6 10 34
3 2 20 36
3 2 21 35
4 2 19 36
5 2 19 36
3 2 17 36
4 2 15 36
6 2 13 36
8 2 14 36
4 2 12 36
1 2 12 36
3 2 14 36
3 2 11 36
6 2 12 37
3 2 21 38
5 2 19 38
3 2 18 38
6 2 18 38
4 2 17 38
1 2 17 38
3 2 15 38
4 2 13 38
2 2 22 39
8 2 22 40
1 2 12 38
8 2 10 36
1 2 15 35
4 2 19 35
5 2 9 36
3 2 12 35
4 2 14 34
7 2 11 36
6 2 8 36
5 3 22 40
1 2 26 42
5 2 34 43
8 2 38 43
4 2 36 44
8 2 39 45
7 2 37 45
1 2 38 45
8 2 38 46
6 2 33 43
2 2 36 45
7 2 39 47
4 2 32 43
1 2 31 43
4 2 29 43
1 2 28 43
6 2 27 43
4 2 22 41
4 2 26 43
1 2 30 44
5 2 32 45
1 2 38 47
4 2 30 45
5 2 24 42
2 2 24 43
8 2 29 44
6 2 30 46
4 2 36 47
8 2 36 48
5 2 40 48
1 2 36 49
7 2 35 47
5 2 30 47
4 2 35 48
7 2 36 50
1 2 24 44
4 2 28 43
4 2 27 45
1 2 28 46
4 2 32 48
4 2 28 47
2 2 32 49
4 2 33 50
6 2 28 48
2 2 31 47
5 2 28 49
8 2 32 49
4 2 30 50
2 2 30 51
7 2 34 52
8 2 32 52
1 2 26 45
4 2 24 45
7 2 23 42
8 2 22 40
6 2 22 42
4 2 31 52
1 2 31 52
2 2 33 51
4 3 28 45
2 3 13 38
6 4 24 45
4 2 25 47
1 2 26 48
4 2 26 49
2 2 31 52
6 2 26 50
7 2 30 52
5 2 26 51
1 2 24 47
4 2 28 52
4 2 30 53
7 2 32 54
6 2 37 55
1 2 38 55
1 2 31 54
2 2 31 54
1 2 28 52
8 3 30 53
6 2 29 53
2 3 28 52
7 2 28 54
4 2 28 55
2 2 31 56
7 2 30 56
1 2 29 56
4 2 30 55
5 2 29 56
1 2 30 56
3 2 30 55
7 4 28 49
8 4 28 56
5 2 28 55
2 2 27 55
4 3 27 54
2 4 8 36
8 2 33 57
2 2 32 58
5 2 31 58
2 2 30 58
5 2 30 58
8 2 30 59
1 2 31 57
1 6 29 50
8 6 7 5
6 6 3 30
7 2 3 32
2 2 2 32
1 2 1 32
6 2 10 33
8 2 13 29
6 2 21 28
3 2 13 30
6 2 13 34
8 2 11 34
5 2 10 34
5 2 1 33
8 2 22 28
3 2 30 27
5 2 30 27
6 2 27 27
1 2 27 27
6 2 28 26
8 2 30 26
4 2 42 25
5 2 44 24
6 2 42 25
2 2 40 25
2 2 42 24
6 2 48 24
4 2 43 24
5 2 45 23
2 2 34 25
1 2 41 24
3 2 37 24
7 2 42 24
5 2 35 25
5 6 3 34
7 2 4 36
2 2 3 36
6 2 2 36
1 2 2 36
8 2 9 37
3 2 9 38
6 2 10 39
3 2 19 40
6 2 18 40
1 2 18 40
5 2 17 40
3 2 16 40
2 2 14 40
3 2 13 40
4 2 13 40
2 2 13 41
3 2 17 41
2 2 18 42
5 2 19 43
7 2 21 44
6 2 20 44
1 2 17 42
4 2 19 44
8 2 17 42
4 2 11 40
3 2 14 41
5 2 14 42
8 2 13 41
1 2 10 40
3 2 15 43
4 2 15 42
1 2 15 44
2 3 15 44
2 2 21 46
5 2 20 46
7 2 19 46
6 2 18 46
4 2 17 46
1 2 17 46
6 2 22 45
3 2 21 45
2 2 21 46
6 3 14 42
8 3 15 45
4 2 16 47
4 2 21 48
4 2 23 49
1 2 24 50
1 2 22 49
4 2 24 51
6 2 24 52
5 2 24 53
1 2 20 48
3 2 26 48
2 2 19 48
5 2 18 48
6 2 18 48
6 2 16 48
6 2 21 49
4 2 25 49
7 3 16 48
1 2 18 50
1 2 20 51
6 2 19 51
5 2 16 50
2 3 16 50
1 2 16 52
1 2 21 53
4 2 19 53
1 2 18 53
6 2 17 53
8 2 17 53
4 5 8 37
4 6 24 50
6 2 24 50
3 2 23 51
6 2 22 51
1 2 23 50
5 6 15 44
6 3 39 25
5 7 33 65
2 7 30 60
6 3 30 60
5 7 19 81
7 7 14 81
6 7 12 81
2 3 11 81
3 7 12 84
1 7 7 86
8 8 31 17
4 2 42 16
6 2 42 20
4 2 47 21
6 2 47 21
8 2 45 21
2 2 44 21
5 2 44 21
5 2 41 20
2 2 38 20
8 2 36 20
4 2 35 20
3 2 35 20
4 2 35 20
2 2 39 19
1 2 34 20
6 2 33 20
4 2 32 20
8 2 30 20
5 2 29 20
6 2 28 20
4 2 33 19
3 2 39 18
3 7 28 20
3 2 41 22
1 2 41 22
5 2 39 22
3 2 38 22
4 2 37 22
6 2 37 22
8 2 34 22
1 2 32 22
6 2 38 23
3 2 33 22
6 2 31 22
5 2 30 19
4 2 37 18
5 2 37 23
4 2 34 18
2 3 32 22
4 4 30 22
4 2 38 17
5 8 24 17
1 2 25 20
7 2 24 20
6 2 22 20
8 2 21 20
1 2 24 21
6 2 29 16
8 2 32 16
3 2 31 17
8 2 30 17
8 2 32 18
6 2 30 18
1 2 30 18
5 2 29 17
8 2 28 22
6 2 26 22
3 2 27 22
8 2 27 23
3 2 33 24
7 2 37 25
8 2 36 24
8 2 32 24
1 2 30 24
4 2 28 24
3 2 27 24
4 2 35 25
3 2 34 25
6 2 27 24
4 2 32 25
3 3 30 18
5 3 26 22
4 2 26 23
6 2 29 24
1 3 29 25
8 3 23 20
2 3 21 20
4 4 27 24
1 2 31 16
6 2 36 15
4 2 39 15
6 8 19 17
2 2 24 16
3 2 29 17
5 2 25 16
1 2 25 17
6 2 25 18
2 2 20 16
7 2 26 15
8 2 28 15
2 2 25 15
6 2 25 16
7 2 23 16
5 2 25 15
2 2 26 14
7 2 26 14
6 2 22 17
8 2 23 16
7 2 23 18
8 2 21 17
1 2 23 18
6 2 20 16
7 2 20 17
7 2 18 20
2 2 17 20
1 2 16 20
5 2 16 21
1 2 24 15
8 2 26 15
1 2 25 14
5 3 25 14
8 2 25 14
2 4 21 17
1 4 20 15
4 8 16 31
2 8 10 78
7 8 4 17
1 2 12 20
4 2 7 20
7 2 6 20
2 2 10 20
5 2 6 20
6 2 5 20
4 2 8 19
1 2 14 18
6 2 8 21
2 2 4 20
5 2 2 20
4 2 1 20
2 3 14 18
4 9 16 50
6 2 16 54
6 2 21 55
2 2 25 56
4 2 24 56
4 2 20 55
1 2 19 55
8 2 18 55
4 2 17 55
1 2 16 55
5 2 16 55
7 3 20 49
2 2 19 50
8 9 15 98
7 9 15 98
7 9 7 87
3 9 15 87
3 9 4 2
4 2 4 1
8 3 10 2
8 7 13 3
5 10 26 9
2 10 12 97
6 10 5 92
7 6 5 93
7 10 4 19
2 2 21 20
6 2 20 20
7 2 20 20
1 2 14 20
1 2 10 20
7 2 14 20
5 2 6 20
2 2 12 20
2 2 9 20
7 2 4 20
1 2 13 21
1 2 21 22
5 2 24 23
3 2 25 24
7 2 20 22
8 2 24 24
6 2 22 22
2 2 19 22
6 2 18 22
8 2 16 19
7 2 14 22
2 2 13 22
6 2 3 20
6 2 14 19
4 2 3 20
2 2 2 20
8 2 13 19
4 2 12 20
8 2 25 25
3 2 25 25
7 4 8 18
5 5 7 19
6 5 5 19
7 2 5 18
5 2 8 18
7 4 13 16
7 4 9 17
4 2 13 16
7 4 14 15
5 2 13 16
4 2 14 15
6 3 19 15
7 4 15 14
8 6 5 20
8 7 21 24
5 2 19 26
6 2 20 25
1 2 22 24
8 8 15 22
1 2 19 24
7 2 18 24
2 2 17 24
6 3 16 24
7 9 2 20
1 2 8 22
5 2 4 22
4 2 3 22
2 2 6 22
5 4 8 22
6 4 6 22
5 9 14 24
6 2 11 27
1 2 16 26
6 9 9 24
7 3 8 27
1 2 8 28
7 2 9 26
2 5 8 26
2 2 10 26
7 2 10 25
6 2 6 29
1 3 7 26
1 2 10 26
4 2 12 24
6 11 2 95
8 12 3 1
6 13 24 9
2 2 21 14
1 2 22 13
8 2 22 14
1 2 23 12
7 13 1 5
4 2 4 4
3 2 6 5
8 2 12 6
2 2 17 7
5 2 15 7
6 2 11 6
4 2 13 6
2 2 5 5
5 2 4 5
8 2 4 5
3 2 3 4
4 3 3 5
8 3 19 7
1 4 3 5
7 7 15 7
4 2 18 9
6 2 16 9
2 2 15 9
7 3 15 9
6 3 14 7
4 2 14 8
5 4 14 9
7 8 19 11
8 14 7 24
6 2 7 24
4 15 1 28
2 2 1 27
7 2 5 28
2 2 4 28
6 2 3 28
2 2 2 26
8 2 2 28
7 2 1 28
1 5 1 26
8 16 9 32
5 2 8 32
1 16 8 7
6 2 2 14
7 2 3 14
2 2 6 14
2 2 1 14
6 2 5 14
5 2 3 14
4 2 2 14
4 2 3 15
7 2 2 14
8 2 1 14
5 2 3 16
2 3 3 15
8 19 1 30
8 2 9 35
4 2 11 36
2 2 10 36
1 2 7 35
4 2 5 35
3 2 4 35
4 2 5 35
3 2 9 37
6 2 4 35
5 2 2 35
6 2 1 35
8 2 1 35
6 3 1 29
1 2 3 30
7 2 2 30
2 2 1 30
6 2 1 30
3 3 1 34
8 4 10 36
8 5 1 35
8 2 7 36
6 2 12 37
5 2 11 37
3 2 7 37
1 2 5 36
2 2 7 38
1 2 12 39
6 2 10 39
5 2 9 39
6 2 4 36
3 2 2 36
8 2 9 37
3 2 6 37
4 2 5 37
4 2 7 39
8 2 5 38
5 2 1 35
2 3 4 35
4 6 1 34
1 2 3 36
6 2 2 36
2 2 6 37
5 2 14 38
4 3 2 36
4 3 14 38
6 2 14 40
7 2 14 41
5 2 14 42
2 2 14 43
1 2 14 44
4 2 14 45
6 2 14 46
4 2 26 47
7 2 28 48
7 2 25 47
8 2 25 47
5 2 20 47
2 2 23 48
8 2 25 49
5 2 28 50
7 2 26 50
4 2 24 49
2 2 25 49
1 2 24 49
1 2 25 50
6 2 19 47
1 2 17 47
4 2 15 47
1 2 14 47
4 2 15 47
4 2 17 48
5 2 18 49
2 2 21 50
6 2 17 49
4 2 22 51
7 2 24 52
7 2 21 51
8 2 21 51
4 2 19 49
7 3 19 49
4 4 20 12
8 4 9 38
2 2 8 38
3 4 5 38
2 2 11 39
5 2 12 40
4 2 12 41
6 2 12 42
7 2 12 43
5 2 12 44
2 2 12 45
1 2 12 46
4 2 12 47
1 2 16 48
6 2 12 48
4 2 13 49
8 2 16 50
4 2 20 50
2 2 20 51
2 2 24 53
1 2 23 53
8 2 22 52
3 2 20 50
4 2 15 50
5 2 16 51
4 2 18 52
4 2 20 53
1 2 21 54
7 2 19 53
2 2 18 53
2 2 19 52
6 2 15 51
1 2 14 50
1 2 12 49
1 2 10 39
3 2 9 39
6 2 8 39
5 2 7 39
8 7 5 36
1 2 4 36
3 7 3 35
5 2 2 35
8 8 7 38
7 20 3 20
5 24 1 87
8 29 9 75
8 32 3 79
1 2 2 81
5 2 2 84
1 2 3 83
8 34 13 6
4 34 7 73
2 3 5 73
8 2 12 75
2 2 8 72
7 55 1 2
1 2 10 7
6 2 10 10
4 2 9 8
3 2 5 5
2 2 7 6
8 2 8 7
6 2 7 7
4 2 6 6
8 2 5 6
2 2 6 7
3 2 4 7
5 2 5 6
4 2 5 7
2 3 9 9
5 2 10 11
2 3 3 5
8 64 11 39
5 2 15 51
3 2 16 50
1 2 15 50
4 2 15 51
7 2 16 52
5 2 20 53
2 2 19 53
4 2 16 53
1 2 17 54
7 2 12 44
4 2 11 41
7 2 7 66
5 2 14 65
2 2 9 65
4 2 8 66
2 2 12 65
8 2 12 64
1 2 10 65
1 2 6 66
8 2 5 66
7 2 8 65
3 2 7 66
8 2 6 65
5 2 5 66
7 2 3 66
4 2 5 65
2 2 2 66
8 3 16 53
4 7 2 65
7 2 5 67
8 2 3 67
1 3 3 67
2 2 3 67
2 2 4 69
7 2 3 69
7 2 2 67
8 2 2 69
5 2 7 70
7 4 16 53
1 2 16 55
3 2 17 53
1 2 16 53
7 2 16 56
5 2 17 56
2 2 16 57
8 2 16 57
2 2 15 53
8 2 16 53
6 2 16 58
4 2 16 57
4 2 15 55
6 2 19 53
7 2 18 54
