23307
3375
1 2 100 12
4 2 100 17
4 2 100 23
2 2 100 28
2 2 100 33
4 2 100 41
2 2 100 73
2 2 99 3
1 2 99 19
1 2 99 23
4 2 99 27
3 2 99 57
3 2 99 64
1 2 99 71
1 2 99 77
2 2 99 97
4 2 99 98
2 2 98 12
1 2 98 13
3 2 98 14
3 2 98 31
1 2 98 34
1 2 99 35
4 2 100 37
2 2 98 35
2 2 98 41
3 2 98 42
2 2 98 43
3 2 98 54
2 2 98 62
2 2 98 72
3 2 98 71
4 2 98 73
3 2 98 74
3 2 98 77
1 2 98 79
2 2 98 83
1 2 98 83
4 2 98 84
2 2 98 88
3 2 97 28
4 2 97 29
2 2 97 56
4 2 98 54
2 2 97 97
3 2 96 33
4 2 96 32
2 2 97 31
3 2 96 31
1 2 96 51
4 2 96 56
1 2 96 59
4 2 98 91
3 2 95 16
3 2 95 18
2 2 96 17
4 2 95 17
2 2 95 32
2 2 95 41
4 2 95 52
4 2 99 53
1 2 95 54
2 2 97 53
3 2 95 61
4 2 95 75
4 2 95 95
3 2 94 1
4 2 94 5
4 2 94 19
1 2 95 18
4 2 94 21
1 2 95 22
2 2 94 54
4 2 94 55
4 2 94 73
1 2 94 72
3 2 93 18
2 2 93 18
3 2 93 21
3 2 97 22
2 2 93 22
4 2 95 23
3 2 93 35
4 2 97 34
2 2 93 59
4 2 93 68
4 2 93 86
3 2 93 95
2 2 98 93
1 2 93 94
1 2 92 7
1 2 99 6
4 2 97 7
3 2 96 6
1 2 96 7
3 2 92 16
2 2 95 17
1 2 92 15
4 2 92 14
1 2 94 14
4 2 92 17
1 2 92 36
4 2 97 37
4 2 94 36
3 2 92 45
1 2 98 46
2 2 92 61
4 2 92 78
2 2 92 81
4 2 93 82
3 2 96 81
3 2 92 83
2 2 92 84
1 2 92 92
3 2 96 91
3 2 92 91
4 2 92 93
2 2 90 12
4 2 94 14
4 2 90 14
4 2 90 38
3 2 96 38
1 2 95 37
3 2 94 37
2 2 90 41
3 2 90 67
4 2 98 67
4 2 95 67
3 2 92 68
1 2 93 67
4 2 90 76
3 2 91 76
1 2 90 96
4 2 96 97
4 2 89 16
2 2 90 18
3 2 89 15
2 2 90 15
2 2 89 26
2 2 97 27
2 2 94 26
3 2 98 25
4 2 94 27
3 2 89 29
4 2 89 31
4 2 89 49
4 2 91 49
1 2 89 58
1 2 89 74
4 2 92 72
2 2 92 74
4 2 90 73
3 2 89 75
3 2 89 78
2 2 91 75
3 2 89 96
1 2 95 77
3 2 88 1
4 2 93 1
2 2 90 1
1 2 90 1
1 2 93 2
1 2 95 98
3 2 88 44
2 2 91 44
1 2 88 45
1 2 88 62
4 2 95 62
4 2 92 61
4 2 92 63
4 2 88 61
1 2 89 61
1 2 88 72
2 2 90 72
1 2 88 82
1 2 89 81
3 2 88 89
4 2 96 3
4 2 97 4
4 2 87 14
2 2 89 14
1 2 87 28
2 2 87 31
3 2 87 45
1 2 87 63
3 2 92 65
2 2 95 66
2 2 87 81
3 2 86 1
3 2 86 19
1 2 89 19
1 2 86 21
4 2 93 22
4 2 86 44
2 2 86 43
4 2 86 43
1 2 93 43
1 2 86 49
1 2 86 54
2 2 86 74
2 2 85 1
4 2 85 11
3 2 92 12
4 2 85 18
1 2 85 27
1 2 85 34
4 2 92 35
4 2 90 34
3 2 85 84
2 2 95 85
2 2 92 84
1 2 90 84
4 2 85 98
3 2 84 3
4 2 84 6
4 2 84 33
1 2 84 39
3 2 90 39
1 2 89 39
1 2 84 52
1 2 89 51
3 2 94 53
2 2 88 51
1 2 93 52
1 2 95 51
4 2 91 53
3 2 84 55
2 2 88 54
2 2 92 56
1 2 97 58
2 2 94 57
1 2 92 57
1 2 86 55
1 2 90 54
3 2 84 58
3 2 85 58
2 2 88 57
1 2 84 87
1 2 89 87
4 2 87 88
2 2 90 87
4 2 96 86
3 2 84 86
4 2 92 87
4 2 85 87
4 2 93 88
2 2 91 86
2 2 86 88
1 2 85 89
4 2 83 13
4 2 91 12
2 2 91 11
3 2 91 12
1 2 87 12
1 2 83 28
4 2 84 27
1 2 83 33
1 2 87 34
4 2 83 35
1 2 89 36
3 2 92 37
3 2 90 36
1 2 83 85
4 2 84 85
3 2 82 13
2 2 82 18
4 2 86 17
1 2 83 14
1 2 84 17
1 2 82 17
2 2 83 19
3 2 82 31
1 2 82 42
3 2 86 41
1 2 86 42
4 2 91 41
3 2 87 41
2 2 85 13
1 2 87 13
3 2 84 43
1 2 83 42
3 2 82 57
4 2 83 43
4 2 82 67
1 2 91 57
1 2 86 66
4 2 84 68
3 2 82 69
1 2 82 71
1 2 84 71
2 2 83 71
4 2 82 73
3 2 89 74
4 2 82 94
2 2 88 96
3 2 82 95
4 2 86 94
4 2 89 93
1 2 90 92
2 2 82 94
3 2 82 98
4 2 87 97
4 2 84 98
2 2 82 99
4 2 80 4
1 2 80 24
3 2 88 23
3 2 91 68
2 2 87 24
4 2 80 44
4 2 80 62
3 2 92 63
2 2 93 63
1 2 92 63
3 2 91 64
3 2 88 64
1 2 80 92
3 2 88 91
2 2 87 91
1 2 80 96
3 2 83 97
4 2 79 7
4 2 88 6
2 2 86 5
2 2 93 4
1 2 92 5
2 2 83 7
4 2 83 7
4 2 87 7
2 2 95 8
1 2 80 6
4 2 79 15
4 2 79 22
4 2 88 22
1 2 87 21
1 2 83 21
2 2 79 31
4 2 82 31
1 2 79 53
3 2 86 53
4 2 80 52
4 2 85 54
4 2 79 54
1 2 80 56
4 2 79 78
3 2 84 76
1 2 84 75
1 2 79 85
2 2 93 86
2 2 79 95
4 2 78 1
3 2 78 6
4 2 84 5
3 2 89 5
2 2 79 5
2 2 78 35
1 2 78 36
1 2 86 38
2 2 91 37
2 2 88 37
3 2 85 35
4 2 86 37
1 2 85 34
3 2 84 34
1 2 79 37
3 2 85 38
3 2 79 38
2 2 78 58
1 2 78 62
3 2 83 64
2 2 90 63
3 2 78 64
3 2 78 67
2 2 80 67
4 2 82 67
1 2 78 72
2 2 81 73
2 2 78 78
3 2 93 77
1 2 92 79
2 2 86 79
3 2 78 86
3 2 90 86
4 2 78 85
3 2 79 84
1 2 77 17
3 2 81 17
3 2 84 18
2 2 80 17
1 2 77 24
4 2 90 23
4 2 86 23
3 2 78 23
2 2 83 22
1 2 82 23
3 2 86 21
2 2 86 23
4 2 77 47
4 2 87 46
1 2 77 54
2 2 83 55
4 2 81 55
1 2 77 56
3 2 77 65
2 2 81 66
3 2 81 65
6 2 81 67
1 2 85 68
1 2 77 65
1 2 80 64
1 2 78 66
4 2 77 66
4 2 91 65
1 2 90 65
1 2 85 65
4 2 78 65
3 2 77 79
1 2 77 78
1 2 91 77
1 2 77 84
2 2 85 83
4 2 83 84
4 2 77 87
3 2 84 88
4 2 77 94
2 2 89 92
1 2 78 96
1 2 82 98
3 2 76 3
1 2 94 4
1 2 78 2
2 2 81 1
1 2 79 3
3 2 76 13
3 2 81 13
4 2 76 23
6 2 80 22
3 2 82 21
3 2 76 24
4 2 76 26
4 2 91 25
4 2 76 28
2 2 80 26
2 2 76 27
3 2 83 29
2 2 82 29
2 2 78 28
4 2 77 28
1 2 85 27
3 2 85 28
2 2 76 33
1 2 76 46
4 2 91 46
2 2 85 46
3 2 84 47
4 2 94 25
1 2 93 25
1 2 89 47
4 2 90 47
2 2 76 72
3 2 76 85
2 2 76 89
3 2 77 88
4 2 80 88
3 2 82 71
2 2 80 88
5 2 80 87
4 2 75 18
2 2 82 87
1 2 83 18
3 2 75 47
1 2 87 86
2 2 84 47
3 2 83 46
4 2 87 47
2 2 82 48
2 2 79 47
1 2 79 48
4 2 75 59
2 2 79 59
4 2 75 68
1 2 75 84
3 2 74 6
4 2 87 5
3 2 84 5
1 2 80 7
3 2 75 5
2 2 74 14
3 2 82 13
2 2 82 12
2 2 82 15
6 2 81 12
1 2 82 11
4 2 81 13
2 2 80 14
4 2 74 32
3 2 83 33
1 2 78 31
2 2 75 31
2 2 74 34
4 2 84 36
1 2 76 35
1 2 74 48
4 2 74 56
4 2 77 57
2 2 74 55
3 2 77 54
2 2 74 93
2 2 83 94
2 2 89 45
2 2 90 45
3 2 82 94
1 2 76 93
3 2 73 1
4 2 73 5
4 2 79 1
4 2 77 5
3 2 73 16
6 2 79 4
3 2 78 4
2 2 73 15
3 2 73 22
2 2 73 51
1 2 75 53
1 2 73 52
3 2 73 56
4 2 75 55
6 2 77 54
2 2 78 57
3 2 78 57
2 2 74 52
2 2 81 56
4 2 73 56
2 2 73 65
2 2 85 65
2 2 74 65
2 2 78 65
4 2 75 65
3 2 73 78
4 2 87 51
4 2 76 77
4 2 73 81
3 2 73 82
1 2 72 6
2 2 72 8
3 2 72 24
4 2 78 25
3 2 72 38
3 2 78 38
1 2 72 37
4 2 72 49
3 2 79 48
4 2 74 82
1 2 86 82
3 2 85 48
1 2 83 81
3 2 80 81
4 2 72 59
1 2 72 68
1 2 72 85
4 2 75 87
3 2 74 87
1 2 75 86
2 2 70 21
2 2 70 28
1 2 81 28
3 2 75 26
2 2 77 25
3 2 70 46
2 2 70 76
3 2 80 74
2 2 85 73
1 2 77 75
4 2 74 75
3 2 74 74
4 2 77 73
2 2 77 73
4 2 76 74
4 2 78 75
1 2 76 73
1 2 78 75
1 2 82 74
6 2 78 75
3 2 75 74
3 2 70 78
4 2 70 93
2 2 82 94
4 2 82 94
2 2 72 91
2 2 69 6
3 2 69 11
1 2 69 22
4 2 76 23
3 2 74 21
3 2 72 22
3 2 69 27
1 2 69 28
2 2 69 32
3 2 71 33
2 2 81 34
3 2 82 34
6 2 80 33
3 2 69 41
2 2 76 41
3 2 74 41
4 2 69 44
3 2 79 44
1 2 85 81
4 2 69 76
4 2 70 75
2 2 69 81
2 2 72 81
4 2 83 81
4 2 72 83
2 2 69 92
4 2 85 91
3 2 76 91
4 2 68 1
1 2 72 2
1 2 68 31
4 2 68 32
2 2 68 45
4 2 68 46
1 2 68 53
2 2 68 59
2 2 79 58
2 2 68 65
4 2 75 65
4 2 70 64
4 2 84 63
3 2 74 63
1 2 73 63
3 2 84 62
1 2 89 42
2 2 75 63
5 2 71 65
4 2 68 68
2 2 69 67
4 2 81 69
1 2 68 74
1 2 68 76
1 2 68 79
1 2 76 78
3 2 68 88
1 2 68 97
4 2 79 98
3 2 77 98
4 2 75 98
5 2 78 97
2 2 83 97
3 2 82 96
3 2 73 99
1 2 69 98
3 2 70 98
2 2 73 97
2 2 67 5
1 2 67 37
1 2 82 36
2 2 82 39
4 2 74 38
2 2 81 36
2 2 73 37
1 2 73 39
4 2 79 38
3 2 78 39
1 2 67 41
2 2 82 42
2 2 69 42
1 2 72 43
3 2 80 42
1 2 70 41
5 2 79 42
4 2 67 49
2 2 67 72
4 2 82 71
2 2 74 71
2 2 72 71
4 2 67 92
3 2 80 91
3 2 71 92
4 2 78 91
2 2 71 92
2 2 75 92
5 2 75 92
3 2 76 94
5 2 79 94
4 2 78 94
4 2 72 91
4 2 67 97
4 2 74 96
3 2 67 99
4 2 66 4
3 2 82 4
3 2 84 3
3 2 66 22
3 2 69 24
4 2 79 25
3 2 66 25
2 2 67 26
1 2 66 32
4 2 74 31
2 2 67 34
5 2 78 34
3 2 66 68
3 2 69 68
1 2 81 68
1 2 71 68
3 2 66 89
1 2 66 98
1 2 65 8
3 2 85 8
6 2 78 7
2 2 78 9
2 2 83 8
4 2 65 17
3 2 78 17
2 2 73 17
4 2 79 18
1 2 65 39
1 2 68 38
4 2 65 53
2 2 75 53
4 2 79 52
2 2 72 54
3 2 67 52
4 2 66 52
2 2 77 51
1 2 69 51
2 2 65 59
1 2 65 63
3 2 75 63
6 2 79 62
1 2 78 63
3 2 76 63
1 2 75 63
4 2 74 63
3 2 72 62
4 2 67 64
6 2 72 64
2 2 71 64
3 2 67 64
1 2 66 65
2 2 65 64
4 2 65 67
1 2 69 66
4 2 69 68
1 2 68 67
1 2 65 68
3 2 65 92
3 2 65 95
2 2 80 94
1 2 72 96
3 2 71 97
6 2 75 96
2 2 67 97
2 2 64 26
1 2 68 25
4 2 64 31
4 2 64 36
2 2 77 35
4 2 71 36
4 2 64 39
3 2 64 42
1 2 73 42
2 2 64 45
2 2 71 43
3 2 66 47
4 2 75 47
1 2 72 47
4 2 64 44
2 2 68 45
1 2 65 45
6 2 76 45
2 2 77 44
4 2 72 45
3 2 69 44
3 2 66 45
2 2 64 62
4 2 77 61
3 2 68 61
1 2 67 61
3 2 73 61
4 2 66 62
2 2 73 61
5 2 71 63
1 2 66 63
2 2 64 69
3 2 64 74
2 2 74 74
5 2 76 73
4 2 74 73
2 2 64 89
4 2 68 88
1 2 81 87
1 2 63 1
2 2 63 13
3 2 73 12
4 2 70 15
2 2 63 19
3 2 70 18
6 2 76 17
4 2 68 17
1 2 68 18
2 2 67 18
5 2 74 17
1 2 63 23
2 2 63 22
2 2 64 21
3 2 63 25
2 2 69 24
4 2 66 24
2 2 63 27
4 2 66 28
2 2 64 28
1 2 72 27
2 2 65 27
1 2 80 29
1 2 71 29
2 2 63 34
2 2 65 35
5 2 75 36
3 2 64 35
3 2 63 33
1 2 63 43
6 2 75 42
3 2 71 42
1 2 67 43
2 2 63 49
1 2 63 51
1 2 63 69
4 2 63 73
4 2 78 72
1 2 63 76
1 2 69 77
1 2 63 91
3 2 62 1
4 2 62 11
3 2 62 27
3 2 63 28
2 2 65 28
3 2 62 43
1 2 62 54
2 2 64 53
3 2 62 59
1 2 62 58
2 2 62 63
4 2 64 64
4 2 62 67
3 2 66 66
3 2 63 68
2 2 62 68
1 2 62 84
3 2 69 86
2 2 67 85
1 2 68 84
5 2 79 83
2 2 62 91
2 2 62 94
4 2 71 95
1 2 70 95
3 2 68 95
6 2 75 94
2 2 69 97
2 2 60 37
4 2 60 77
1 2 82 61
3 2 65 76
2 2 60 81
4 2 60 85
1 2 63 86
2 2 67 87
2 2 62 87
2 2 70 86
2 2 59 17
1 2 71 15
3 2 62 17
3 2 59 27
1 2 60 27
3 2 64 28
1 2 61 27
5 2 67 26
4 2 59 28
4 2 59 42
2 2 61 42
1 2 60 41
3 2 59 49
4 2 60 49
2 2 72 48
2 2 67 48
1 2 69 46
2 2 60 48
2 2 59 51
2 2 66 52
1 2 65 52
1 2 62 51
2 2 59 76
1 2 59 84
4 2 65 84
6 2 71 83
4 2 70 84
1 2 59 87
6 2 73 87
2 2 59 92
4 2 59 95
4 2 58 8
2 2 77 7
3 2 75 9
3 2 72 8
2 2 73 8
4 2 71 7
4 2 63 9
4 2 58 11
1 2 58 26
4 2 60 27
4 2 58 36
4 2 62 36
6 2 68 35
1 2 60 36
5 2 61 35
3 2 58 56
3 2 58 78
3 2 82 78
1 2 81 78
3 2 64 78
4 2 58 88
4 2 60 77
3 2 62 87
1 2 58 98
3 2 57 6
1 2 68 7
1 2 65 76
2 2 66 76
1 2 57 14
1 2 74 5
4 2 58 14
3 2 68 14
2 2 57 23
4 2 64 22
4 2 62 15
3 2 64 14
2 2 71 13
1 2 64 24
6 2 66 24
4 2 65 24
5 2 70 23
4 2 60 23
4 2 69 23
4 2 64 23
2 2 57 38
3 2 71 15
3 2 69 38
6 2 69 37
2 2 59 38
3 2 57 44
3 2 60 45
2 2 57 53
2 2 57 56
1 2 66 56
1 2 68 55
3 2 70 37
4 2 59 56
3 2 71 54
2 2 66 55
2 2 57 83
2 2 63 83
4 2 56 9
2 2 57 93
4 2 56 21
3 2 61 9
3 2 62 22
4 2 61 22
6 2 61 23
1 2 64 23
4 2 61 24
5 2 61 24
2 2 56 35
4 2 56 38
2 2 56 42
3 2 58 41
2 2 56 61
4 2 71 62
1 2 60 61
3 2 56 61
2 2 56 67
1 2 56 71
4 2 67 73
1 2 68 73
3 2 56 73
4 2 56 93
2 2 55 16
3 2 70 16
1 2 55 44
5 2 67 45
3 2 63 46
4 2 61 46
2 2 69 47
5 2 69 47
4 2 56 43
3 2 57 43
4 2 55 44
4 2 55 59
1 2 59 58
1 2 69 58
3 2 55 65
3 2 62 64
3 2 59 64
5 2 61 63
4 2 56 65
1 2 60 64
6 2 60 65
4 2 57 66
3 2 55 76
4 2 62 75
3 2 66 74
2 2 64 74
1 2 69 74
2 2 62 75
4 2 55 77
4 2 60 76
4 2 59 77
2 2 55 84
3 2 62 84
2 2 60 85
5 2 66 85
3 2 63 86
2 2 57 84
1 2 61 83
1 2 70 83
4 2 61 82
1 2 77 81
4 2 55 86
3 2 60 85
2 2 55 97
1 2 54 51
3 2 54 55
5 2 69 54
2 2 63 56
6 2 65 55
1 2 58 54
4 2 54 55
2 2 54 69
1 2 58 68
1 2 54 88
4 2 60 88
3 2 54 95
3 2 53 21
1 2 56 21
2 2 55 21
4 2 62 21
2 2 57 22
1 2 53 54
3 2 62 55
4 2 53 54
2 2 57 54
3 2 53 61
3 2 60 61
3 2 57 62
4 2 65 63
4 2 53 65
1 2 53 73
2 2 65 73
3 2 54 74
5 2 60 75
1 2 54 73
1 2 53 83
6 2 74 82
4 2 80 82
2 2 79 81
3 2 77 81
3 2 70 81
2 2 58 83
2 2 53 89
1 2 53 92
3 2 59 91
4 2 55 92
3 2 64 91
1 2 52 12
4 2 56 14
2 2 53 11
1 2 53 11
1 2 52 15
1 2 67 14
5 2 67 15
3 2 56 16
4 2 52 17
1 2 68 19
2 2 53 16
2 2 52 27
4 2 70 26
6 2 69 26
1 2 60 28
6 2 59 26
1 2 52 27
4 2 63 28
3 2 56 28
5 2 57 27
6 2 56 28
1 2 53 26
2 2 63 25
3 2 52 27
3 2 52 48
2 2 62 47
3 2 66 48
4 2 65 48
6 2 68 47
2 2 52 48
4 2 52 49
1 2 52 52
1 2 76 51
2 2 61 51
4 2 73 51
1 2 56 51
2 2 72 52
2 2 54 51
4 2 52 68
4 2 52 85
6 2 64 86
2 2 68 87
1 2 60 86
4 2 59 86
1 2 52 86
1 2 52 99
2 2 50 2
6 2 75 1
4 2 76 2
1 2 76 1
3 2 63 3
1 2 62 3
4 2 56 1
1 2 57 1
5 2 69 1
2 2 57 2
1 2 50 5
4 2 50 27
4 2 50 43
3 2 55 42
3 2 53 43
1 2 51 43
2 2 50 52
3 2 70 52
5 2 66 53
4 2 59 51
4 2 50 55
3 2 53 54
1 2 61 54
3 2 52 56
1 2 74 57
2 2 58 57
1 2 57 58
4 2 56 59
4 2 50 68
1 2 50 78
4 2 50 81
4 2 49 18
1 2 49 21
1 2 50 21
2 2 49 31
2 2 62 31
1 2 49 94
3 2 68 94
1 2 63 94
2 2 50 93
5 2 58 92
2 2 64 94
3 2 52 94
1 2 60 95
1 2 63 94
4 2 50 94
3 2 58 95
3 2 48 23
1 2 59 22
5 2 58 22
1 2 52 22
4 2 53 21
2 2 52 21
3 2 58 22
4 2 48 22
3 2 56 24
3 2 48 22
4 2 55 22
4 2 50 22
3 2 48 36
3 2 54 36
4 2 48 42
4 2 67 41
1 2 65 44
3 2 59 43
3 2 48 49
3 2 48 85
1 2 58 84
6 2 57 84
4 2 48 94
3 2 59 95
2 2 47 51
2 2 47 65
3 2 57 64
1 2 50 65
3 2 50 65
1 2 52 65
2 2 55 66
3 2 65 66
1 2 54 66
2 2 56 67
1 2 47 71
3 2 75 72
1 2 70 72
4 2 61 71
4 2 58 72
1 2 68 71
6 2 68 72
1 2 57 71
2 2 53 72
4 2 59 72
1 2 63 71
4 2 62 71
2 2 61 71
3 2 52 71
2 2 50 71
3 2 47 71
2 2 47 97
2 2 51 97
4 2 46 3
1 2 57 2
4 2 70 1
1 2 69 3
2 2 61 4
1 2 65 5
4 2 64 6
6 2 68 6
3 2 49 4
3 2 47 2
4 2 48 1
4 2 48 4
2 2 46 17
1 2 65 18
1 2 60 17
3 2 49 16
2 2 58 15
6 2 70 14
4 2 46 21
6 2 49 22
2 2 54 23
1 2 55 23
2 2 46 38
1 2 55 37
4 2 49 37
1 2 46 48
1 2 54 47
2 2 46 91
3 2 49 92
2 2 48 92
3 2 51 91
4 2 46 96
2 2 47 95
2 2 45 4
2 2 52 4
4 2 47 3
4 2 60 4
5 2 70 3
3 2 45 5
4 2 64 4
5 2 64 5
5 2 71 6
3 2 58 5
6 2 58 5
3 2 71 7
3 2 69 6
4 2 57 6
3 2 51 6
4 2 54 7
4 2 66 8
1 2 47 6
4 2 64 7
1 2 45 4
3 2 69 3
3 2 45 21
1 2 45 27
1 2 48 28
4 2 45 41
3 2 45 52
6 2 60 52
2 2 55 51
3 2 45 61
3 2 45 63
1 2 55 64
4 2 47 64
2 2 45 64
2 2 50 65
2 2 51 66
3 2 46 65
4 2 45 77
5 2 63 77
1 2 74 78
4 2 69 78
1 2 68 79
6 2 58 76
3 2 52 76
3 2 48 76
2 2 45 79
2 2 52 79
2 2 74 78
4 2 73 79
2 2 54 78
3 2 53 78
2 2 48 78
3 2 45 81
3 2 52 81
1 2 72 81
4 2 54 81
1 2 49 81
4 2 45 85
1 2 54 85
3 2 45 91
3 2 44 11
4 2 50 13
3 2 49 13
2 2 44 12
1 2 60 11
4 2 59 12
2 2 65 11
1 2 54 11
1 2 52 14
1 2 64 14
4 2 63 13
2 2 58 14
3 2 53 13
1 2 53 12
1 2 45 13
2 2 47 14
3 2 47 15
1 2 50 16
6 2 59 17
4 2 58 17
2 2 44 38
4 2 47 37
1 2 44 45
6 2 60 45
2 2 54 46
2 2 58 46
4 2 53 47
3 2 48 44
4 2 44 53
3 2 46 53
3 2 62 52
5 2 55 52
2 2 45 53
4 2 49 53
3 2 54 54
2 2 47 53
1 2 50 52
1 2 45 54
6 2 50 54
2 2 51 55
1 2 44 52
2 2 48 51
4 2 47 52
2 2 44 54
2 2 44 58
5 2 72 57
1 2 44 79
4 2 47 78
2 2 44 83
3 2 56 83
2 2 52 84
5 2 55 83
4 2 72 81
4 2 54 83
4 2 70 81
3 2 47 83
1 2 47 84
2 2 43 1
1 2 43 71
2 2 46 72
3 2 43 84
3 2 43 86
3 2 48 87
3 2 55 86
4 2 43 87
4 2 65 88
2 2 56 88
3 2 55 88
4 2 62 86
2 2 54 88
2 2 49 86
1 2 42 3
4 2 43 4
4 2 54 4
5 2 54 4
1 2 49 4
1 2 42 12
1 2 72 11
2 2 43 11
3 2 44 12
1 2 42 17
4 2 42 32
4 2 58 33
2 2 64 32
2 2 61 33
5 2 67 33
2 2 67 32
4 2 55 34
4 2 54 32
4 2 50 31
3 2 42 36
4 2 42 41
2 2 50 41
3 2 47 42
2 2 57 41
4 2 49 42
2 2 42 58
2 2 70 57
3 2 49 57
3 2 47 58
1 2 48 58
6 2 65 57
3 2 52 56
1 2 42 64
2 2 42 64
1 2 43 63
3 2 49 62
5 2 45 64
3 2 42 66
3 2 49 67
4 2 48 67
4 2 42 72
2 2 42 71
5 2 55 72
4 2 55 71
1 2 55 73
6 2 63 74
3 2 42 75
2 2 52 74
2 2 48 74
2 2 43 77
2 2 47 75
3 2 46 75
1 2 42 93
4 2 45 94
6 2 56 95
1 2 40 3
1 2 40 6
3 2 52 7
1 2 40 12
2 2 40 28
3 2 40 31
2 2 40 47
1 2 40 61
4 2 40 65
4 2 44 67
4 2 51 32
6 2 60 33
4 2 59 68
1 2 51 33
3 2 57 33
4 2 40 71
6 2 49 72
4 2 40 82
2 2 44 83
3 2 40 96
2 2 39 9
2 2 63 33
1 2 54 8
4 2 50 9
1 2 50 9
1 2 45 8
3 2 39 14
1 2 47 15
4 2 39 21
2 2 39 24
3 2 42 25
2 2 44 24
4 2 41 25
1 2 41 24
2 2 47 23
2 2 45 24
4 2 41 25
4 2 43 24
2 2 41 24
4 2 64 25
4 2 39 49
4 2 39 54
3 2 43 55
5 2 50 55
4 2 56 56
1 2 50 56
2 2 48 56
3 2 46 56
3 2 44 55
1 2 51 55
2 2 51 56
4 2 44 56
2 2 42 53
2 2 40 53
2 2 44 54
1 2 42 54
3 2 40 54
3 2 39 61
4 2 39 63
3 2 39 64
1 2 39 65
2 2 39 73
2 2 44 73
3 2 39 83
4 2 42 85
1 2 39 85
2 2 38 1
2 2 42 1
4 2 52 1
3 2 48 1
4 2 38 5
1 2 38 13
2 2 38 12
4 2 43 11
1 2 38 29
1 2 39 29
2 2 44 28
4 2 51 26
1 2 38 55
4 2 38 56
3 2 38 58
4 2 46 59
2 2 39 59
4 2 40 58
6 2 48 57
4 2 51 56
2 2 38 71
4 2 39 71
1 2 38 72
3 2 38 99
4 2 45 99
2 2 61 98
2 2 58 99
1 2 37 19
4 2 37 24
4 2 46 25
5 2 40 24
6 2 41 25
2 2 44 24
1 2 37 24
3 2 60 25
4 2 40 23
3 2 42 22
1 2 38 24
1 2 39 23
1 2 37 32
2 2 52 33
3 2 55 35
3 2 53 34
4 2 47 31
3 2 50 33
4 2 37 33
2 2 50 32
4 2 38 32
2 2 46 33
4 2 58 35
3 2 47 34
1 2 37 52
4 2 43 51
1 2 37 74
4 2 38 75
4 2 40 75
3 2 39 73
1 2 40 74
1 2 39 77
1 2 37 89
4 2 55 89
1 2 54 89
1 2 48 88
4 2 47 88
1 2 37 92
2 2 37 95
2 2 58 96
2 2 43 94
1 2 42 95
2 2 52 95
4 2 50 95
4 2 39 94
3 2 49 94
3 2 42 93
3 2 40 94
5 2 41 93
5 2 49 94
4 2 41 92
3 2 36 1
6 2 52 1
2 2 44 1
3 2 50 1
3 2 71 2
1 2 38 1
1 2 49 3
2 2 39 2
2 2 36 2
4 2 36 1
4 2 52 2
3 2 36 9
3 2 36 13
1 2 43 14
4 2 38 15
4 2 36 18
2 2 36 19
3 2 36 65
2 2 39 66
1 2 37 64
3 2 37 66
4 2 36 67
6 2 53 67
3 2 44 67
3 2 36 87
4 2 39 86
4 2 36 92
3 2 36 96
2 2 48 98
3 2 46 98
2 2 41 95
5 2 56 96
4 2 37 95
6 2 39 94
1 2 35 1
4 2 35 22
1 2 36 21
3 2 35 28
1 2 35 44
3 2 35 51
4 2 35 64
2 2 35 76
3 2 40 77
1 2 39 77
6 2 60 77
2 2 59 77
6 2 40 77
5 2 45 77
3 2 58 78
3 2 43 78
2 2 39 77
3 2 38 75
1 2 35 82
3 2 67 81
4 2 41 82
1 2 63 81
4 2 37 81
3 2 45 81
4 2 35 82
2 2 54 81
1 2 38 81
2 2 44 82
1 2 34 3
3 2 38 4
1 2 37 4
4 2 45 3
4 2 43 4
6 2 43 3
6 2 40 5
3 2 38 4
2 2 50 6
4 2 58 6
5 2 38 3
3 2 34 15
1 2 34 21
3 2 34 34
1 2 56 35
3 2 34 44
3 2 37 43
6 2 48 44
1 2 65 45
4 2 43 44
4 2 62 43
4 2 34 61
4 2 47 61
1 2 34 74
3 2 34 94
6 2 43 93
2 2 33 1
4 2 33 9
2 2 33 12
2 2 33 31
3 2 33 65
1 2 33 66
4 2 33 67
3 2 33 92
1 2 46 91
2 2 46 91
6 2 41 67
2 2 42 68
5 2 44 67
2 2 33 94
1 2 41 93
1 2 32 1
1 2 32 16
2 2 40 16
2 2 42 14
1 2 37 17
4 2 32 23
4 2 33 22
1 2 32 28
4 2 33 94
3 2 40 27
1 2 32 32
3 2 41 95
3 2 44 32
2 2 41 95
2 2 46 97
3 2 36 32
4 2 40 96
4 2 51 96
1 2 58 97
3 2 39 96
6 2 46 32
3 2 59 96
5 2 46 33
5 2 39 96
2 2 36 33
3 2 37 33
3 2 32 31
2 2 32 44
6 2 55 43
5 2 50 43
4 2 33 43
1 2 38 42
1 2 44 42
1 2 46 41
2 2 45 41
1 2 35 42
4 2 32 44
3 2 54 45
1 2 53 45
5 2 51 45
1 2 55 46
4 2 32 53
4 2 39 54
5 2 39 53
3 2 35 54
2 2 32 56
5 2 51 56
4 2 50 56
1 2 38 57
1 2 56 57
4 2 45 57
4 2 39 57
3 2 57 57
2 2 32 58
2 2 37 57
3 2 32 61
1 2 32 62
3 2 34 63
4 2 32 63
1 2 40 62
4 2 32 69
3 2 37 69
2 2 35 68
4 2 34 69
2 2 32 92
3 2 39 91
1 2 53 93
1 2 32 92
3 2 32 91
3 2 32 94
2 2 30 3
1 2 30 5
4 2 43 6
2 2 30 17
2 2 31 17
3 2 44 19
2 2 32 18
4 2 36 17
1 2 30 22
2 2 30 55
4 2 35 54
1 2 31 55
1 2 30 57
4 2 30 84
4 2 32 83
1 2 32 83
4 2 36 84
2 2 29 21
3 2 29 26
4 2 38 24
4 2 38 27
4 2 36 26
1 2 29 27
4 2 45 29
2 2 41 28
2 2 34 26
4 2 33 28
3 2 33 28
3 2 29 29
2 2 29 39
3 2 40 38
1 2 46 37
1 2 35 37
1 2 50 37
2 2 42 36
1 2 52 37
1 2 38 35
3 2 29 51
3 2 29 53
3 2 37 53
1 2 34 52
3 2 43 51
3 2 36 51
2 2 34 51
6 2 36 52
2 2 29 59
4 2 30 59
2 2 29 75
2 2 39 75
4 2 36 74
6 2 37 74
1 2 36 74
3 2 33 74
3 2 33 76
2 2 32 74
1 2 43 73
4 2 29 76
2 2 30 75
1 2 32 76
3 2 34 77
2 2 34 77
1 2 33 77
1 2 37 79
3 2 30 74
2 2 29 78
2 2 32 79
1 2 29 79
1 2 29 87
4 2 57 88
1 2 42 87
3 2 29 92
2 2 31 92
4 2 34 91
1 2 32 91
3 2 28 21
3 2 28 31
2 2 28 32
4 2 28 37
1 2 33 39
4 2 28 49
1 2 28 48
3 2 35 47
4 2 37 46
3 2 36 46
2 2 31 48
1 2 36 48
3 2 44 47
1 2 28 52
2 2 28 62
4 2 34 61
2 2 30 64
1 2 29 48
3 2 28 67
1 2 36 61
4 2 35 61
3 2 30 66
1 2 36 66
1 2 28 89
1 2 30 67
2 2 32 88
5 2 30 66
2 2 30 66
4 2 28 91
1 2 27 32
6 2 30 65
2 2 29 32
5 2 35 32
1 2 57 31
4 2 52 31
1 2 27 39
1 2 32 38
2 2 27 58
4 2 33 58
4 2 35 57
1 2 27 57
2 2 27 64
5 2 34 65
4 2 30 66
3 2 27 68
3 2 33 67
3 2 27 91
1 2 27 96
1 2 32 96
1 2 41 38
3 2 40 38
3 2 35 97
3 2 32 98
1 2 26 11
1 2 26 21
3 2 28 21
3 2 26 32
3 2 29 12
4 2 36 14
4 2 45 13
3 2 26 54
3 2 26 78
1 2 32 78
2 2 27 76
3 2 26 89
3 2 29 89
3 2 52 88
3 2 32 88
1 2 25 18
2 2 41 17
4 2 54 32
3 2 31 18
2 2 25 21
4 2 25 38
5 2 49 37
1 2 40 37
5 2 39 37
1 2 28 37
6 2 40 36
3 2 29 38
2 2 28 39
4 2 29 38
3 2 25 52
1 2 30 52
3 2 25 56
4 2 25 63
3 2 31 62
2 2 32 61
1 2 31 62
1 2 28 64
4 2 25 75
4 2 31 76
6 2 30 76
3 2 29 76
1 2 27 77
5 2 27 76
5 2 32 75
4 2 25 78
4 2 26 77
1 2 24 3
3 2 32 2
3 2 29 3
3 2 27 2
1 2 39 1
1 2 28 1
1 2 26 2
6 2 28 2
4 2 29 3
1 2 24 6
4 2 42 6
4 2 50 7
2 2 55 16
4 2 44 7
2 2 35 6
3 2 49 5
1 2 24 8
1 2 38 7
5 2 39 6
2 2 38 6
3 2 37 8
3 2 40 8
2 2 24 8
4 2 30 7
3 2 34 6
2 2 33 6
4 2 26 8
2 2 30 9
2 2 28 8
3 2 24 8
4 2 24 12
5 2 47 7
1 2 47 13
4 2 25 12
6 2 41 12
5 2 36 12
3 2 24 16
2 2 38 15
3 2 30 14
4 2 24 29
1 2 35 28
4 2 35 28
5 2 35 27
2 2 34 28
4 2 24 57
2 2 24 57
4 2 24 61
4 2 24 67
2 2 36 67
3 2 32 67
3 2 35 68
4 2 35 67
3 2 30 66
1 2 24 78
2 2 24 93
4 2 25 93
4 2 29 92
6 2 28 92
5 2 27 92
3 2 24 94
2 2 25 93
2 2 23 3
3 2 23 14
2 2 23 16
1 2 32 16
4 2 23 25
1 2 25 24
1 2 28 25
1 2 26 24
3 2 24 24
6 2 30 23
3 2 23 26
1 2 33 26
1 2 23 27
2 2 29 27
1 2 34 27
3 2 23 47
4 2 35 47
3 2 25 48
4 2 30 48
4 2 23 49
1 2 23 53
4 2 25 54
3 2 23 58
1 2 23 61
2 2 55 61
3 2 28 61
4 2 27 62
6 2 28 62
2 2 47 62
2 2 23 61
3 2 25 62
3 2 23 68
2 2 26 68
3 2 23 71
4 2 26 72
1 2 30 72
3 2 32 72
5 2 38 72
1 2 32 73
3 2 36 71
3 2 24 72
4 2 27 73
3 2 26 71
2 2 23 75
4 2 23 91
1 2 22 6
6 2 40 7
3 2 35 5
6 2 29 7
1 2 54 8
2 2 24 7
4 2 31 7
4 2 23 7
4 2 52 8
2 2 22 8
1 2 22 22
5 2 35 22
4 2 26 21
1 2 22 32
1 2 52 31
1 2 32 31
1 2 33 32
2 2 22 53
4 2 22 53
6 2 39 52
3 2 33 52
1 2 22 71
1 2 23 72
1 2 43 71
4 2 26 71
6 2 27 72
3 2 41 71
2 2 25 71
1 2 22 98
2 2 20 13
1 2 26 14
5 2 44 14
4 2 43 14
2 2 43 14
5 2 43 13
5 2 35 14
3 2 33 14
4 2 20 37
3 2 28 38
2 2 26 36
6 2 49 35
4 2 22 36
2 2 26 36
5 2 40 35
1 2 44 36
3 2 20 41
3 2 33 42
1 2 32 42
3 2 25 41
4 2 42 42
6 2 41 42
3 2 26 42
2 2 40 43
2 2 30 41
1 2 30 44
2 2 29 44
4 2 22 41
1 2 38 42
5 2 37 42
2 2 28 42
3 2 20 44
4 2 22 45
4 2 20 68
2 2 31 67
4 2 20 74
3 2 20 98
2 2 22 98
4 2 22 97
2 2 32 96
4 2 23 98
1 2 19 3
2 2 25 2
3 2 36 3
5 2 31 1
4 2 27 1
4 2 19 5
3 2 19 8
4 2 23 8
2 2 23 8
2 2 24 7
5 2 21 7
3 2 21 7
1 2 19 39
4 2 21 38
2 2 19 44
1 2 37 45
2 2 34 45
4 2 48 47
1 2 24 43
3 2 22 43
4 2 19 46
3 2 19 59
3 2 19 68
3 2 19 71
3 2 19 73
2 2 18 22
3 2 18 28
3 2 19 28
3 2 29 27
2 2 29 28
2 2 18 27
3 2 25 26
2 2 41 25
3 2 18 49
2 2 30 48
6 2 30 47
4 2 22 48
5 2 36 47
1 2 18 52
4 2 30 52
4 2 28 51
3 2 20 52
4 2 23 51
4 2 20 52
1 2 18 61
4 2 18 79
2 2 18 85
5 2 46 85
4 2 45 85
1 2 29 84
6 2 39 85
1 2 21 85
3 2 31 84
2 2 18 87
2 2 18 89
2 2 27 88
4 2 26 89
4 2 23 89
3 2 19 88
4 2 26 88
5 2 46 87
4 2 23 87
4 2 42 88
3 2 37 87
3 2 44 86
2 2 30 86
4 2 29 87
4 2 32 86
3 2 24 88
3 2 18 94
2 2 20 92
3 2 22 91
2 2 17 4
3 2 18 6
4 2 17 21
3 2 32 21
4 2 17 51
4 2 17 55
1 2 31 55
1 2 23 56
2 2 17 61
6 2 35 62
5 2 29 62
4 2 33 62
2 2 17 65
1 2 29 65
6 2 32 64
3 2 25 65
4 2 23 64
3 2 43 63
2 2 33 63
2 2 21 65
4 2 22 65
3 2 22 66
4 2 17 88
1 2 16 1
3 2 16 5
2 2 20 4
4 2 16 17
3 2 39 18
2 2 23 17
1 2 28 18
5 2 43 17
4 2 32 18
3 2 22 18
6 2 27 17
3 2 20 17
1 2 17 16
4 2 31 15
3 2 26 15
6 2 41 15
2 2 31 16
2 2 28 15
3 2 16 18
2 2 16 21
3 2 16 24
1 2 20 24
1 2 16 25
2 2 25 24
5 2 21 23
4 2 16 26
2 2 16 43
3 2 18 42
3 2 26 41
4 2 16 48
1 2 20 48
5 2 21 47
1 2 51 48
2 2 50 49
3 2 16 59
1 2 19 58
4 2 18 58
2 2 17 58
6 2 25 57
3 2 24 58
5 2 21 57
2 2 16 77
1 2 16 77
2 2 17 78
4 2 16 78
1 2 16 86
3 2 25 84
3 2 24 86
3 2 16 94
4 2 16 98
1 2 51 98
1 2 36 97
3 2 25 99
4 2 49 98
1 2 22 99
3 2 19 97
2 2 18 97
6 2 48 97
4 2 31 96
4 2 15 3
4 2 17 3
2 2 30 4
4 2 29 4
2 2 31 3
1 2 15 8
2 2 15 13
2 2 22 12
2 2 38 11
3 2 22 11
2 2 24 13
6 2 30 14
4 2 23 13
1 2 21 13
6 2 21 12
4 2 33 11
3 2 30 13
4 2 17 14
1 2 16 14
5 2 21 14
4 2 17 14
3 2 18 14
1 2 15 15
4 2 19 17
2 2 19 17
5 2 25 16
4 2 15 33
2 2 20 35
1 2 24 36
4 2 17 32
2 2 15 49
1 2 15 51
5 2 21 52
2 2 15 54
3 2 15 68
1 2 18 68
5 2 37 67
1 2 36 67
5 2 21 67
1 2 28 69
2 2 15 82
1 2 54 11
3 2 28 81
3 2 18 81
4 2 17 81
4 2 15 95
3 2 15 98
3 2 14 1
4 2 23 2
1 2 21 2
4 2 16 1
2 2 14 2
4 2 16 2
2 2 40 1
5 2 17 2
3 2 14 8
1 2 14 19
3 2 14 51
3 2 14 58
2 2 15 57
3 2 14 65
4 2 14 66
1 2 28 67
4 2 14 74
4 2 18 76
1 2 17 76
2 2 15 73
4 2 25 73
1 2 19 72
2 2 18 74
5 2 41 75
1 2 17 71
2 2 16 71
1 2 14 86
3 2 20 87
5 2 27 86
4 2 13 16
4 2 19 16
1 2 13 78
4 2 15 77
2 2 14 77
3 2 13 81
2 2 30 82
1 2 18 81
4 2 18 81
3 2 40 81
4 2 13 86
6 2 29 87
2 2 35 86
1 2 15 85
1 2 16 85
4 2 13 96
4 2 12 1
4 2 12 11
2 2 14 11
2 2 17 12
1 2 23 13
1 2 12 13
5 2 39 12
3 2 16 12
4 2 20 13
4 2 16 11
2 2 19 13
1 2 15 12
4 2 13 14
6 2 24 14
2 2 12 14
2 2 12 27
3 2 12 31
3 2 13 31
3 2 19 31
3 2 12 57
5 2 24 57
2 2 42 58
4 2 21 56
4 2 28 55
4 2 26 56
3 2 13 57
3 2 16 56
2 2 16 55
3 2 21 54
4 2 16 55
4 2 22 54
2 2 12 71
2 2 18 72
1 2 15 73
4 2 12 77
3 2 12 76
3 2 22 77
2 2 12 84
4 2 33 83
3 2 19 83
1 2 27 82
2 2 29 82
1 2 39 81
4 2 25 82
3 2 27 81
5 2 32 82
3 2 25 81
3 2 14 83
3 2 12 85
2 2 12 86
1 2 12 88
4 2 12 92
4 2 14 91
1 2 10 34
3 2 12 33
2 2 17 32
1 2 14 34
1 2 27 36
4 2 24 35
2 2 21 36
1 2 12 34
1 2 10 37
2 2 17 39
3 2 18 38
4 2 10 47
3 2 18 46
1 2 25 45
2 2 16 48
4 2 13 48
6 2 35 82
3 2 25 46
2 2 17 48
1 2 20 47
4 2 10 58
4 2 13 56
3 2 16 49
2 2 12 56
3 2 10 73
4 2 10 82
3 2 16 81
3 2 18 55
1 2 10 92
1 2 11 92
4 2 21 82
3 2 11 93
4 2 9 12
4 2 13 11
2 2 13 92
1 2 12 11
2 2 13 12
2 2 9 37
3 2 9 46
3 2 9 48
4 2 9 69
1 2 9 82
4 2 18 45
2 2 16 81
2 2 10 82
1 2 17 82
5 2 17 82
4 2 16 82
1 2 9 88
4 2 8 7
2 2 24 83
1 2 8 39
1 2 16 38
3 2 8 41
1 2 8 42
1 2 14 44
4 2 8 45
1 2 17 45
2 2 8 72
3 2 13 74
3 2 8 83
4 2 8 84
1 2 8 92
1 2 23 93
4 2 8 91
4 2 8 95
1 2 14 94
2 2 7 24
2 2 7 27
2 2 24 26
4 2 29 25
3 2 26 26
2 2 26 25
1 2 12 26
2 2 22 25
4 2 7 32
1 2 32 32
4 2 7 37
2 2 10 36
1 2 27 38
1 2 14 37
6 2 19 36
1 2 7 47
3 2 7 56
1 2 9 57
2 2 12 58
3 2 7 75
4 2 7 75
2 2 11 74
4 2 15 75
1 2 10 75
4 2 18 75
4 2 13 74
2 2 16 73
2 2 7 78
3 2 9 79
4 2 7 87
3 2 7 88
4 2 6 33
4 2 8 32
4 2 41 31
2 2 8 33
2 2 27 34
2 2 18 35
3 2 6 39
3 2 6 63
1 2 24 64
3 2 22 64
2 2 14 64
3 2 6 81
4 2 21 81
2 2 12 82
2 2 6 87
3 2 12 86
5 2 11 86
2 2 6 89
1 2 6 88
1 2 6 94
1 2 12 95
2 2 6 98
3 2 5 6
1 2 10 7
4 2 16 7
2 2 5 23
3 2 10 21
4 2 5 31
2 2 5 53
6 2 20 53
4 2 10 53
3 2 14 21
3 2 8 53
3 2 10 54
2 2 8 54
4 2 12 51
3 2 5 53
1 2 7 55
4 2 5 69
1 2 11 69
4 2 13 54
3 2 6 68
1 2 5 71
1 2 7 71
2 2 4 1
3 2 4 17
3 2 17 18
2 2 14 67
2 2 6 17
4 2 4 23
3 2 4 33
1 2 4 63
2 2 15 62
2 2 5 62
1 2 20 63
3 2 12 62
3 2 10 16
3 2 30 16
2 2 10 17
6 2 25 16
4 2 20 19
3 2 10 17
4 2 4 65
2 2 12 67
4 2 14 69
1 2 11 68
4 2 16 66
2 2 13 68
2 2 4 74
2 2 11 74
5 2 12 74
4 2 10 75
2 2 8 75
1 2 10 75
4 2 18 74
6 2 10 74
3 2 10 73
2 2 4 82
2 2 5 81
4 2 4 95
5 2 11 95
4 2 2 25
2 2 18 26
4 2 19 26
1 2 13 26
3 2 3 25
2 2 12 25
3 2 10 26
2 2 31 61
6 2 10 26
3 2 12 25
2 2 12 27
2 2 17 27
3 2 8 27
1 2 10 27
2 2 14 27
3 2 9 27
4 2 6 27
3 2 2 42
2 2 6 43
2 2 13 43
1 2 9 43
5 2 11 43
6 2 16 43
4 2 7 42
4 2 11 41
1 2 10 41
4 2 8 42
4 2 16 43
1 2 2 44
3 2 2 45
2 2 2 47
1 2 2 65
1 2 12 66
2 2 7 64
5 2 18 43
2 2 2 82
3 2 18 63
3 2 17 83
1 2 10 81
3 2 20 84
4 2 21 84
6 2 9 82
4 2 2 83
2 2 6 84
3 2 2 83
4 2 3 83
1 2 21 84
3 2 20 85
3 2 2 95
3 2 6 85
3 2 6 96
1 2 4 96
3 2 11 97
2 2 2 94
4 2 2 96
4 2 11 97
3 2 2 99
1 3 58 9
1 3 58 11
1 3 57 91
1 3 55 31
3 3 52 9
3 3 52 51
1 3 50 69
1 3 50 93
2 3 50 99
2 3 49 29
1 3 49 31
3 3 48 9
2 3 48 46
1 3 47 16
4 3 46 11
3 2 45 11
4 3 46 21
1 3 46 93
2 3 44 47
3 3 44 98
2 3 43 69
4 3 43 76
2 3 43 93
3 3 42 19
4 3 42 49
2 3 42 59
2 3 41 6
2 3 41 15
2 3 41 48
3 2 43 47
1 3 40 33
3 2 39 33
1 3 40 35
3 3 40 73
3 3 40 76
1 3 40 79
4 3 40 98
4 3 39 19
1 3 39 31
4 3 38 91
1 3 38 96
2 2 43 96
2 3 39 96
3 2 40 96
1 3 42 97
1 3 39 96
4 3 37 66
3 3 36 9
3 3 36 31
3 3 36 44
4 3 36 58
2 3 36 78
2 3 35 29
2 3 35 91
4 3 34 2
4 3 35 2
3 3 34 6
1 3 34 45
4 3 43 46
4 3 34 51
3 3 34 62
1 3 36 62
2 3 34 93
4 3 33 57
2 3 33 66
2 3 33 81
1 3 33 97
3 3 32 86
4 3 31 3
3 3 31 7
1 3 31 21
4 3 31 91
3 3 30 34
1 3 30 51
3 3 30 83
2 3 29 22
3 3 29 97
1 3 29 99
3 2 35 98
3 3 28 8
4 3 32 9
1 3 28 47
2 3 35 48
3 3 28 62
4 3 33 61
1 3 28 69
3 3 28 72
3 3 31 71
4 3 27 4
1 3 27 32
3 3 27 45
2 3 38 46
3 3 26 3
5 2 26 3
6 2 27 3
3 3 26 27
2 3 26 52
3 3 26 64
4 2 25 64
1 3 25 19
1 3 25 72
3 3 24 32
3 3 29 31
1 3 24 51
4 3 24 58
1 3 24 69
3 3 24 77
2 3 23 13
1 3 31 12
4 2 30 12
2 3 23 86
2 3 22 27
3 3 22 44
2 3 22 48
4 2 36 48
4 3 32 48
2 3 33 47
2 3 22 55
3 3 22 79
1 3 22 85
3 3 21 3
1 3 25 4
5 2 25 5
4 2 24 6
1 3 21 9
4 3 21 28
1 3 30 28
3 3 26 28
4 3 23 28
4 3 21 47
4 3 21 49
3 3 21 58
1 3 27 58
3 3 20 88
4 3 19 31
3 3 19 73
1 3 19 95
4 3 18 53
3 3 16 28
2 3 15 11
3 3 18 11
2 3 15 32
3 3 27 33
3 3 22 32
6 2 22 32
2 2 26 31
3 3 15 33
4 3 24 34
2 3 15 66
2 2 17 65
2 2 17 67
3 2 20 67
3 3 15 86
3 2 19 86
2 3 14 91
4 3 21 92
6 2 20 92
2 3 14 97
3 3 18 96
4 2 17 96
5 2 19 95
2 2 19 96
2 3 21 97
2 3 25 98
2 3 22 97
4 3 13 71
5 2 14 72
3 3 12 15
2 3 12 38
1 2 23 37
1 3 12 61
1 3 12 76
3 3 11 44
2 2 12 44
2 3 13 44
2 2 31 43
3 3 11 89
4 3 10 2
2 3 10 17
4 2 10 17
5 2 10 16
2 3 24 18
2 3 10 51
3 2 17 51
1 2 17 51
2 3 9 48
5 2 30 47
4 2 34 48
2 3 9 63
1 2 11 62
2 3 14 63
2 3 20 64
2 3 9 75
6 2 11 76
3 3 15 75
4 3 9 85
3 3 8 7
1 2 12 7
2 2 17 8
2 3 13 9
3 3 18 8
4 3 12 6
3 3 21 7
1 3 12 5
3 3 8 17
2 2 8 18
1 3 8 21
2 2 8 22
2 3 7 86
6 2 7 86
6 2 15 85
4 2 15 86
5 2 16 84
4 3 6 4
1 2 14 4
3 3 6 3
2 2 8 1
3 3 6 25
3 2 7 24
4 2 6 24
5 2 7 26
6 2 15 27
2 3 6 38
1 3 6 59
4 2 8 59
1 3 6 85
2 3 16 84
6 2 16 83
3 3 20 83
3 3 6 91
2 2 17 92
1 2 11 91
3 2 16 92
2 3 5 27
1 3 5 43
2 2 7 45
2 3 16 41
3 3 17 43
2 3 5 55
3 3 5 75
3 2 8 77
3 2 14 78
5 2 9 76
3 2 35 78
2 3 10 79
2 2 16 77
4 3 7 78
1 3 4 12
3 2 4 12
3 2 6 12
4 3 4 14
1 2 8 15
6 2 9 14
1 3 4 13
3 3 4 61
4 2 4 61
3 3 13 61
1 2 13 61
5 2 13 62
3 3 11 62
1 3 3 7
2 2 11 6
3 2 11 6
2 2 9 7
1 2 9 6
2 2 11 8
2 2 29 8
4 2 28 9
1 2 27 9
2 3 22 6
1 3 7 8
2 2 6 9
1 2 9 8
1 3 27 8
3 3 3 31
3 3 3 41
3 3 23 42
2 3 3 53
4 2 8 53
4 2 6 54
5 2 11 54
3 2 9 53
4 3 3 98
4 2 5 98
2 3 2 21
3 2 6 22
3 3 3 21
1 3 22 22
3 3 18 22
4 3 7 22
2 3 2 24
3 3 26 23
1 3 2 55
4 2 7 57
6 2 14 54
5 2 14 55
3 2 17 55
4 3 13 58
3 3 2 64
1 2 3 64
5 2 14 64
2 3 2 68
4 2 8 68
1 3 19 69
4 3 12 67
2 3 8 69
1 3 4 67
4 2 9 65
6 2 13 66
2 3 6 67
4 3 2 79
2 2 13 78
2 3 2 88
2 3 4 85
4 3 30 9
3 4 45 99
1 4 43 19
4 4 39 37
3 4 38 29
3 4 37 89
1 2 36 89
1 4 36 99
3 4 35 93
2 4 34 11
3 4 34 51
4 4 32 73
2 4 31 61
3 4 29 15
1 4 28 25
4 4 28 94
3 4 27 73
4 4 27 98
2 2 27 99
2 3 30 98
1 4 26 23
1 4 26 85
2 4 25 18
4 4 25 19
4 4 24 71
3 4 23 37
6 2 21 38
2 4 32 39
1 4 23 69
2 4 22 23
3 4 21 18
3 4 20 51
4 4 20 81
1 2 19 81
2 4 18 31
4 4 17 23
1 4 17 32
1 4 18 32
5 2 17 32
2 4 17 55
1 4 16 66
3 4 16 68
4 4 16 87
1 4 15 15
4 2 15 15
2 2 14 15
1 4 15 36
5 2 17 35
3 3 34 36
3 4 40 34
2 4 15 51
3 4 14 53
2 4 10 55
1 4 9 41
4 3 22 42
4 3 27 41
1 4 12 42
1 4 9 76
1 3 10 76
1 2 15 77
1 3 18 75
3 4 8 42
2 2 8 41
1 4 19 43
3 4 8 61
2 4 8 95
6 2 17 96
4 4 7 48
1 4 7 75
2 4 6 46
4 3 21 48
4 3 24 47
3 4 6 94
4 2 6 95
3 2 8 93
4 2 17 96
1 4 5 11
2 2 4 11
3 4 23 11
1 4 5 73
4 3 11 71
3 4 4 1
1 2 7 1
3 4 4 13
4 4 4 42
3 2 7 41
3 4 3 45
2 4 12 45
4 4 25 46
4 4 26 46
3 4 3 57
4 2 3 56
1 4 2 16
1 2 8 17
3 2 2 15
4 3 2 15
4 4 9 18
4 4 2 31
1 3 2 31
2 3 2 31
4 2 21 34
2 5 39 39
4 5 37 41
3 5 32 16
3 5 31 3
4 5 28 41
4 5 25 3
1 5 24 44
2 5 22 78
4 4 29 79
2 5 18 91
3 5 17 84
2 5 14 7
2 5 11 19
1 5 9 26
5 2 8 26
1 2 19 27
1 5 9 76
4 5 8 6
3 2 6 7
4 5 8 57
4 2 10 58
3 2 9 59
2 5 8 78
4 2 11 78
3 5 6 12
5 2 5 12
3 5 28 11
3 5 17 11
1 5 6 21
1 2 13 22
4 2 13 23
4 5 8 22
3 5 6 65
1 5 5 1
2 2 4 2
3 2 3 2
3 3 4 2
6 2 4 1
4 2 3 1
5 2 3 1
2 2 2 1
1 3 16 3
4 5 5 67
2 5 4 35
2 2 4 36
3 2 4 37
1 3 20 34
3 5 8 32
4 2 8 33
6 2 21 34
4 5 4 64
4 2 8 64
2 5 4 77
1 2 2 78
3 3 3 77
4 5 4 85
5 2 5 84
1 4 9 83
1 5 13 87
2 2 10 89
4 5 22 87
1 5 7 87
4 2 20 88
3 5 3 94
2 2 14 94
2 4 10 94
2 5 2 27
4 2 2 28
1 2 10 28
2 3 13 27
2 5 10 28
4 5 2 45
1 5 11 47
2 2 22 48
1 5 2 68
3 2 2 68
4 5 2 71
2 2 2 71
4 5 2 92
6 2 7 92
4 2 10 93
5 2 10 93
1 5 4 91
2 3 3 91
3 2 2 91
3 2 4 92
4 6 34 34
1 2 33 34
3 2 36 35
2 6 25 71
2 6 24 98
3 6 20 57
1 6 18 8
3 6 14 81
2 2 13 81
2 3 15 81
2 2 18 82
1 6 10 83
2 6 9 24
3 6 8 65
1 2 7 65
4 4 7 65
2 2 7 66
4 6 7 66
1 6 6 36
2 2 5 36
2 3 6 36
3 2 6 36
4 2 6 35
5 2 6 37
2 2 7 38
4 2 6 39
2 3 23 35
1 4 15 39
1 4 12 38
1 6 3 2
5 2 15 1
2 3 17 3
4 6 3 11
3 2 2 11
1 2 2 12
1 6 4 14
3 6 11 11
1 6 10 11
2 6 3 42
2 2 3 43
3 2 2 44
2 2 11 41
4 3 16 41
5 2 17 44
2 6 3 56
2 2 5 58
1 3 14 59
3 6 2 54
1 7 28 4
2 7 25 4
1 7 24 46
6 2 22 47
4 7 22 83
3 7 20 93
1 7 18 56
1 7 18 98
6 2 18 97
5 2 17 98
4 3 18 97
1 7 17 5
1 7 15 15
3 7 13 5
4 2 10 6
3 3 22 4
4 2 21 4
3 5 16 5
3 7 11 35
1 5 13 34
3 4 23 35
4 2 22 35
2 7 9 81
3 7 6 13
4 7 2 11
6 2 1 12
4 3 1 12
1 4 2 12
4 4 5 13
1 6 6 13
3 7 2 71
1 2 3 73
4 3 2 72
1 2 6 72
2 3 7 73
3 2 13 71
2 5 13 74
1 7 2 81
4 8 13 16
1 8 12 26
4 5 26 34
2 8 12 93
4 8 11 77
2 2 10 77
3 8 10 48
6 2 9 48
1 2 20 49
1 8 15 46
2 6 22 45
4 2 21 45
3 8 9 3
4 2 8 3
4 8 11 4
1 8 9 97
1 8 5 96
2 8 4 31
1 8 3 27
3 2 2 27
3 2 8 27
2 8 2 64
3 3 2 66
6 2 3 67
6 2 8 63
4 6 22 61
5 2 21 62
4 6 20 62
3 9 12 87
1 4 23 89
1 6 17 88
3 9 10 96
1 4 9 96
6 2 8 98
5 3 8 97
3 3 8 96
2 5 19 95
2 6 13 96
1 9 7 82
1 9 2 35
3 2 6 34
5 2 6 33
3 2 2 34
3 2 3 38
2 4 5 34
4 2 6 35
6 3 5 33
1 2 10 34
4 10 14 76
4 10 9 62
4 11 12 8
3 11 9 76
2 11 2 13
6 2 5 16
1 2 5 15
3 10 5 15
2 2 6 17
3 11 6 17
5 2 9 18
1 12 13 33
2 12 10 61
1 12 8 16
4 2 7 16
1 12 6 6
6 2 8 5
6 2 10 4
2 3 9 4
3 12 5 36
1 12 4 67
5 2 2 68
3 12 3 85
2 4 11 89
2 4 3 86
1 2 3 86
2 2 3 87
2 5 6 88
5 2 5 88
6 2 4 88
1 12 2 21
4 5 3 23
6 3 3 22
5 2 2 22
6 2 1 22
5 2 1 22
3 2 1 22
1 12 2 30
2 4 3 33
4 13 14 52
1 13 3 60
4 13 2 2
3 2 2 5
3 2 2 8
6 2 4 7
5 2 3 8
2 2 14 1
2 14 11 50
3 2 7 52
1 14 7 46
4 14 2 15
4 15 12 40
1 3 8 40
3 2 11 40
2 16 9 65
2 17 3 93
6 2 2 94
4 2 2 95
4 18 7 24
5 2 3 27
5 2 7 24
4 19 2 32
4 20 3 42
3 2 5 43
1 2 4 44
3 2 3 48
6 3 3 44
6 2 4 43
4 23 2 80
5 2 2 81
2 5 3 82
2 24 8 83
6 2 2 84
3 2 2 83
2 25 3 1
5 2 3 5
2 31 5 43
1 34 8 90
6 3 1 95
5 3 1 94
3 41 12 21
2 41 4 34
5 2 4 37
4 3 3 36
3 2 11 38
4 2 10 38
4 47 8 70
2 2 2 73
5 2 2 73
1 3 2 75
3 2 3 72
6 2 4 71
6 4 2 72
5 3 1 72
1 51 4 50
1 2 6 50
2 2 3 50
6 3 5 55
6 2 8 55
3 4 15 24
