33180
3738
3 2 100 2
1 2 100 11
7 2 100 17
2 2 100 20
1 2 100 22
5 2 100 33
7 2 100 83
6 2 100 95
7 2 99 3
5 2 99 19
2 2 99 24
6 2 99 26
4 2 99 38
4 2 99 44
5 2 99 51
6 2 98 20
4 2 98 23
3 2 98 37
8 2 98 60
6 2 98 69
6 2 98 79
4 2 98 99
3 2 97 1
8 2 97 21
1 2 97 23
4 2 97 36
6 2 99 34
6 2 97 36
3 2 97 43
4 2 97 48
4 2 98 47
6 2 97 49
3 2 97 59
5 2 97 67
5 2 97 84
6 2 99 82
2 2 97 99
4 2 96 33
3 2 96 77
4 2 98 99
4 2 95 18
5 2 95 17
4 2 95 29
4 2 95 41
5 2 95 47
3 2 95 46
5 2 99 45
8 2 95 51
4 2 95 60
4 2 95 65
6 2 95 86
6 2 99 77
3 2 94 2
7 2 94 10
6 2 94 15
6 2 94 34
7 2 95 33
6 2 94 43
3 2 94 68
2 2 96 68
6 2 94 76
3 2 94 93
6 2 93 5
3 2 93 15
3 2 98 16
4 2 93 20
5 2 93 30
3 2 97 30
4 2 93 45
2 2 93 50
4 2 93 64
4 2 93 71
3 2 98 72
2 2 93 75
3 2 95 74
6 2 93 90
6 2 92 7
7 2 92 7
6 2 95 7
5 2 92 10
6 2 97 8
2 2 92 23
4 2 92 54
4 2 98 54
3 2 99 53
3 2 98 54
3 2 93 56
4 2 99 57
3 2 92 66
5 2 93 66
1 2 92 74
3 2 91 3
8 2 94 4
5 2 97 3
6 2 92 2
4 2 91 29
7 2 90 6
4 2 90 12
6 2 97 11
3 2 93 11
7 2 97 12
5 2 99 13
5 2 90 28
1 2 90 31
3 2 98 32
5 2 90 58
4 2 94 58
5 2 90 67
4 2 93 68
2 2 94 70
5 2 93 67
4 2 92 66
4 2 90 67
6 2 90 72
3 2 91 72
5 2 89 3
5 2 89 21
7 2 89 37
3 2 92 38
2 2 92 39
3 2 92 40
7 2 91 39
4 2 89 45
5 2 95 44
1 2 89 47
3 2 97 49
6 2 94 47
4 2 89 73
5 2 93 72
4 2 88 13
5 2 95 14
4 2 88 26
5 2 88 28
8 2 88 55
5 2 91 56
4 2 96 57
8 2 90 56
4 2 91 56
3 2 88 65
2 2 90 64
8 2 88 95
6 2 99 85
4 2 88 94
4 2 87 20
5 2 87 26
2 2 87 46
5 2 87 56
4 2 87 72
1 2 87 75
4 2 87 77
6 2 87 79
8 2 93 79
7 2 99 81
5 2 92 78
7 2 96 77
4 2 93 79
3 2 87 83
2 2 91 83
1 2 91 85
3 2 94 86
2 2 93 86
7 2 90 83
2 2 89 83
4 2 87 92
5 2 90 92
6 2 86 15
5 2 94 16
7 2 88 15
4 2 95 16
4 2 86 66
1 2 86 73
8 2 87 74
5 2 85 10
3 2 90 9
1 2 91 8
3 2 91 7
4 2 90 9
3 2 90 11
7 2 93 10
5 2 91 11
4 2 89 11
6 2 86 9
2 2 85 10
2 2 85 23
4 2 89 22
4 2 89 24
6 2 96 25
7 2 85 42
4 2 90 43
2 2 94 42
6 2 89 42
2 2 95 41
2 2 93 42
8 2 92 41
4 2 85 46
7 2 90 47
6 2 85 52
4 2 91 52
2 2 90 52
1 2 89 52
5 2 91 54
5 2 85 82
2 2 85 100
4 2 93 100
7 2 87 99
4 2 96 98
4 2 93 99
7 2 89 98
2 2 91 98
4 2 84 29
3 2 93 28
3 2 90 29
4 2 90 28
5 2 85 30
5 2 84 34
3 2 96 35
1 2 93 33
5 2 92 34
6 2 92 35
7 2 91 35
5 2 84 37
2 2 95 38
8 2 84 36
2 2 93 35
2 2 84 57
7 2 90 59
4 2 84 61
6 2 90 61
1 2 95 61
3 2 98 62
6 2 97 62
6 2 84 68
7 2 90 67
3 2 89 68
5 2 87 68
4 2 85 68
7 2 84 69
5 2 91 70
6 2 84 81
2 2 92 79
3 2 86 82
2 2 90 81
2 2 88 81
5 2 94 80
4 2 84 87
6 2 99 89
4 2 93 86
5 2 92 86
3 2 89 87
8 2 93 88
4 2 91 86
3 2 90 87
2 2 89 87
5 2 84 96
3 2 88 95
2 2 83 8
5 2 89 7
7 2 85 8
2 2 92 7
1 2 92 8
8 2 88 10
6 2 87 10
5 2 83 29
6 2 83 29
4 2 83 31
6 2 87 30
6 2 84 31
7 2 86 32
4 2 95 32
6 2 83 69
7 2 83 70
1 2 82 12
5 2 92 12
6 2 82 46
1 2 82 55
4 2 82 57
8 2 88 57
7 2 82 77
5 2 94 77
4 2 88 76
5 2 93 76
6 2 83 76
4 2 92 77
4 2 89 76
4 2 84 76
4 2 86 76
6 2 82 89
4 2 94 90
8 2 95 90
4 2 92 88
2 2 89 89
6 2 90 89
4 2 89 90
5 2 88 90
4 2 90 91
5 2 82 89
1 2 82 95
3 2 82 98
8 2 92 97
4 2 86 97
5 2 95 96
7 2 94 97
4 2 82 98
6 2 81 17
7 2 89 17
7 2 93 19
6 2 81 25
2 2 81 26
6 2 90 26
7 2 82 27
6 2 86 28
3 2 81 47
8 2 82 46
3 2 92 48
8 2 81 63
7 2 95 62
6 2 89 63
7 2 91 64
5 2 94 97
5 2 81 70
3 2 92 71
8 2 81 77
5 2 83 76
6 2 81 87
4 2 87 87
1 2 81 90
3 2 87 89
2 2 87 90
5 2 84 89
4 2 80 20
5 2 80 25
3 2 82 25
1 2 83 25
2 2 80 34
7 2 80 36
3 2 90 35
6 2 83 35
2 2 80 38
6 2 83 37
3 2 89 36
5 2 81 40
2 2 80 47
3 2 89 47
4 2 84 48
5 2 83 48
4 2 87 47
4 2 83 48
7 2 89 50
6 2 91 51
3 2 83 49
4 2 80 65
7 2 80 79
7 2 87 80
5 2 83 79
4 2 86 79
4 2 88 80
6 2 85 79
5 2 85 80
5 2 80 88
7 2 80 88
5 2 79 10
6 2 79 9
7 2 79 8
6 2 79 7
4 2 79 39
3 2 79 52
7 2 88 53
3 2 90 52
4 2 83 54
2 2 87 54
2 2 84 53
1 2 81 51
5 2 79 60
2 2 94 60
5 2 88 59
5 2 79 64
5 2 79 68
7 2 79 77
4 2 79 94
6 2 88 94
2 2 78 4
8 2 81 5
6 2 79 99
3 2 78 15
8 2 87 3
3 2 83 16
4 2 90 15
6 2 88 17
8 2 84 16
4 2 78 21
5 2 85 20
1 2 78 38
7 2 88 20
5 2 78 58
6 2 88 58
4 2 80 59
6 2 78 64
4 2 78 91
4 2 78 96
3 2 89 94
3 2 84 95
2 2 90 37
1 2 90 96
5 2 89 37
2 2 80 96
5 2 79 96
4 2 77 1
7 2 81 96
2 2 77 1
7 2 77 26
8 2 85 26
6 2 87 25
6 2 80 26
3 2 77 26
7 2 77 32
5 2 83 32
1 2 81 33
5 2 80 32
7 2 81 33
4 2 77 37
4 2 81 35
3 2 81 34
5 2 84 33
7 2 83 33
4 2 80 34
6 2 85 33
3 2 80 33
8 2 83 34
5 2 77 41
7 2 77 53
1 2 80 52
5 2 77 53
6 2 78 54
3 2 87 55
4 2 80 56
3 2 77 83
4 2 84 82
5 2 83 82
4 2 77 89
6 2 77 92
5 2 76 2
6 2 76 11
4 2 80 13
4 2 76 21
6 2 87 20
4 2 76 43
6 2 88 2
7 2 88 1
5 2 87 1
6 2 77 43
8 2 76 65
6 2 87 66
5 2 84 67
4 2 78 67
5 2 76 76
2 2 83 76
3 2 80 75
2 2 84 75
8 2 76 91
5 2 76 96
7 2 75 9
8 2 81 8
8 2 79 9
5 2 79 9
7 2 83 9
1 2 75 10
4 2 75 19
5 2 89 64
8 2 90 18
6 2 75 27
6 2 90 28
6 2 88 27
4 2 77 27
6 2 81 28
4 2 75 44
4 2 75 59
6 2 86 59
5 2 75 58
1 2 75 69
4 2 75 78
5 2 75 99
6 2 74 8
7 2 87 6
8 2 76 9
1 2 74 27
4 2 74 57
5 2 85 58
7 2 84 58
5 2 74 68
4 2 74 88
2 2 73 20
2 2 73 26
1 2 73 40
5 2 86 40
2 2 86 40
6 2 90 63
5 2 84 41
8 2 81 41
5 2 85 41
8 2 79 40
5 2 83 39
2 2 73 56
6 2 73 57
6 2 73 60
4 2 73 62
5 2 87 42
2 2 76 63
3 2 79 62
6 2 72 28
4 2 72 40
6 2 74 42
5 2 72 41
6 2 72 40
1 2 73 92
6 2 72 65
3 2 72 66
7 2 72 92
5 2 71 7
6 2 74 41
6 2 71 26
5 2 71 25
7 2 71 28
4 2 71 42
4 2 71 58
4 2 72 58
3 2 77 59
4 2 71 66
7 2 72 66
3 2 77 67
7 2 81 6
3 2 75 66
4 2 70 16
4 2 73 15
5 2 70 20
5 2 70 35
5 2 71 90
3 2 70 82
1 2 81 81
4 2 69 20
2 2 86 19
7 2 87 19
6 2 73 19
4 2 84 18
7 2 87 18
2 2 80 18
2 2 69 26
5 2 69 54
1 2 75 55
8 2 69 72
3 2 73 71
3 2 69 77
1 2 77 78
3 2 75 77
5 2 73 78
5 2 69 94
3 2 68 20
3 2 74 21
7 2 68 66
4 2 68 89
6 2 79 90
6 2 77 89
3 2 67 66
3 2 67 69
3 2 73 68
1 2 81 67
6 2 67 78
6 2 72 77
5 2 67 89
4 2 74 89
5 2 67 97
6 2 74 97
3 2 66 26
8 2 80 27
2 2 79 28
5 2 71 27
1 2 69 27
6 2 66 32
2 2 84 32
4 2 70 31
5 2 69 31
2 2 87 36
2 2 79 30
3 2 68 33
2 2 70 34
5 2 66 38
7 2 76 38
2 2 77 31
4 2 80 37
7 2 73 37
5 2 79 37
6 2 84 36
6 2 76 37
5 2 66 57
6 2 69 57
7 2 69 57
6 2 79 56
1 2 78 57
6 2 66 59
2 2 87 60
2 2 86 30
6 2 66 73
4 2 88 72
8 2 83 74
7 2 79 72
8 2 80 73
8 2 78 72
7 2 70 72
6 2 71 71
2 2 71 71
8 2 80 70
8 2 77 71
3 2 70 71
7 2 80 70
2 2 80 71
4 2 85 70
3 2 81 72
6 2 67 73
4 2 66 80
4 2 66 82
5 2 65 33
5 2 77 33
2 2 66 33
3 2 65 35
7 2 76 36
5 2 78 37
1 2 65 34
5 2 75 36
6 2 70 36
8 2 71 37
4 2 65 33
6 2 78 35
2 2 65 35
1 2 65 37
6 2 69 37
7 2 65 58
2 2 65 67
5 2 65 100
5 2 71 99
6 2 64 4
6 2 76 3
7 2 72 5
8 2 84 7
8 2 71 6
3 2 64 59
5 2 64 88
5 2 81 87
2 2 64 95
2 2 79 95
4 2 79 94
6 2 68 96
7 2 63 4
3 2 73 4
5 2 84 4
6 2 92 5
7 2 68 4
6 2 82 5
8 2 75 3
5 2 77 4
2 2 76 3
4 2 75 3
6 2 76 3
6 2 63 6
8 2 81 7
5 2 65 8
2 2 70 9
3 2 63 16
2 2 71 15
5 2 63 34
5 2 72 35
5 2 63 46
4 2 79 45
3 2 86 44
4 2 76 45
5 2 63 62
3 2 63 89
7 2 72 88
4 2 75 88
3 2 84 87
6 2 71 91
2 2 77 90
1 2 68 88
7 2 62 27
4 2 76 28
8 2 62 81
1 2 84 80
6 2 83 80
3 2 82 80
7 2 83 80
6 2 69 82
4 2 72 82
1 2 75 81
6 2 66 80
1 2 66 82
5 2 65 80
8 2 79 80
4 2 65 80
4 2 62 88
6 2 62 92
4 2 69 92
3 2 61 21
6 2 68 19
3 2 70 20
6 2 66 21
3 2 62 21
5 2 68 20
8 2 68 19
3 2 64 20
7 2 69 21
2 2 73 22
1 2 61 36
3 2 65 38
3 2 63 37
6 2 67 37
6 2 61 41
3 2 79 41
3 2 61 57
5 2 66 57
4 2 68 57
8 2 61 68
5 2 61 92
7 2 71 91
3 2 62 91
3 2 60 1
3 2 75 2
5 2 63 2
6 2 84 1
2 2 73 1
6 2 61 1
4 2 60 1
6 2 80 2
8 2 60 1
7 2 72 1
3 2 71 1
4 2 70 1
3 2 78 1
1 2 60 2
6 2 65 1
8 2 60 21
4 2 66 21
3 2 60 24
8 2 83 22
8 2 81 24
1 2 88 23
6 2 73 23
4 2 67 23
6 2 62 24
7 2 60 24
3 2 65 25
7 2 72 23
5 2 84 24
2 2 71 23
4 2 72 22
5 2 60 58
1 2 74 59
6 2 86 61
6 2 84 60
6 2 72 59
7 2 71 59
4 2 73 59
8 2 71 60
8 2 60 60
6 2 89 61
3 2 62 61
7 2 70 60
4 2 60 77
5 2 65 77
3 2 60 88
4 2 60 92
7 2 75 94
7 2 73 93
7 2 61 93
5 2 76 93
6 2 60 93
8 2 81 92
3 2 86 93
6 2 85 94
3 2 69 93
2 2 59 9
7 2 70 8
4 2 67 7
7 2 73 8
1 2 59 9
4 2 71 9
5 2 65 9
4 2 63 9
7 2 59 13
3 2 89 12
4 2 89 13
3 2 90 63
5 2 88 13
3 2 84 13
3 2 79 13
7 2 74 13
6 2 82 13
3 2 74 12
4 2 81 13
8 2 80 13
6 2 73 12
1 2 71 12
7 2 67 14
5 2 59 16
6 2 79 16
4 2 77 17
4 2 78 17
4 2 75 16
2 2 80 15
5 2 76 17
3 2 62 16
4 2 73 15
6 2 70 15
6 2 67 16
1 2 76 16
7 2 82 17
4 2 59 24
3 2 62 25
8 2 71 25
2 2 62 25
1 2 59 86
4 2 86 14
7 2 70 87
2 2 59 87
3 2 60 86
2 2 87 85
6 2 59 89
3 2 58 32
4 2 61 31
5 2 72 30
7 2 58 38
6 2 65 39
7 2 81 39
2 2 61 38
5 2 58 50
7 2 77 51
5 2 77 50
6 2 58 52
2 2 63 53
2 2 74 53
1 2 76 53
5 2 78 53
1 2 80 54
8 2 77 53
4 2 73 53
2 2 58 58
4 2 72 56
5 2 61 58
3 2 66 57
3 2 58 59
2 2 58 59
8 2 58 69
6 2 65 70
6 2 69 72
6 2 68 70
3 2 67 71
5 2 73 73
7 2 66 71
2 2 61 68
6 2 73 67
4 2 58 68
3 2 63 67
8 2 67 68
6 2 69 69
5 2 58 95
2 2 69 94
8 2 57 8
2 2 60 8
2 2 57 68
6 2 66 68
5 2 58 67
8 2 77 66
2 2 76 66
1 2 70 66
1 2 57 68
4 2 59 67
8 2 57 92
4 2 57 94
7 2 56 7
4 2 66 7
5 2 69 6
4 2 80 6
6 2 65 6
7 2 67 6
6 2 61 5
6 2 59 6
4 2 56 9
8 2 63 9
5 2 62 9
8 2 62 8
4 2 63 8
6 2 56 11
5 2 56 10
4 2 56 24
8 2 58 24
5 2 57 25
5 2 56 40
8 2 62 39
5 2 56 65
4 2 59 64
7 2 63 65
6 2 77 63
2 2 76 63
8 2 86 63
7 2 71 65
5 2 56 75
6 2 75 75
4 2 81 74
5 2 72 76
5 2 68 76
4 2 69 76
5 2 63 73
4 2 59 74
5 2 84 73
6 2 56 81
7 2 60 80
7 2 56 85
6 2 56 85
5 2 77 84
7 2 73 84
6 2 55 7
5 2 59 6
4 2 55 11
4 2 63 10
5 2 55 14
6 2 56 13
6 2 65 14
2 2 73 14
5 2 61 14
6 2 59 14
7 2 55 44
4 2 61 43
3 2 61 45
8 2 68 44
2 2 77 45
7 2 64 45
3 2 65 46
7 2 79 47
2 2 70 47
4 2 83 48
5 2 79 48
4 2 66 45
3 2 71 44
3 2 76 44
5 2 67 47
8 2 63 45
4 2 55 58
3 2 64 59
3 2 55 59
4 2 67 59
3 2 65 59
4 2 55 62
4 2 55 65
3 2 69 64
2 2 67 65
7 2 64 64
6 2 78 63
5 2 56 65
5 2 55 88
6 2 55 99
5 2 54 12
2 2 54 11
1 2 54 21
4 2 63 21
1 2 62 21
7 2 54 32
4 2 66 31
3 2 71 31
3 2 81 30
4 2 64 32
6 2 61 31
2 2 61 30
6 2 70 29
2 2 63 31
2 2 57 32
5 2 58 32
4 2 56 31
5 2 56 34
4 2 54 69
3 2 56 68
5 2 54 71
5 2 53 30
3 2 69 30
3 2 70 30
6 2 59 30
2 2 60 30
4 2 66 30
6 2 53 71
4 2 65 72
5 2 53 95
4 2 72 96
4 2 75 97
8 2 71 96
7 2 53 99
5 2 83 98
3 2 81 99
7 2 76 98
6 2 75 98
4 2 64 99
7 2 69 99
3 2 70 100
4 2 68 98
3 2 83 97
7 2 62 98
3 2 72 97
7 2 60 99
2 2 59 99
4 2 52 75
3 2 51 4
4 2 59 5
4 2 51 28
4 2 70 29
4 2 68 28
4 2 75 27
8 2 65 28
6 2 51 29
5 2 51 37
5 2 54 37
5 2 52 36
3 2 51 48
5 2 68 49
2 2 75 49
3 2 75 49
2 2 51 61
5 2 61 61
5 2 66 61
5 2 67 60
2 2 65 61
4 2 58 60
4 2 51 68
7 2 51 87
6 2 66 87
3 2 57 88
3 2 55 87
6 2 63 86
3 2 72 86
4 2 54 87
8 2 62 87
1 2 57 87
2 2 57 88
7 2 54 88
1 2 50 4
7 2 66 3
4 2 55 4
1 2 64 3
1 2 77 2
2 2 76 2
6 2 54 3
7 2 59 3
5 2 53 4
6 2 59 2
3 2 50 64
4 2 61 63
2 2 59 63
4 2 66 62
6 2 60 64
2 2 65 63
5 2 59 64
4 2 59 64
4 2 50 85
6 2 80 83
1 2 52 86
6 2 79 85
6 2 69 85
3 2 73 85
2 2 80 85
4 2 81 84
6 2 71 84
5 2 74 85
3 2 71 85
1 2 79 84
6 2 49 5
7 2 54 6
2 2 61 7
7 2 60 7
4 2 61 6
1 2 60 6
8 2 59 6
3 2 65 7
4 2 64 7
6 2 65 7
7 2 56 5
8 2 49 22
2 2 49 47
5 2 70 46
8 2 73 45
1 2 72 45
2 2 49 54
8 2 48 9
3 2 57 8
3 2 59 10
2 2 60 9
5 2 56 8
2 2 52 10
4 2 48 23
6 2 48 33
5 2 70 33
2 2 69 33
5 2 55 31
3 2 59 30
3 2 56 33
5 2 52 33
7 2 48 42
7 2 56 42
3 2 67 42
1 2 60 41
4 2 73 85
7 2 50 42
5 2 60 42
2 2 69 42
6 2 67 42
3 2 48 51
5 2 59 40
6 2 66 50
4 2 59 41
7 2 67 42
6 2 47 7
3 2 47 18
7 2 64 18
2 2 63 19
4 2 52 18
2 2 59 18
5 2 47 17
1 2 48 92
3 2 58 94
3 2 59 95
2 2 52 92
2 2 47 43
3 2 59 44
6 2 47 49
3 2 68 17
6 2 50 48
4 2 47 70
2 2 63 72
3 2 46 24
6 2 48 23
3 2 56 22
4 2 55 22
4 2 61 22
3 2 58 21
2 2 59 21
5 2 48 25
4 2 46 66
3 2 54 65
5 2 46 87
3 2 48 88
4 2 56 90
6 2 67 90
6 2 61 90
7 2 60 90
3 2 55 90
2 2 66 90
4 2 61 90
5 2 51 90
5 2 49 87
5 2 51 86
7 2 61 85
3 2 74 84
5 2 64 84
6 2 64 85
2 2 60 85
4 2 71 84
7 2 70 85
1 2 64 84
8 2 53 85
6 2 49 88
3 2 49 89
2 2 48 87
4 2 46 95
7 2 58 95
6 2 57 95
6 2 52 95
4 2 46 99
2 2 45 5
4 2 46 7
3 2 51 7
3 2 55 6
6 2 45 11
5 2 70 12
4 2 46 11
5 2 63 12
3 2 69 12
5 2 59 10
2 2 47 11
3 2 56 12
1 2 50 10
7 2 59 9
3 2 46 11
7 2 55 12
5 2 45 11
5 2 45 17
2 2 61 19
6 2 52 18
2 2 54 17
8 2 45 25
5 2 45 51
7 2 76 48
1 2 48 50
1 2 45 56
3 2 70 56
3 2 74 56
6 2 45 95
5 2 45 99
4 2 60 99
2 2 44 3
6 2 65 2
5 2 47 1
4 2 44 17
3 2 54 18
3 2 44 27
3 2 46 27
5 2 44 36
3 2 65 35
1 2 64 35
5 2 48 35
6 2 63 35
1 2 61 34
4 2 51 33
4 2 44 38
7 2 44 50
3 2 59 51
5 2 76 51
8 2 76 50
5 2 77 52
3 2 61 49
1 2 58 51
5 2 66 48
5 2 44 84
4 2 66 85
6 2 61 83
8 2 60 83
5 2 68 82
2 2 67 82
1 2 54 83
5 2 55 84
4 2 48 83
1 2 44 97
4 2 43 11
6 2 43 12
5 2 68 13
6 2 67 14
1 2 43 83
5 2 53 83
6 2 48 83
2 2 61 84
2 2 51 82
1 2 60 83
7 2 52 82
5 2 62 82
5 2 65 81
1 2 58 81
2 2 61 81
5 2 46 83
6 2 57 83
7 2 46 83
5 2 57 84
5 2 43 87
8 2 48 86
3 2 45 87
6 2 47 87
7 2 43 88
4 2 47 87
5 2 42 2
5 2 66 1
6 2 42 10
2 2 46 10
4 2 42 23
2 2 44 25
6 2 44 25
6 2 54 24
4 2 42 55
6 2 67 55
3 2 70 55
2 2 64 54
4 2 65 55
3 2 64 55
6 2 64 55
6 2 70 55
2 2 62 55
3 2 55 56
4 2 73 55
6 2 55 57
8 2 54 56
5 2 66 56
4 2 65 56
7 2 64 56
2 2 63 56
4 2 49 56
4 2 59 57
3 2 44 56
5 2 50 58
3 2 43 53
7 2 42 62
6 2 55 63
4 2 48 62
8 2 42 63
4 2 42 67
8 2 58 68
7 2 42 70
6 2 55 71
4 2 51 71
2 2 42 74
6 2 55 75
3 2 71 76
2 2 57 76
6 2 71 75
8 2 63 75
6 2 43 74
5 2 43 75
2 2 66 76
8 2 42 93
2 2 51 93
3 2 54 92
1 2 55 91
5 2 46 92
3 2 42 100
3 2 43 100
8 2 41 15
2 2 55 16
5 2 51 16
1 2 41 28
2 2 62 29
2 2 59 28
2 2 44 27
5 2 52 26
4 2 62 25
6 2 41 74
7 2 41 90
3 2 57 91
5 2 47 89
1 2 42 90
7 2 41 99
3 2 40 7
4 2 50 7
2 2 55 6
3 2 55 8
2 2 54 9
5 2 40 33
2 2 40 33
5 2 45 32
8 2 56 31
3 2 40 53
6 2 58 52
6 2 57 54
1 2 50 52
4 2 40 71
5 2 54 70
6 2 49 70
3 2 54 69
3 2 44 53
4 2 54 52
8 2 68 71
5 2 45 54
2 2 67 53
3 2 44 71
6 2 43 54
7 2 40 77
2 2 57 77
3 2 54 54
2 2 55 54
7 2 54 78
6 2 73 78
5 2 71 78
7 2 53 76
6 2 50 77
4 2 48 76
2 2 54 77
4 2 62 78
4 2 64 78
5 2 46 78
2 2 64 79
4 2 59 80
5 2 55 79
4 2 55 79
5 2 53 78
3 2 54 78
6 2 55 79
6 2 48 78
3 2 54 79
7 2 59 78
5 2 54 79
6 2 39 1
3 2 39 17
7 2 39 21
7 2 57 20
5 2 49 21
6 2 49 21
8 2 47 20
6 2 51 21
2 2 46 20
4 2 40 20
1 2 57 78
4 2 47 19
3 2 45 20
3 2 39 27
6 2 39 53
5 2 39 89
8 2 38 2
7 2 41 21
4 2 38 5
3 2 49 5
5 2 46 1
8 2 52 2
8 2 53 6
5 2 38 11
7 2 38 13
6 2 44 12
5 2 52 13
8 2 44 14
7 2 43 12
5 2 42 12
4 2 43 12
8 2 64 11
7 2 42 14
3 2 38 82
3 2 48 81
2 2 39 81
5 2 54 81
3 2 42 80
5 2 55 80
6 2 46 81
3 2 51 81
7 2 49 81
3 2 43 79
8 2 59 78
7 2 46 80
4 2 38 81
6 2 41 81
2 2 61 80
2 2 38 81
2 2 40 80
7 2 48 80
7 2 38 82
3 2 38 86
6 2 62 85
3 2 48 85
4 2 44 86
5 2 43 85
5 2 47 84
1 2 42 85
4 2 43 85
3 2 43 86
2 2 38 91
3 2 57 91
2 2 38 98
5 2 60 97
6 2 52 97
4 2 65 1
6 2 50 98
4 2 37 16
6 2 37 37
4 2 48 36
3 2 53 35
4 2 49 17
2 2 43 38
7 2 51 35
7 2 52 40
4 2 54 34
6 2 42 38
1 2 37 42
4 2 66 41
8 2 56 42
5 2 62 42
2 2 62 42
4 2 42 42
8 2 51 43
3 2 37 56
5 2 46 41
4 2 37 58
4 2 52 59
4 2 56 61
3 2 52 60
3 2 54 61
2 2 54 61
5 2 56 61
5 2 53 61
8 2 51 59
3 2 49 59
5 2 48 57
8 2 42 59
7 2 41 60
2 2 43 59
8 2 37 67
7 2 56 68
2 2 50 65
3 2 45 68
4 2 46 67
2 2 49 68
3 2 42 68
6 2 43 68
4 2 40 69
2 2 59 55
6 2 50 69
4 2 37 67
2 2 51 66
3 2 38 67
3 2 37 84
5 2 52 85
4 2 44 84
1 2 36 26
4 2 48 27
6 2 36 35
7 2 36 35
5 2 56 36
3 2 36 54
5 2 46 55
6 2 37 53
5 2 54 52
4 2 42 52
6 2 63 52
2 2 64 69
3 2 41 54
5 2 56 56
7 2 55 56
3 2 37 52
1 2 36 72
1 2 35 6
1 2 37 54
4 2 35 14
5 2 47 15
7 2 43 5
6 2 37 15
5 2 45 14
5 2 37 15
6 2 36 13
2 2 41 12
6 2 38 12
2 2 42 15
3 2 39 12
4 2 38 13
7 2 35 17
2 2 54 17
5 2 60 17
7 2 35 25
4 2 36 27
4 2 35 36
3 2 35 37
7 2 35 37
8 2 35 58
7 2 37 57
7 2 35 61
1 2 42 60
5 2 41 60
3 2 35 60
2 2 35 69
6 2 35 85
5 2 41 84
1 2 35 97
6 2 59 63
6 2 36 96
8 2 55 95
3 2 64 98
2 2 58 93
1 2 55 96
2 2 66 95
8 2 34 8
8 2 51 8
5 2 42 7
8 2 42 8
8 2 39 8
3 2 41 9
5 2 43 9
2 2 34 14
6 2 34 42
6 2 43 42
6 2 40 96
4 2 53 98
5 2 47 97
7 2 51 97
4 2 34 42
3 2 56 42
5 2 38 42
4 2 38 41
8 2 52 39
5 2 51 39
1 2 43 40
1 2 34 47
7 2 59 44
6 2 58 44
3 2 57 46
3 2 48 46
4 2 55 46
2 2 49 46
5 2 46 47
1 2 34 56
5 2 38 56
5 2 34 81
6 2 44 82
5 2 45 82
2 2 43 83
1 2 44 82
5 2 33 8
5 2 41 9
6 2 41 48
7 2 45 49
1 2 46 8
3 2 33 19
4 2 38 18
3 2 65 19
3 2 33 27
5 2 52 27
7 2 56 28
8 2 51 28
6 2 33 27
3 2 33 55
3 2 33 73
4 2 51 72
5 2 45 71
3 2 47 71
7 2 41 74
5 2 46 74
7 2 45 74
5 2 39 72
5 2 65 73
4 2 45 73
5 2 43 73
1 2 60 72
5 2 61 72
5 2 40 72
2 2 41 71
7 2 35 73
5 2 48 74
4 2 40 72
6 2 43 71
3 2 35 74
8 2 33 74
3 2 45 75
4 2 33 77
3 2 51 77
1 2 41 78
6 2 37 79
2 2 35 76
6 2 39 77
6 2 33 77
5 2 52 78
4 2 33 80
4 2 32 13
3 2 49 14
3 2 65 15
2 2 32 23
2 2 36 22
2 2 41 24
6 2 62 23
2 2 44 23
1 2 40 24
3 2 46 24
6 2 38 20
2 2 40 22
3 2 32 23
8 2 32 36
2 2 47 35
4 2 54 35
4 2 52 36
1 2 51 34
8 2 51 37
6 2 36 35
6 2 52 34
3 2 52 33
7 2 51 35
6 2 51 35
2 2 51 36
2 2 49 35
4 2 42 35
4 2 49 36
6 2 36 37
6 2 49 36
5 2 35 35
7 2 47 35
4 2 34 35
6 2 33 36
2 2 33 37
6 2 32 40
7 2 50 39
6 2 49 39
7 2 32 40
3 2 32 77
3 2 32 81
2 2 32 97
4 2 42 97
4 2 64 96
5 2 48 98
7 2 64 99
1 2 43 96
5 2 51 95
4 2 34 95
2 2 42 94
8 2 65 94
3 2 32 98
5 2 62 98
4 2 47 99
7 2 62 99
8 2 61 98
8 2 47 99
6 2 32 99
3 2 31 27
6 2 61 28
6 2 36 28
1 2 59 29
2 2 32 27
2 2 44 29
5 2 35 28
4 2 52 30
4 2 56 29
3 2 35 29
8 2 63 30
6 2 54 28
3 2 39 30
3 2 54 31
4 2 33 29
4 2 35 28
4 2 37 29
2 2 46 28
4 2 31 32
6 2 50 32
6 2 57 31
1 2 56 32
6 2 52 31
4 2 31 41
8 2 31 56
2 2 33 55
2 2 31 56
3 2 31 61
8 2 58 62
7 2 57 63
1 2 36 60
4 2 31 60
4 2 39 59
2 2 31 60
5 2 41 59
3 2 36 61
3 2 33 60
4 2 31 83
4 2 56 82
7 2 57 83
4 2 33 83
3 2 40 84
5 2 36 82
6 2 31 87
4 2 31 94
4 2 42 93
3 2 30 17
1 2 30 18
5 2 59 18
6 2 30 26
3 2 41 25
2 2 33 25
2 2 31 26
3 2 33 25
3 2 35 24
8 2 55 25
7 2 40 24
4 2 31 26
6 2 33 27
8 2 30 38
3 2 30 40
4 2 30 44
6 2 46 45
5 2 55 44
6 2 54 45
4 2 48 46
5 2 58 45
4 2 49 46
6 2 38 43
7 2 38 43
7 2 47 42
4 2 45 44
7 2 39 44
1 2 31 44
4 2 30 58
4 2 38 58
3 2 36 58
3 2 42 57
2 2 35 59
1 2 34 59
4 2 35 58
5 2 34 58
5 2 30 57
6 2 30 56
5 2 30 67
4 2 59 66
2 2 44 67
6 2 60 66
4 2 36 67
3 2 51 66
1 2 35 68
1 2 33 67
2 2 30 71
3 2 46 70
2 2 45 71
1 2 43 70
8 2 42 70
4 2 30 96
5 2 29 10
4 2 31 9
3 2 31 10
4 2 37 10
5 2 38 11
4 2 31 11
2 2 36 12
4 2 42 12
7 2 30 9
4 2 30 9
1 2 33 8
8 2 29 11
7 2 33 11
2 2 29 20
7 2 34 20
5 2 29 25
7 2 30 24
5 2 52 23
8 2 29 25
7 2 29 59
7 2 44 60
6 2 29 58
3 2 29 64
4 2 49 63
4 2 42 63
3 2 48 64
1 2 47 64
6 2 45 65
7 2 49 66
7 2 46 65
2 2 47 66
4 2 39 66
4 2 41 66
3 2 29 75
3 2 44 75
7 2 63 76
3 2 29 82
3 2 36 83
3 2 33 82
6 2 29 93
4 2 39 92
4 2 31 93
4 2 41 93
3 2 31 93
4 2 28 25
4 2 38 25
1 2 28 36
2 2 28 37
5 2 39 38
4 2 39 37
3 2 47 38
4 2 28 64
4 2 37 64
6 2 43 63
3 2 33 66
2 2 31 63
1 2 28 66
7 2 40 67
3 2 38 67
6 2 38 67
2 2 28 88
1 2 42 88
6 2 46 89
4 2 38 86
6 2 34 87
5 2 32 87
7 2 28 95
3 2 60 96
4 2 28 99
4 2 27 28
8 2 28 28
4 2 29 27
2 2 34 29
4 2 28 29
6 2 30 30
6 2 28 28
5 2 27 30
8 2 27 32
8 2 29 31
8 2 58 32
6 2 32 30
7 2 27 51
5 2 70 49
2 2 40 51
4 2 68 49
4 2 33 51
3 2 31 51
3 2 34 50
8 2 34 51
3 2 39 50
2 2 46 49
4 2 58 50
6 2 43 49
4 2 54 49
3 2 44 49
4 2 33 51
2 2 44 50
6 2 53 49
7 2 27 53
3 2 27 64
8 2 27 68
2 2 27 98
6 2 26 1
6 2 26 4
6 2 26 15
8 2 30 14
7 2 26 22
6 2 27 21
8 2 34 20
1 2 60 19
4 2 28 19
4 2 33 21
5 2 26 24
3 2 53 23
1 2 32 23
5 2 36 22
5 2 35 23
4 2 26 25
6 2 26 28
5 2 26 34
3 2 29 33
3 2 33 34
6 2 36 34
2 2 27 35
3 2 26 35
8 2 33 34
5 2 26 47
6 2 44 46
1 2 26 78
4 2 38 77
5 2 26 80
6 2 55 79
2 2 30 80
3 2 32 79
1 2 26 84
1 2 33 85
3 2 25 2
6 2 50 1
7 2 46 2
3 2 42 1
2 2 38 1
7 2 37 1
4 2 25 3
4 2 41 4
2 2 44 5
8 2 44 5
7 2 55 5
7 2 44 6
7 2 42 5
5 2 25 19
3 2 27 19
7 2 35 18
3 2 34 18
7 2 57 17
4 2 57 17
2 2 56 17
3 2 46 17
6 2 34 17
5 2 33 18
5 2 25 25
7 2 31 27
7 2 29 26
3 2 28 26
6 2 39 28
1 2 32 25
3 2 25 28
5 2 25 38
4 2 25 39
3 2 27 41
4 2 25 47
1 2 44 47
8 2 43 46
4 2 36 46
4 2 36 48
5 2 33 48
5 2 40 48
5 2 41 49
6 2 41 49
4 2 28 47
5 2 25 54
5 2 31 54
4 2 25 59
7 2 28 58
4 2 27 59
7 2 25 73
1 2 43 74
4 2 36 75
6 2 25 74
6 2 62 73
1 2 35 73
1 2 27 75
5 2 25 85
1 2 35 85
2 2 25 94
5 2 33 96
2 2 61 96
6 2 24 16
7 2 26 15
1 2 25 17
4 2 24 20
4 2 27 19
8 2 37 20
3 2 27 21
2 2 32 21
3 2 31 22
1 2 36 23
7 2 26 20
4 2 26 20
1 2 33 22
5 2 27 21
6 2 29 22
1 2 30 21
1 2 30 24
1 2 29 22
1 2 26 22
7 2 32 22
6 2 27 21
4 2 27 22
6 2 24 20
3 2 36 19
1 2 24 27
7 2 24 29
5 2 24 31
2 2 24 36
2 2 25 36
8 2 24 65
7 2 45 64
2 2 40 65
2 2 43 64
2 2 24 77
3 2 40 77
1 2 40 76
6 2 31 77
4 2 31 78
1 2 24 86
1 2 27 87
6 2 35 87
5 2 53 88
6 2 46 87
7 2 45 87
1 2 25 86
5 2 24 89
6 2 37 88
3 2 23 2
1 2 36 1
5 2 23 11
2 2 27 10
1 2 23 15
4 2 37 15
3 2 23 41
8 2 23 63
3 2 30 64
6 2 27 62
7 2 28 61
5 2 27 61
4 2 41 61
3 2 24 64
4 2 38 64
5 2 37 65
4 2 48 65
2 2 32 64
7 2 51 63
3 2 31 64
6 2 37 65
5 2 45 65
6 2 23 92
5 2 32 90
6 2 23 96
5 2 22 7
5 2 22 21
7 2 24 21
2 2 22 21
1 2 22 44
3 2 67 43
1 2 66 43
3 2 28 43
3 2 45 44
6 2 26 45
6 2 23 45
5 2 22 47
4 2 34 48
4 2 40 49
7 2 61 50
8 2 22 46
1 2 39 49
7 2 22 46
4 2 22 55
8 2 22 65
2 2 30 66
4 2 26 66
3 2 27 65
4 2 22 66
5 2 22 83
3 2 22 87
2 2 25 86
3 2 22 91
2 2 22 93
6 2 21 2
2 2 23 1
2 2 22 2
6 2 21 42
5 2 22 40
6 2 21 48
7 2 24 49
5 2 34 50
5 2 40 45
7 2 21 48
4 2 21 53
7 2 46 52
7 2 52 50
4 2 21 57
4 2 32 57
1 2 21 59
2 2 21 91
6 2 30 90
4 2 21 96
6 2 24 96
8 2 22 97
5 2 20 10
8 2 25 9
6 2 25 10
5 2 42 9
3 2 20 23
7 2 20 30
6 2 21 32
4 2 24 34
4 2 22 34
7 2 23 35
8 2 44 36
3 2 24 36
3 2 20 44
2 2 51 50
7 2 21 44
4 2 20 50
8 2 37 49
5 2 32 49
5 2 23 49
7 2 35 50
4 2 37 52
6 2 36 52
5 2 30 50
6 2 47 43
4 2 28 50
5 2 27 50
8 2 21 49
7 2 27 51
1 2 20 49
3 2 20 62
8 2 23 51
1 2 28 51
4 2 21 60
8 2 27 59
4 2 20 62
1 2 20 76
1 2 20 88
4 2 21 88
5 2 25 89
4 2 22 89
1 2 21 89
2 2 20 99
3 2 19 13
4 2 29 89
5 2 33 88
3 2 31 14
7 2 28 14
3 2 30 13
5 2 19 21
6 2 20 20
7 2 19 33
8 2 27 33
6 2 19 34
3 2 19 60
6 2 24 59
1 2 23 60
5 2 21 60
4 2 19 66
5 2 19 75
5 2 31 75
3 2 31 75
5 2 21 75
2 2 22 74
4 2 18 7
2 2 28 6
2 2 21 6
4 2 20 8
2 2 24 9
7 2 24 10
6 2 18 21
4 2 18 31
4 2 18 38
2 2 18 69
4 2 25 68
5 2 27 69
6 2 34 90
4 2 20 70
5 2 19 68
6 2 30 71
3 2 24 68
4 2 28 67
4 2 24 67
5 2 18 77
2 2 24 77
5 2 18 89
1 2 17 7
1 2 20 6
6 2 29 5
3 2 19 9
3 2 17 8
7 2 31 8
4 2 30 9
3 2 26 8
7 2 18 8
5 2 28 8
6 2 23 9
5 2 22 8
3 2 17 22
2 2 28 23
5 2 17 48
4 2 17 60
5 2 23 59
2 2 22 59
5 2 22 61
6 2 34 70
5 2 33 70
5 2 17 66
3 2 17 73
5 2 33 72
3 2 17 76
2 2 17 95
4 2 17 94
3 2 20 94
3 2 35 92
2 2 31 93
5 2 24 94
6 2 17 98
6 2 26 97
8 2 17 99
5 2 16 24
7 2 27 25
3 2 25 26
6 2 32 25
3 2 16 33
3 2 16 39
2 2 17 38
3 2 21 37
3 2 38 62
2 2 33 38
4 2 23 37
4 2 16 65
3 2 21 63
2 2 19 64
5 2 28 36
6 2 27 36
5 2 15 1
5 2 21 3
1 2 15 5
3 2 17 5
2 2 35 4
7 2 33 5
5 2 21 5
2 2 21 5
3 2 19 6
8 2 15 12
6 2 27 14
5 2 31 13
6 2 31 12
8 2 20 13
7 2 22 13
7 2 25 13
4 2 40 15
5 2 39 15
6 2 22 12
2 2 15 13
7 2 17 14
6 2 15 22
1 2 20 22
8 2 19 22
7 2 15 23
3 2 21 24
3 2 15 26
6 2 21 28
8 2 22 28
2 2 26 29
7 2 20 28
5 2 37 27
2 2 36 28
2 2 26 27
1 2 25 27
4 2 24 28
5 2 24 27
5 2 15 47
7 2 50 63
4 2 17 48
3 2 15 65
2 2 15 75
3 2 15 100
5 2 14 4
4 2 14 7
3 2 14 43
3 2 51 42
3 2 26 43
5 2 21 42
5 2 15 43
1 2 14 57
1 2 27 58
2 2 17 58
5 2 14 75
3 2 14 98
4 2 13 32
8 2 40 33
6 2 16 32
3 2 13 76
6 2 18 74
6 2 20 73
6 2 13 75
1 2 13 85
5 2 20 84
6 2 15 83
3 2 30 84
4 2 19 82
7 2 24 81
6 2 28 82
1 2 28 81
5 2 34 81
6 2 32 79
5 2 12 18
5 2 23 17
4 2 44 17
6 2 47 17
3 2 29 17
5 2 42 17
5 2 28 16
6 2 26 16
2 2 12 41
3 2 12 44
6 2 18 44
2 2 12 44
1 2 22 44
4 2 52 46
7 2 40 43
1 2 39 43
5 2 12 61
6 2 12 85
8 2 24 85
6 2 20 62
4 2 15 85
6 2 17 85
5 2 12 89
5 2 11 13
3 2 12 91
4 2 28 91
8 2 26 12
6 2 20 90
2 2 18 90
6 2 31 91
5 2 12 91
8 2 11 16
8 2 41 17
3 2 15 15
2 2 16 15
7 2 16 15
7 2 19 14
3 2 14 16
6 2 11 17
6 2 24 19
4 2 11 21
3 2 11 22
8 2 12 22
5 2 14 21
5 2 13 23
4 2 11 24
4 2 11 27
4 2 16 29
6 2 16 29
4 2 13 27
6 2 22 26
6 2 20 27
7 2 14 27
4 2 11 38
3 2 24 40
3 2 22 39
6 2 11 40
1 2 44 40
2 2 41 91
7 2 41 92
4 2 14 40
5 2 19 40
4 2 18 40
2 2 11 71
6 2 23 72
8 2 19 40
2 2 20 71
7 2 27 70
3 2 34 70
1 2 19 41
7 2 36 39
4 2 13 71
3 2 29 71
1 2 24 71
6 2 13 71
4 2 15 70
5 2 15 69
5 2 13 71
6 2 13 71
5 2 22 70
1 2 20 71
3 2 29 72
1 2 11 72
2 2 16 72
5 2 11 78
3 2 11 85
2 2 13 86
4 2 15 87
5 2 11 87
5 2 14 85
1 2 10 4
2 2 11 5
3 2 16 4
4 2 11 97
2 2 10 12
4 2 18 11
2 2 18 10
7 2 21 9
1 2 15 5
7 2 19 10
2 2 22 5
7 2 18 6
7 2 15 5
5 2 15 5
2 2 27 4
3 2 21 4
6 2 31 9
7 2 20 4
3 2 19 4
4 2 15 4
8 2 18 3
2 2 10 15
2 2 10 21
6 2 10 20
7 2 11 21
1 2 11 22
3 2 10 23
6 2 15 23
7 2 10 33
1 2 18 5
3 2 10 42
4 2 12 40
7 2 10 61
6 2 16 61
4 2 13 60
6 2 13 61
3 2 10 75
4 2 18 32
3 2 10 82
6 2 24 81
3 2 17 80
5 2 15 80
7 2 12 81
5 2 10 91
6 2 10 97
1 2 9 53
6 2 9 64
2 2 9 83
2 2 27 83
4 2 25 76
4 2 17 84
4 2 9 95
2 2 10 94
3 2 22 93
4 2 18 94
5 2 15 84
6 2 21 94
7 2 8 13
4 2 11 12
8 2 16 13
5 2 25 83
6 2 26 82
2 2 21 14
3 2 12 11
3 2 8 14
6 2 8 17
6 2 22 18
8 2 23 18
7 2 21 16
6 2 8 26
8 2 16 25
2 2 14 24
2 2 12 26
3 2 11 25
4 2 12 25
6 2 12 24
3 2 10 26
8 2 14 27
8 2 9 27
7 2 14 28
4 2 8 30
1 2 37 14
6 2 18 31
3 2 14 29
7 2 10 29
7 2 8 33
5 2 10 33
5 2 14 34
3 2 17 29
2 2 9 32
2 2 16 31
2 2 15 32
7 2 14 32
2 2 12 32
5 2 10 32
1 2 10 32
4 2 36 34
5 2 12 31
7 2 42 31
6 2 32 32
5 2 15 29
2 2 14 29
1 2 14 28
5 2 11 33
7 2 8 66
6 2 8 75
6 2 11 75
5 2 8 93
5 2 7 11
5 2 14 11
8 2 15 11
7 2 14 65
7 2 15 12
2 2 14 64
8 2 14 63
3 2 17 62
1 2 14 66
1 2 10 12
3 2 16 66
2 2 15 67
3 2 24 66
7 2 24 67
7 2 7 17
4 2 7 22
2 2 7 36
5 2 22 37
3 2 32 37
6 2 21 36
1 2 30 35
5 2 20 35
4 2 16 36
5 2 7 70
7 2 9 71
2 2 11 70
6 2 8 70
6 2 11 69
4 2 7 98
4 2 15 97
8 2 29 98
6 2 28 98
4 2 32 98
5 2 14 97
4 2 16 99
5 2 23 99
6 2 18 99
1 2 11 99
6 2 6 10
6 2 16 10
1 2 6 12
3 2 6 18
8 2 17 19
7 2 13 18
8 2 15 20
8 2 14 18
2 2 13 18
5 2 16 18
2 2 22 17
4 2 16 18
7 2 13 18
1 2 34 17
3 2 6 26
4 2 7 26
4 2 10 26
6 2 9 27
2 2 11 26
3 2 6 43
2 2 30 44
5 2 14 43
3 2 6 56
1 2 25 56
3 2 16 55
2 2 10 55
3 2 20 54
3 2 8 55
3 2 22 56
6 2 8 56
4 2 29 56
3 2 8 57
4 2 6 62
3 2 22 62
4 2 15 61
2 2 26 62
7 2 6 61
4 2 19 63
2 2 13 61
8 2 12 60
6 2 12 62
6 2 30 63
5 2 29 63
3 2 6 62
7 2 6 63
6 2 13 63
7 2 8 63
3 2 12 64
1 2 6 75
6 2 13 76
4 2 11 76
4 2 26 75
3 2 6 82
6 2 9 84
2 2 8 84
6 2 30 84
6 2 7 83
8 2 22 82
5 2 9 83
6 2 20 82
8 2 26 81
6 2 5 16
3 2 5 24
2 2 5 29
6 2 9 30
4 2 35 12
5 2 8 28
7 2 5 44
5 2 22 43
6 2 5 47
8 2 41 31
3 2 7 46
3 2 21 45
5 2 20 46
7 2 9 45
5 2 12 46
7 2 19 45
6 2 48 43
1 2 8 45
6 2 7 45
4 2 36 46
2 2 17 44
3 2 5 73
2 2 8 73
3 2 6 73
2 2 24 73
5 2 15 72
3 2 5 98
4 2 30 99
3 2 4 15
6 2 4 18
7 2 14 19
1 2 4 42
4 2 8 42
4 2 4 54
7 2 4 60
6 2 9 59
3 2 21 58
2 2 4 80
5 2 8 79
4 2 8 78
4 2 9 77
2 2 5 81
3 2 13 82
3 2 5 80
5 2 5 79
8 2 4 81
2 2 21 80
4 2 20 80
6 2 4 93
4 2 50 92
3 2 5 94
3 2 7 93
8 2 3 20
7 2 3 22
2 2 4 23
5 2 6 22
5 2 3 29
3 2 9 30
3 2 40 30
2 2 39 31
3 2 36 31
8 2 35 31
6 2 6 30
4 2 28 31
7 2 24 31
7 2 9 29
8 2 9 31
1 2 3 72
1 2 2 13
5 2 2 27
7 2 2 37
4 2 24 36
4 2 2 37
2 2 22 37
4 2 47 38
1 2 46 38
5 2 15 38
6 2 35 38
8 2 18 38
2 2 2 78
7 2 2 100
6 2 9 99
4 2 10 99
8 2 1 8
6 2 1 9
4 2 1 10
6 2 1 14
3 2 1 13
4 2 1 16
2 2 1 34
1 2 1 35
8 2 2 35
8 2 1 38
2 2 12 38
4 2 24 38
3 2 15 37
2 2 40 38
7 2 1 46
5 2 29 45
3 2 14 46
2 2 13 46
6 2 20 46
1 2 28 45
8 2 33 45
7 2 5 46
6 2 6 46
3 2 1 89
1 2 1 89
7 2 1 97
1 2 3 88
5 2 5 97
5 3 62 74
6 3 60 3
5 3 60 3
8 2 59 3
2 3 58 39
6 2 57 39
3 3 58 91
2 3 56 1
4 3 55 41
6 3 55 100
5 3 54 47
2 2 53 48
5 3 54 52
5 3 53 90
2 3 53 91
2 3 52 55
7 3 52 62
5 3 52 100
7 3 51 16
4 3 50 51
4 3 49 74
6 3 54 73
2 3 49 96
5 3 49 96
3 3 47 58
4 3 46 41
5 3 46 79
6 3 45 54
1 2 45 53
2 3 51 54
5 3 45 57
7 3 45 62
4 3 45 97
3 3 45 98
4 3 44 58
3 3 44 78
3 3 44 92
4 3 43 79
6 3 43 88
3 3 42 16
5 3 42 23
6 3 42 34
6 3 42 51
4 3 42 98
6 2 41 98
6 3 41 86
2 3 41 95
7 3 40 1
4 3 40 74
4 3 39 20
2 3 39 22
4 3 39 23
7 3 38 5
6 3 38 14
7 3 38 61
4 3 37 33
3 3 37 39
5 3 44 39
5 3 48 40
6 3 37 50
3 3 37 54
4 3 44 55
4 3 37 92
3 3 36 81
4 3 35 5
4 3 35 11
6 3 35 67
6 3 35 77
4 3 35 84
8 2 34 84
3 3 35 89
5 3 34 33
2 3 34 50
8 3 33 4
8 2 39 3
5 3 33 42
7 2 40 41
6 2 40 40
6 3 33 51
3 3 33 55
6 3 33 92
5 3 42 93
2 3 32 29
5 3 32 66
2 2 31 66
3 3 37 65
3 3 35 67
4 3 32 79
2 3 40 78
8 3 32 86
1 3 32 95
4 3 39 95
4 3 32 100
7 3 31 33
3 2 31 33
1 3 31 50
8 3 30 69
4 2 41 68
3 3 50 69
4 3 37 69
4 3 30 72
3 3 29 79
7 2 34 78
5 3 28 13
8 2 29 12
1 2 28 12
7 3 31 11
5 3 28 41
8 3 34 41
5 3 34 41
7 3 28 52
5 3 28 81
3 3 27 5
3 2 32 4
5 3 27 36
3 3 27 60
4 3 27 85
2 3 26 8
5 3 30 7
2 2 29 7
7 3 39 7
6 3 26 46
5 3 33 46
2 3 26 67
4 3 26 88
8 3 25 52
3 3 24 10
6 3 24 42
3 3 24 72
3 3 25 82
6 3 23 17
4 2 27 16
6 3 29 18
3 3 31 18
7 3 23 41
5 3 31 71
2 3 23 78
3 2 35 40
6 3 27 77
5 3 23 95
2 3 30 96
5 3 35 96
5 3 22 37
6 3 24 36
4 3 22 43
4 3 22 47
6 3 38 47
4 3 36 78
6 2 35 78
4 3 35 47
4 3 38 48
5 3 22 52
3 2 24 51
6 2 44 52
7 3 46 52
4 3 22 93
5 3 26 94
6 3 21 44
7 2 21 43
8 2 20 43
3 3 34 52
2 3 21 60
5 3 21 60
3 3 21 78
4 3 21 98
2 3 40 97
6 3 20 22
7 3 20 36
3 3 20 67
6 3 19 7
3 3 19 16
5 3 19 53
7 2 24 53
8 2 19 54
8 2 21 53
4 2 18 54
2 2 22 54
4 2 21 53
5 2 20 53
8 2 20 52
6 3 42 51
5 3 30 54
6 3 19 86
4 3 19 94
1 2 24 94
4 2 23 94
6 2 38 93
5 3 18 58
3 3 42 57
5 3 17 12
4 3 17 19
5 3 17 28
8 2 16 28
6 3 17 34
2 3 17 87
4 3 17 99
8 3 16 1
5 2 18 2
5 2 20 1
3 3 16 21
3 3 16 28
5 3 16 78
6 2 20 77
5 2 26 78
3 3 17 77
3 3 15 15
4 3 15 29
3 2 17 29
6 3 15 52
4 2 32 52
4 2 18 52
3 2 15 52
5 2 22 53
6 2 18 51
4 2 28 54
4 2 24 50
6 2 16 53
2 2 14 53
5 2 15 54
4 2 19 54
5 3 29 50
4 3 30 49
5 3 35 48
5 3 26 51
8 2 36 51
2 3 26 55
4 3 15 73
6 3 37 74
3 3 14 65
8 2 14 66
2 3 22 65
5 3 13 30
7 2 12 30
3 2 28 31
6 3 12 38
4 3 12 38
4 3 24 37
1 3 12 74
4 3 11 24
3 3 11 26
7 3 11 32
3 2 23 32
4 3 11 69
7 2 18 68
6 3 39 69
3 3 30 68
3 3 29 70
3 3 26 69
5 3 26 69
2 2 26 69
8 3 9 17
7 2 15 15
3 3 18 18
4 2 18 17
5 3 26 17
6 3 9 37
5 2 14 36
2 2 13 36
5 3 9 48
3 2 18 47
6 2 32 48
3 2 33 46
3 3 13 48
2 2 29 48
5 3 9 54
3 2 11 53
1 2 12 54
6 2 11 54
6 3 8 24
4 3 8 85
3 2 10 85
2 3 22 84
6 3 8 91
4 2 16 91
2 2 33 91
5 2 33 90
5 3 45 45
4 3 19 90
2 3 14 92
1 3 8 93
5 3 8 98
3 3 36 97
4 3 7 11
3 3 33 11
8 3 11 12
3 2 12 12
1 3 15 11
4 3 7 29
7 3 27 30
1 3 7 73
6 3 6 2
7 2 19 1
3 2 16 1
7 2 15 1
4 2 17 1
6 3 24 2
2 3 36 2
5 3 6 2
8 2 29 1
4 2 13 1
4 2 6 4
6 2 10 3
4 2 11 6
6 3 12 3
5 3 6 24
1 2 6 25
7 2 6 25
8 2 5 26
7 3 28 27
7 3 6 44
5 3 41 45
2 2 40 45
3 3 11 45
4 3 9 45
6 3 5 5
2 3 15 7
5 3 5 10
5 3 10 10
7 2 11 11
8 3 5 17
1 2 5 17
7 3 5 17
2 2 14 16
6 3 5 37
7 2 18 37
5 2 27 38
3 3 5 51
4 3 20 49
5 2 21 50
3 3 5 91
3 2 44 90
4 3 4 13
4 2 10 15
8 3 12 14
4 3 4 18
3 2 14 17
3 3 4 86
6 2 15 86
3 2 7 85
3 2 9 86
3 2 10 86
5 2 11 86
2 2 16 87
4 2 16 86
4 3 4 89
4 3 5 89
3 2 6 89
4 3 3 66
8 2 6 68
1 2 7 65
2 2 5 68
8 2 3 67
3 2 6 68
5 2 16 67
2 3 15 64
3 3 10 69
5 2 8 70
6 2 8 70
5 3 20 71
5 3 10 71
3 3 2 62
2 3 7 63
3 3 20 63
8 2 19 63
5 3 34 64
5 3 28 63
7 3 1 39
6 2 5 39
5 2 39 39
8 2 38 40
2 3 1 60
3 3 8 60
7 2 7 60
5 3 1 82
3 2 1 82
4 3 28 81
3 3 11 82
4 3 4 83
6 2 9 82
4 3 18 82
7 3 8 84
3 2 16 84
4 3 1 86
5 3 13 86
6 2 14 86
2 3 14 85
2 3 2 86
5 3 1 87
6 3 9 88
3 3 1 89
2 2 1 89
6 2 13 88
1 2 5 90
5 2 5 90
4 2 5 91
8 2 11 91
2 3 4 91
3 3 41 90
3 4 44 40
4 4 43 100
4 4 42 19
5 4 40 95
3 4 38 43
5 4 36 61
3 4 35 23
2 4 32 44
3 4 32 80
5 4 31 3
7 4 31 30
5 4 31 55
2 4 31 59
6 4 30 32
3 4 30 74
5 4 43 73
5 4 29 51
3 4 29 76
6 3 38 76
6 4 44 74
6 4 29 88
2 4 29 90
7 4 28 50
5 4 27 49
8 4 27 49
6 4 27 53
5 4 27 72
4 4 26 69
3 4 26 73
6 4 36 74
4 4 25 19
6 2 39 19
3 3 38 19
8 4 25 42
6 4 25 43
4 4 25 80
4 4 24 50
7 4 23 26
4 4 23 45
6 4 26 45
5 4 27 46
7 4 23 51
3 4 23 58
5 2 22 58
3 4 31 58
4 4 29 57
5 4 25 59
4 4 23 58
3 2 22 58
2 2 21 58
1 4 22 79
6 4 26 80
5 4 21 6
2 4 27 6
2 4 23 7
3 4 21 65
3 4 27 66
2 4 20 35
2 4 19 15
2 4 19 50
3 4 18 82
6 4 18 86
4 4 23 87
3 4 18 90
5 3 36 91
5 4 15 39
5 2 36 39
7 4 38 40
1 4 15 62
3 4 20 62
2 4 15 63
2 4 22 64
4 4 14 53
7 2 14 52
7 4 29 52
7 4 14 99
3 4 13 11
4 4 13 11
6 4 13 77
4 2 14 78
7 4 12 12
2 4 26 13
3 4 12 13
4 2 14 13
2 4 12 28
7 4 12 32
3 2 12 32
3 4 12 76
5 4 11 26
3 4 11 49
6 3 10 50
6 2 17 48
7 3 18 48
6 4 33 47
7 4 16 48
4 2 17 47
8 4 10 16
4 4 10 42
7 3 23 43
8 2 22 43
4 3 16 42
4 2 21 42
7 4 21 42
4 4 10 62
2 2 15 61
2 4 8 22
7 4 13 23
8 2 12 23
3 3 12 23
2 4 7 51
3 4 7 53
2 2 8 53
8 2 9 52
1 2 9 53
5 2 12 51
5 4 7 95
6 4 6 8
7 2 6 8
3 2 14 7
3 2 19 7
2 4 6 18
8 4 19 17
4 4 6 61
3 2 6 62
1 4 9 63
4 4 12 64
4 4 6 90
5 4 6 99
1 2 5 99
7 2 19 98
3 3 26 99
1 2 27 99
3 4 29 98
7 4 5 1
4 4 5 15
5 2 4 16
5 4 30 14
5 4 27 14
7 4 5 15
6 2 17 17
4 2 4 16
6 3 13 14
5 4 5 32
4 3 6 31
4 4 15 32
4 4 5 94
6 2 6 93
5 4 4 1
6 4 4 19
7 3 7 21
5 4 4 45
4 2 6 44
8 2 5 44
7 2 13 46
4 2 12 47
5 3 17 43
3 4 18 44
7 4 17 45
5 4 14 44
2 2 17 45
4 4 4 50
4 2 8 48
3 2 10 51
6 3 4 49
3 2 13 47
8 2 12 47
7 2 20 46
2 4 4 70
4 2 2 71
3 2 11 71
4 2 19 72
6 3 20 72
8 2 20 73
6 2 19 73
6 2 23 72
4 4 3 50
8 2 4 51
6 2 7 49
4 2 7 51
6 2 7 52
5 2 6 52
7 4 3 82
2 2 3 83
4 4 21 83
3 4 29 84
6 2 28 84
3 4 23 83
6 4 2 68
5 2 5 68
4 2 10 69
3 2 2 68
7 2 2 67
2 2 1 68
5 3 21 68
4 4 18 67
5 4 15 68
4 4 1 2
3 3 6 1
1 2 8 2
7 4 23 2
7 3 24 2
6 4 22 1
1 2 21 1
5 4 1 11
6 4 1 44
5 2 1 43
4 4 4 46
3 4 1 73
7 2 4 75
6 2 3 72
7 4 6 76
7 4 1 84
4 2 6 83
2 4 12 85
3 4 1 91
5 2 1 93
3 2 1 93
1 3 6 93
1 2 10 94
3 2 11 93
5 2 12 93
8 4 1 98
4 2 3 97
3 2 8 98
4 2 7 98
4 2 1 98
4 2 3 98
7 2 4 99
5 3 11 97
8 2 11 97
6 4 22 100
5 5 35 75
6 5 34 3
8 5 34 6
6 5 32 34
3 5 31 55
3 5 31 92
7 5 30 75
5 5 27 70
6 5 26 38
3 5 25 76
7 5 24 8
6 5 24 94
3 5 31 95
7 2 30 95
2 5 23 56
5 5 23 78
7 2 23 78
7 5 21 1
5 2 22 1
7 5 21 38
4 2 20 38
6 5 20 1
4 5 20 77
7 4 20 77
3 5 19 34
4 5 19 50
5 5 16 86
5 3 26 88
8 5 15 1
7 5 14 7
5 5 19 7
6 5 14 50
5 5 14 91
3 2 13 91
6 5 12 5
6 3 22 6
4 5 11 75
4 5 11 86
4 5 9 52
5 5 9 58
6 2 9 57
3 5 8 21
2 5 8 50
6 5 8 99
3 2 7 99
6 5 7 34
5 5 4 98
2 2 5 99
6 5 3 4
5 3 2 4
6 2 18 6
2 2 17 6
7 2 20 5
6 4 18 4
5 4 13 6
8 2 13 6
4 5 3 24
6 5 3 61
7 5 1 14
5 2 1 14
4 2 4 14
6 5 1 14
8 2 2 16
1 2 4 16
8 2 3 16
7 6 33 96
6 6 32 70
5 6 27 80
3 6 25 47
7 6 22 6
4 6 22 33
2 6 21 70
6 6 20 10
2 6 19 52
3 6 18 41
3 6 16 6
7 6 16 84
4 6 15 13
5 6 15 95
3 6 14 79
8 2 13 79
7 3 16 79
7 5 24 78
2 6 13 56
4 6 12 57
4 6 8 19
5 6 7 92
4 4 12 92
4 6 6 9
6 5 8 11
2 2 14 12
7 2 14 12
2 6 7 10
6 6 6 99
3 6 5 90
6 2 4 90
7 6 3 69
6 6 2 12
2 2 11 12
6 2 6 12
1 2 5 11
3 6 1 1
2 7 30 30
7 7 29 39
5 7 28 74
5 7 15 82
4 7 13 42
4 2 15 41
7 7 13 46
4 7 12 60
2 2 12 59
7 7 9 3
2 2 8 4
6 7 7 40
5 5 13 41
7 2 14 41
4 3 16 41
5 6 20 39
3 7 5 58
5 7 1 61
1 2 1 62
1 7 3 60
4 2 3 59
3 7 1 77
4 2 2 80
6 2 11 78
3 8 23 19
4 8 13 88
7 2 17 90
2 8 12 19
5 5 24 20
7 8 8 85
5 8 2 62
2 2 1 63
6 7 14 65
2 8 2 87
6 4 18 89
6 7 9 88
5 8 1 23
5 2 4 22
6 2 3 22
2 2 2 24
6 2 1 24
3 2 1 23
7 2 3 22
8 2 2 22
6 5 18 26
5 5 2 22
2 2 2 22
5 7 11 20
4 9 22 74
2 2 21 74
6 9 21 48
6 9 19 80
7 9 12 24
5 9 10 87
4 9 9 82
6 9 8 47
2 2 7 48
1 2 8 47
5 2 8 49
3 9 6 87
3 9 6 97
4 9 2 41
6 2 9 42
6 9 11 39
8 9 1 45
3 2 3 46
7 10 22 3
4 2 19 4
7 10 14 2
2 2 13 2
2 10 14 8
6 3 14 7
7 10 13 64
4 10 12 90
6 2 11 91
8 2 12 89
5 10 8 89
3 2 7 89
5 10 17 92
8 2 16 92
2 4 26 94
2 10 4 54
8 2 9 56
5 2 8 56
1 2 7 55
6 2 7 56
5 3 4 54
6 2 3 54
3 2 17 52
3 8 14 53
7 2 13 53
6 10 1 77
5 2 7 78
2 2 6 79
5 8 9 77
4 11 19 55
1 2 20 55
3 11 14 14
2 11 10 80
5 12 18 74
7 2 20 73
8 2 16 76
8 2 20 73
5 2 19 73
3 2 19 74
6 12 15 65
4 12 10 16
5 13 7 90
6 13 3 15
1 2 3 14
2 14 8 74
4 2 7 75
3 2 12 74
6 14 4 78
3 2 3 78
1 2 1 79
2 2 5 81
4 14 3 72
8 2 4 76
5 2 3 76
8 2 2 76
1 3 2 76
6 2 3 77
3 2 5 78
7 2 4 78
6 2 4 79
7 2 5 79
2 2 4 78
3 2 3 78
4 14 2 12
3 2 5 11
5 2 4 11
6 2 4 12
8 2 7 12
7 14 1 5
6 2 6 6
8 2 9 9
5 4 7 5
5 5 2 6
4 2 7 6
5 13 5 7
7 2 4 8
7 15 15 31
7 15 11 37
4 16 23 93
4 16 16 34
6 2 12 36
5 2 15 35
4 16 13 39
5 16 9 43
2 2 9 42
3 2 10 45
8 2 9 45
5 16 8 65
1 3 7 66
8 16 5 1
3 17 7 27
6 2 5 29
8 3 3 28
4 3 4 29
1 2 22 30
4 17 4 1
5 3 1 1
4 18 13 55
8 3 9 57
2 18 10 52
3 3 4 55
4 2 6 53
3 17 5 56
7 2 4 57
5 2 5 57
6 18 1 65
7 2 1 65
4 2 3 64
5 2 1 66
2 2 2 65
3 2 2 64
8 3 1 65
1 3 1 64
3 2 10 66
6 14 12 67
2 19 14 89
7 19 4 17
5 2 1 19
3 20 7 29
6 2 15 30
8 2 16 31
3 20 6 47
6 21 2 3
4 2 3 3
7 2 2 4
8 2 4 5
6 23 1 27
7 2 4 35
6 2 10 33
4 2 3 36
4 2 1 27
5 2 1 28
8 2 2 27
1 2 1 31
1 2 1 33
7 4 1 29
3 5 12 27
4 23 4 30
3 2 1 33
5 2 1 33
5 2 3 31
4 2 7 33
7 23 1 45
2 2 9 44
6 24 1 79
2 2 5 82
6 2 2 82
4 2 1 78
1 2 3 77
3 2 2 77
7 2 1 79
4 2 1 79
1 2 1 82
4 2 1 82
7 2 2 80
5 25 3 69
7 2 2 70
2 2 3 69
2 2 5 70
3 2 6 70
3 2 3 68
1 2 8 69
5 28 3 42
2 2 1 45
6 2 2 42
7 2 1 45
5 33 5 16
6 2 5 19
8 2 6 19
2 35 3 87
6 2 4 89
7 2 14 89
1 2 5 86
8 2 3 92
7 2 2 87
3 2 15 89
6 35 2 23
7 2 2 23
3 36 6 87
1 2 2 90
1 2 4 89
2 2 7 89
1 2 6 89
8 2 6 90
3 39 3 21
4 2 2 21
1 3 4 23
5 3 3 23
4 4 6 89
5 45 4 34
7 2 3 41
4 2 2 37
2 2 3 38
2 2 2 41
7 2 1 40
6 2 4 39
1 2 3 40
4 2 1 39
3 3 3 34
1 2 2 34
8 3 3 35
8 3 2 40
2 2 3 39
4 2 2 39
6 2 1 39
3 4 1 40
1 3 1 40
6 2 1 42
6 72 5 55
2 2 7 25
2 2 5 58
2 2 4 62
7 2 3 65
4 2 2 62
8 2 1 58
7 2 2 57
8 3 1 62
7 2 3 61
5 2 7 63
