121028
3920
4 2 50 3
1 2 50 24
4 2 50 39
1 2 50 44
1 2 50 49
5 2 50 53
1 2 50 59
6 2 50 86
2 2 50 88
5 2 50 110
4 2 50 117
6 2 50 127
2 2 50 137
4 2 50 153
6 2 49 2
5 2 49 8
6 2 49 14
6 2 49 19
1 2 49 18
3 2 49 33
1 2 49 34
4 2 49 35
1 2 49 38
6 2 49 45
3 2 49 49
6 2 49 53
5 2 49 57
3 2 49 56
5 2 49 62
4 2 49 63
4 2 49 72
4 2 49 92
2 2 49 95
3 2 49 96
2 2 49 106
1 2 49 113
3 2 49 116
1 2 49 117
2 2 49 139
2 2 49 143
6 2 49 144
5 2 49 147
4 2 49 156
3 2 49 161
5 2 49 187
1 2 49 186
5 2 49 190
2 2 49 191
4 2 49 194
6 2 49 198
5 2 49 200
1 2 48 2
6 2 48 5
3 2 48 8
1 2 48 23
6 2 48 28
2 2 49 28
3 2 48 36
5 2 48 35
5 2 48 38
2 2 48 49
5 2 48 54
2 2 48 56
2 2 48 62
4 2 48 69
3 2 48 68
3 2 48 71
2 2 48 70
3 2 48 75
3 2 48 85
1 2 48 88
4 2 48 89
5 2 48 98
3 2 50 100
6 2 49 97
3 2 48 97
5 2 48 101
3 2 48 106
6 2 48 122
3 2 48 123
5 2 48 140
2 2 48 153
5 2 49 155
6 2 48 155
3 2 48 157
2 2 48 165
2 2 48 176
5 2 48 198
6 2 47 7
6 2 47 21
2 2 47 42
6 2 47 53
1 2 47 55
2 2 47 58
3 2 47 62
5 2 47 88
4 2 47 90
6 2 47 92
5 2 47 105
1 2 47 105
3 2 47 124
4 2 48 125
6 2 47 139
4 2 47 139
3 2 47 143
4 2 47 144
2 2 47 149
6 2 47 148
3 2 48 147
2 2 47 148
1 2 47 177
5 2 47 185
3 2 47 188
6 2 46 3
2 2 46 21
1 2 46 21
6 2 46 29
2 2 47 27
5 2 46 37
6 2 46 48
3 2 47 47
3 2 46 78
3 2 48 78
5 2 46 80
4 2 46 92
1 2 46 98
3 2 46 102
6 2 46 102
6 2 46 112
4 2 46 116
3 2 46 122
1 2 46 125
6 2 46 130
1 2 47 129
3 2 47 130
5 2 48 132
4 2 48 131
5 2 46 131
4 2 46 136
5 2 48 137
1 2 46 144
2 2 47 145
1 2 47 146
6 2 46 145
5 2 46 148
1 2 46 149
6 2 46 157
5 2 47 156
1 2 46 164
5 2 46 163
3 2 46 190
6 2 46 196
5 2 49 197
2 2 48 195
5 2 47 196
6 2 46 198
4 2 47 199
5 2 45 23
2 2 48 22
2 2 46 23
3 2 45 42
4 2 45 42
3 2 48 43
2 2 48 44
6 2 45 66
2 2 47 67
1 2 47 68
2 2 45 69
1 2 45 75
6 2 45 80
4 2 47 81
6 2 46 81
3 2 45 90
6 2 45 89
6 2 45 92
3 2 48 94
4 2 45 96
2 2 45 106
1 2 48 107
4 2 49 108
6 2 47 107
2 2 45 126
5 2 46 125
3 2 45 127
2 2 45 127
3 2 45 132
2 2 45 154
5 2 45 154
6 2 45 155
5 2 45 165
1 2 45 192
3 2 49 193
3 2 47 192
2 2 44 22
3 2 44 21
6 2 44 36
3 2 44 54
2 2 45 55
1 2 44 67
6 2 44 73
4 2 45 72
2 2 46 71
6 2 45 71
5 2 44 78
1 2 44 82
5 2 44 96
1 2 44 95
6 2 44 98
5 2 44 106
1 2 44 107
5 2 44 109
3 2 48 110
2 2 47 109
4 2 47 111
2 2 44 108
2 2 44 113
2 2 48 114
1 2 45 113
5 2 47 114
3 2 44 117
5 2 45 116
2 2 46 115
2 2 44 128
4 2 44 138
5 2 45 137
6 2 44 142
2 2 44 145
3 2 44 150
5 2 49 151
4 2 48 151
6 2 44 165
6 2 44 168
5 2 46 168
1 2 45 168
1 2 44 172
5 2 48 171
2 2 47 170
6 2 47 171
2 2 44 172
3 2 44 177
2 2 44 181
2 2 44 190
5 2 44 192
2 2 46 182
6 2 43 6
5 2 46 194
3 2 43 8
4 2 43 31
4 2 47 33
2 2 46 33
6 2 46 34
6 2 44 29
2 2 45 28
2 2 44 33
2 2 43 37
5 2 43 44
5 2 46 43
4 2 43 45
4 2 45 46
1 2 43 48
1 2 45 48
4 2 43 52
3 2 43 56
6 2 43 60
6 2 45 60
4 2 44 59
5 2 45 58
3 2 44 60
5 2 44 59
6 2 43 65
3 2 43 65
1 2 45 64
5 2 43 75
2 2 46 74
2 2 46 77
4 2 46 77
4 2 43 81
5 2 43 82
2 2 43 81
4 2 44 82
2 2 47 84
5 2 43 84
4 2 43 105
2 2 45 104
3 2 48 7
1 2 47 103
1 2 44 104
4 2 43 123
4 2 44 103
6 2 44 104
3 2 43 104
5 2 43 124
6 2 45 122
2 2 43 123
1 2 43 137
1 2 43 156
4 2 43 167
2 2 43 175
5 2 46 174
4 2 43 179
2 2 43 179
2 2 42 28
5 2 42 32
1 2 42 34
3 2 44 35
4 2 45 36
3 2 42 33
6 2 42 35
1 2 43 36
3 2 42 36
4 2 42 40
1 2 42 44
1 2 42 46
4 2 42 74
6 2 42 90
2 2 45 175
2 2 42 90
6 2 42 93
2 2 42 108
4 2 42 110
3 2 43 111
1 2 42 114
3 2 44 113
3 2 42 126
3 2 42 141
3 2 45 91
5 2 42 144
3 2 43 143
3 2 42 158
2 2 42 157
2 2 42 172
1 2 42 173
5 2 43 144
5 2 43 174
2 2 42 195
3 2 41 42
2 2 41 43
5 2 42 42
5 2 42 44
3 2 44 45
3 2 41 51
3 2 44 174
5 2 43 49
3 2 41 60
3 2 41 75
3 2 41 86
1 2 46 53
4 2 44 86
3 2 45 87
6 2 41 87
5 2 41 89
5 2 41 92
2 2 41 100
3 2 41 99
2 2 42 100
1 2 41 119
2 2 41 122
4 2 41 127
1 2 41 164
3 2 44 86
6 2 44 85
2 2 43 163
5 2 41 181
4 2 41 185
4 2 46 184
3 2 43 163
2 2 42 184
5 2 41 194
3 2 42 193
6 2 44 193
4 2 43 185
6 2 40 1
5 2 40 28
5 2 42 28
1 2 40 35
6 2 40 53
5 2 40 54
4 2 44 55
2 2 43 53
5 2 43 55
1 2 42 55
1 2 40 53
3 2 40 54
6 2 40 65
3 2 45 63
4 2 40 69
6 2 40 74
6 2 40 78
1 2 40 78
2 2 40 95
2 2 44 94
2 2 42 96
2 2 40 107
3 2 40 118
1 2 41 117
4 2 40 117
3 2 40 127
5 2 40 155
4 2 44 155
3 2 41 155
3 2 43 154
2 2 40 165
5 2 41 164
6 2 45 166
5 2 40 172
4 2 41 172
1 2 40 178
2 2 44 177
4 2 43 179
2 2 39 2
6 2 42 1
3 2 41 1
4 2 41 1
2 2 41 2
4 2 41 2
5 2 40 4
4 2 39 1
4 2 39 4
4 2 43 3
6 2 39 23
4 2 43 22
5 2 39 22
1 2 39 58
4 2 42 57
5 2 42 57
3 2 39 77
6 2 44 75
6 2 42 77
5 2 39 77
5 2 41 76
2 2 39 113
6 2 40 112
6 2 41 113
1 2 39 115
5 2 39 118
2 2 39 125
1 2 42 126
2 2 39 149
4 2 40 150
2 2 39 163
6 2 39 169
4 2 39 175
6 2 39 185
1 2 43 184
1 2 41 185
3 2 40 185
6 2 39 192
2 2 38 1
6 2 39 1
5 2 39 2
6 2 38 26
2 2 39 26
5 2 46 26
3 2 41 27
5 2 39 25
4 2 39 199
1 2 39 199
1 2 42 198
4 2 45 196
6 2 42 197
2 2 44 196
2 2 41 198
1 2 38 48
2 2 40 49
1 2 38 51
2 2 40 52
1 2 38 65
5 2 39 64
2 2 38 65
1 2 38 74
3 2 38 75
2 2 38 106
5 2 41 107
1 2 40 105
6 2 41 104
4 2 38 113
2 2 40 112
5 2 39 112
2 2 38 113
5 2 38 114
1 2 45 115
6 2 42 115
3 2 38 117
2 2 40 115
2 2 38 117
2 2 38 119
5 2 47 25
5 2 42 119
2 2 38 123
1 2 40 122
5 2 39 122
4 2 38 126
5 2 38 126
1 2 41 125
2 2 38 141
2 2 44 142
4 2 43 143
1 2 42 140
2 2 42 142
2 2 38 145
4 2 45 146
2 2 42 146
6 2 43 148
6 2 42 146
3 2 42 148
3 2 38 144
1 2 38 145
5 2 41 146
2 2 38 144
1 2 38 159
6 2 43 160
6 2 40 159
4 2 38 160
2 2 39 159
1 2 42 160
3 2 42 160
5 2 42 161
6 2 38 159
6 2 38 163
4 2 39 163
1 2 38 178
2 2 42 177
6 2 38 179
2 2 38 178
3 2 43 176
4 2 41 177
3 2 41 178
5 2 39 177
5 2 38 181
1 2 42 182
5 2 41 181
3 2 41 182
3 2 38 189
1 2 39 190
3 2 38 194
1 2 39 194
2 2 42 193
5 2 43 191
6 2 38 195
2 2 37 4
3 2 37 7
5 2 37 6
1 2 38 7
3 2 40 6
2 2 37 7
4 2 39 6
5 2 42 6
5 2 37 28
3 2 42 29
4 2 47 31
1 2 42 30
1 2 37 34
5 2 38 34
2 2 38 34
2 2 40 36
3 2 37 53
1 2 37 61
5 2 41 61
4 2 38 62
6 2 37 74
2 2 41 76
4 2 37 82
6 2 41 82
6 2 40 80
2 2 41 79
6 2 38 81
2 2 39 79
4 2 39 82
4 2 42 84
3 2 42 85
1 2 43 86
6 2 41 84
5 2 37 89
2 2 41 88
1 2 41 87
3 2 39 88
6 2 41 87
4 2 40 88
6 2 37 89
1 2 37 105
3 2 37 107
6 2 39 106
1 2 39 108
3 2 38 109
4 2 37 109
4 2 37 128
5 2 45 129
4 2 43 130
1 2 43 131
5 2 38 130
4 2 42 129
6 2 41 130
1 2 39 129
2 2 44 128
4 2 43 128
1 2 37 150
3 2 39 151
6 2 43 151
2 2 37 164
4 2 37 170
4 2 45 169
5 2 44 169
1 2 37 171
4 2 43 169
6 2 40 173
4 2 37 184
1 2 36 6
3 2 38 5
3 2 41 5
3 2 36 8
6 2 36 21
3 2 36 26
2 2 42 26
4 2 41 27
2 2 36 27
4 2 38 28
6 2 38 29
1 2 37 28
1 2 36 29
3 2 38 31
6 2 43 32
1 2 38 30
6 2 36 43
3 2 39 44
4 2 36 46
5 2 41 46
6 2 36 46
4 2 36 50
2 2 45 51
1 2 36 54
4 2 36 58
1 2 41 57
3 2 42 56
6 2 41 56
5 2 40 57
2 2 36 98
3 2 42 97
4 2 36 97
5 2 36 119
4 2 36 118
1 2 37 117
4 2 36 125
2 2 36 126
3 2 36 132
2 2 39 133
4 2 48 120
2 2 37 132
2 2 40 132
5 2 36 136
2 2 46 135
6 2 36 136
2 2 39 137
4 2 38 137
6 2 39 137
1 2 42 135
3 2 37 137
6 2 36 148
1 2 40 147
2 2 39 147
5 2 37 147
1 2 36 162
4 2 36 165
1 2 36 176
4 2 35 39
6 2 36 38
2 2 42 138
4 2 41 37
6 2 40 37
6 2 40 39
2 2 35 41
1 2 35 44
2 2 37 41
5 2 38 40
2 2 39 39
4 2 37 43
1 2 37 45
4 2 35 44
1 2 35 47
5 2 39 38
4 2 39 37
4 2 35 65
5 2 35 65
2 2 39 47
5 2 43 48
6 2 39 66
1 2 35 66
2 2 35 66
4 2 35 74
1 2 35 76
6 2 36 78
5 2 35 115
6 2 40 67
5 2 40 68
6 2 35 119
4 2 40 114
2 2 35 134
3 2 46 133
5 2 44 121
4 2 41 134
1 2 39 135
1 2 35 140
5 2 35 145
5 2 35 147
2 2 35 149
4 2 38 139
5 2 38 140
5 2 41 139
1 2 39 141
1 2 41 143
3 2 35 189
4 2 35 189
2 2 35 188
2 2 45 187
3 2 42 150
6 2 38 187
2 2 45 187
6 2 43 188
1 2 40 186
1 2 37 187
5 2 35 196
5 2 39 186
5 2 35 200
4 2 41 198
5 2 34 62
2 2 41 61
2 2 34 64
3 2 36 65
4 2 34 70
2 2 39 62
2 2 37 70
5 2 42 70
1 2 35 69
1 2 39 70
6 2 38 70
5 2 37 68
2 2 34 75
5 2 34 82
5 2 38 83
6 2 40 83
2 2 37 81
3 2 39 80
5 2 39 79
5 2 37 80
3 2 36 81
1 2 35 83
4 2 34 85
6 2 34 93
5 2 43 71
2 2 38 92
5 2 37 92
4 2 36 92
1 2 35 92
1 2 36 93
6 2 35 92
2 2 35 94
1 2 34 96
5 2 41 97
5 2 34 101
5 2 41 100
4 2 40 100
1 2 37 101
2 2 35 101
2 2 37 100
4 2 42 94
1 2 38 99
3 2 35 101
1 2 35 100
6 2 35 102
3 2 35 103
2 2 34 105
3 2 34 104
4 2 34 117
5 2 34 123
6 2 38 122
5 2 38 124
4 2 34 130
3 2 34 137
2 2 34 137
2 2 37 104
6 2 36 138
6 2 34 159
2 2 34 162
5 2 34 162
1 2 36 138
2 2 34 168
6 2 38 162
6 2 38 168
4 2 37 162
3 2 38 161
1 2 35 167
3 2 41 166
4 2 34 167
1 2 34 168
3 2 34 171
5 2 34 171
1 2 34 179
5 2 34 188
2 2 39 167
4 2 35 188
3 2 36 188
2 2 34 194
3 2 36 193
2 2 37 193
1 2 37 192
4 2 39 193
5 2 38 193
1 2 38 194
6 2 37 193
3 2 37 194
6 2 33 3
1 2 34 3
3 2 35 3
5 2 37 2
3 2 38 1
1 2 36 2
6 2 36 5
5 2 33 4
6 2 33 26
6 2 39 26
3 2 38 27
1 2 33 26
5 2 33 31
6 2 38 30
4 2 33 31
2 2 37 32
2 2 33 34
3 2 36 35
3 2 35 32
3 2 33 34
5 2 33 35
2 2 33 35
2 2 33 44
1 2 33 44
3 2 33 49
5 2 37 49
3 2 33 53
6 2 37 52
1 2 33 84
2 2 33 93
1 2 33 98
1 2 41 99
4 2 33 106
5 2 37 107
5 2 35 106
4 2 35 105
2 2 35 107
1 2 33 107
4 2 33 108
3 2 34 109
4 2 36 108
3 2 36 109
6 2 37 110
4 2 37 111
6 2 33 115
3 2 36 115
1 2 35 114
5 2 35 115
3 2 33 122
1 2 37 121
3 2 41 186
3 2 33 148
4 2 33 152
2 2 41 153
5 2 43 120
4 2 42 152
4 2 41 153
1 2 38 153
5 2 41 152
1 2 39 153
6 2 35 154
3 2 33 152
1 2 33 155
2 2 39 155
2 2 40 156
3 2 34 154
4 2 33 155
4 2 33 162
6 2 35 164
3 2 33 178
2 2 33 179
5 2 34 179
3 2 33 187
2 2 36 186
1 2 34 186
3 2 33 195
5 2 32 27
6 2 36 27
5 2 32 44
4 2 32 53
2 2 35 52
5 2 32 55
6 2 38 56
5 2 37 55
2 2 36 56
6 2 35 55
3 2 33 55
4 2 32 66
2 2 32 65
3 2 36 66
2 2 32 72
3 2 36 71
2 2 35 72
2 2 40 72
4 2 34 72
6 2 32 79
3 2 32 91
4 2 41 90
6 2 39 90
2 2 38 90
5 2 32 95
3 2 40 94
1 2 32 102
6 2 32 101
6 2 40 157
5 2 39 157
2 2 38 157
3 2 32 102
5 2 32 104
2 2 32 104
1 2 32 105
6 2 32 112
5 2 40 103
1 2 32 118
4 2 36 119
6 2 40 111
3 2 32 126
6 2 33 127
2 2 32 132
3 2 37 131
4 2 37 130
1 2 32 146
4 2 32 149
4 2 40 151
4 2 34 148
5 2 33 149
6 2 32 151
3 2 32 163
5 2 32 174
2 2 37 173
2 2 35 176
5 2 33 173
3 2 33 176
6 2 32 195
6 2 31 5
3 2 31 6
4 2 31 56
2 2 31 68
3 2 31 70
4 2 36 70
3 2 35 69
1 2 31 80
5 2 31 80
1 2 31 83
1 2 36 83
2 2 36 82
4 2 35 83
5 2 36 84
3 2 35 84
3 2 32 82
3 2 31 88
1 2 38 87
3 2 37 87
3 2 35 88
4 2 35 89
2 2 35 90
3 2 31 96
4 2 31 97
5 2 31 118
6 2 33 118
6 2 31 119
4 2 32 121
2 2 31 118
1 2 31 117
5 2 31 121
3 2 31 143
6 2 35 142
1 2 31 143
5 2 31 162
3 2 31 182
4 2 35 141
4 2 31 184
2 2 35 184
6 2 31 187
4 2 37 187
5 2 33 186
3 2 33 185
4 2 33 185
1 2 31 189
2 2 36 188
6 2 35 190
5 2 34 190
5 2 35 189
1 2 36 190
2 2 35 191
3 2 34 189
3 2 32 189
2 2 32 190
5 2 31 188
3 2 31 193
3 2 34 192
6 2 31 192
4 2 33 193
5 2 32 194
5 2 30 28
5 2 32 28
3 2 30 31
2 2 38 32
2 2 30 33
3 2 30 36
1 2 36 35
3 2 36 36
2 2 34 35
3 2 32 35
1 2 31 38
3 2 40 39
5 2 34 37
2 2 34 38
4 2 39 38
3 2 36 39
4 2 30 50
1 2 30 53
1 2 34 52
6 2 33 52
5 2 30 55
1 2 30 58
4 2 30 82
2 2 30 86
5 2 33 85
3 2 32 85
2 2 33 86
4 2 30 108
4 2 30 120
3 2 34 121
1 2 38 120
6 2 37 121
2 2 31 120
6 2 33 119
2 2 30 146
5 2 32 147
3 2 30 152
1 2 31 154
2 2 32 154
6 2 30 157
6 2 33 156
6 2 30 164
2 2 30 166
6 2 30 178
2 2 30 177
6 2 37 176
2 2 30 181
3 2 32 181
5 2 41 180
4 2 36 180
3 2 35 180
1 2 31 180
5 2 30 184
4 2 29 1
4 2 29 4
2 2 30 3
2 2 31 4
2 2 32 3
6 2 32 2
4 2 31 3
3 2 29 28
3 2 36 30
6 2 34 29
2 2 29 28
4 2 29 30
3 2 30 29
1 2 29 31
3 2 29 55
1 2 29 76
3 2 32 77
2 2 30 75
5 2 30 74
1 2 31 73
3 2 29 77
2 2 33 77
4 2 32 77
4 2 30 76
4 2 29 77
4 2 34 78
4 2 29 80
2 2 29 88
3 2 29 114
6 2 29 123
4 2 40 124
5 2 29 129
3 2 29 130
1 2 36 131
6 2 29 134
2 2 37 136
4 2 34 134
5 2 37 133
1 2 35 133
5 2 41 135
4 2 35 132
5 2 32 135
2 2 32 136
1 2 30 136
5 2 30 135
4 2 30 136
3 2 29 136
1 2 29 142
4 2 35 142
3 2 37 142
1 2 32 141
6 2 34 141
5 2 35 142
5 2 33 141
4 2 39 140
2 2 33 140
6 2 29 150
3 2 35 151
1 2 39 152
1 2 31 151
2 2 29 158
1 2 34 157
3 2 33 159
5 2 29 167
2 2 31 166
2 2 38 167
4 2 35 167
5 2 32 166
5 2 36 166
1 2 29 170
3 2 38 169
5 2 31 171
1 2 35 170
4 2 36 171
2 2 35 170
1 2 30 171
3 2 29 180
4 2 31 181
1 2 33 180
4 2 29 180
6 2 30 180
4 2 36 182
2 2 29 189
1 2 29 197
1 2 39 196
4 2 33 196
2 2 28 2
3 2 28 33
1 2 31 33
4 2 28 35
6 2 29 36
4 2 31 35
1 2 28 45
6 2 32 45
3 2 35 47
2 2 28 56
4 2 28 63
3 2 36 62
4 2 28 73
4 2 28 83
3 2 28 86
6 2 30 85
4 2 29 85
2 2 29 85
6 2 28 107
3 2 28 110
6 2 34 109
6 2 28 114
2 2 28 114
2 2 30 113
1 2 35 112
6 2 35 111
3 2 32 114
5 2 30 112
3 2 29 114
6 2 29 113
4 2 29 114
1 2 28 121
6 2 31 122
5 2 32 123
2 2 33 125
5 2 33 125
6 2 28 126
6 2 34 127
2 2 28 133
5 2 28 134
5 2 28 140
3 2 30 139
3 2 28 147
3 2 30 146
6 2 28 183
6 2 28 194
3 2 31 193
3 2 29 195
4 2 27 5
2 2 36 6
5 2 35 7
4 2 34 6
6 2 30 4
6 2 27 21
1 2 37 22
3 2 28 21
1 2 27 21
3 2 30 23
2 2 38 24
6 2 32 23
4 2 28 20
1 2 33 21
4 2 34 20
3 2 28 19
4 2 30 20
2 2 28 18
4 2 35 16
3 2 29 19
2 2 27 22
6 2 27 33
4 2 27 56
5 2 27 66
3 2 32 67
4 2 35 67
3 2 29 66
2 2 28 66
3 2 37 68
5 2 33 68
2 2 35 69
3 2 27 76
2 2 31 76
1 2 28 75
6 2 30 76
3 2 31 78
1 2 30 78
6 2 29 78
2 2 27 87
1 2 27 88
6 2 27 94
5 2 32 93
2 2 27 95
5 2 27 99
3 2 34 99
4 2 32 99
6 2 30 98
4 2 37 97
1 2 36 97
5 2 27 111
3 2 27 129
3 2 38 182
1 2 37 129
3 2 36 129
3 2 30 130
5 2 27 132
1 2 28 132
5 2 29 131
4 2 28 132
5 2 27 148
3 2 27 154
4 2 27 155
1 2 33 155
3 2 32 155
3 2 27 158
5 2 33 157
4 2 32 159
4 2 31 157
2 2 27 159
6 2 30 160
5 2 28 160
4 2 27 165
2 2 35 166
3 2 29 164
5 2 33 165
6 2 31 163
4 2 31 164
5 2 31 163
2 2 27 185
4 2 27 191
5 2 30 190
5 2 29 192
4 2 29 191
3 2 26 9
1 2 39 128
4 2 35 8
2 2 31 9
5 2 32 9
1 2 36 8
3 2 26 28
6 2 27 27
4 2 28 9
2 2 29 26
1 2 28 10
4 2 30 8
5 2 26 32
5 2 27 33
4 2 26 33
3 2 26 32
2 2 26 32
6 2 26 38
5 2 28 34
2 2 27 39
5 2 30 40
3 2 36 38
1 2 35 38
6 2 35 38
6 2 35 41
2 2 30 41
6 2 32 41
5 2 33 42
4 2 32 43
2 2 26 52
1 2 27 52
1 2 26 90
4 2 26 104
1 2 26 103
6 2 28 102
4 2 31 101
3 2 28 105
6 2 26 102
4 2 26 101
3 2 26 104
6 2 28 104
3 2 27 104
6 2 26 107
5 2 27 106
1 2 27 108
5 2 26 107
6 2 26 112
5 2 32 43
1 2 31 43
5 2 30 43
5 2 29 112
3 2 26 111
1 2 29 109
4 2 26 115
3 2 26 117
6 2 26 152
1 2 26 161
6 2 26 163
4 2 29 161
5 2 32 113
4 2 26 167
4 2 32 160
2 2 33 161
3 2 26 173
5 2 26 181
6 2 29 181
1 2 26 195
2 2 27 194
2 2 29 193
6 2 27 193
1 2 25 37
2 2 25 36
3 2 25 44
6 2 28 43
3 2 25 53
6 2 25 55
5 2 25 84
6 2 26 84
3 2 25 108
6 2 25 119
1 2 25 141
1 2 27 141
2 2 27 141
5 2 25 144
6 2 32 143
1 2 25 150
4 2 25 179
5 2 27 180
1 2 27 181
3 2 35 169
3 2 26 180
2 2 25 178
5 2 35 177
6 2 29 177
3 2 28 178
4 2 33 177
2 2 32 177
3 2 25 178
6 2 24 5
5 2 29 4
3 2 24 5
4 2 28 6
1 2 24 22
1 2 24 30
2 2 25 30
2 2 26 30
6 2 24 46
6 2 26 45
5 2 30 46
6 2 40 47
2 2 37 182
2 2 33 47
1 2 28 44
2 2 24 54
6 2 24 73
3 2 33 72
6 2 25 74
6 2 24 83
6 2 26 83
4 2 24 83
1 2 24 105
6 2 24 106
2 2 25 105
3 2 24 110
6 2 29 110
6 2 24 138
5 2 26 139
4 2 30 138
5 2 24 153
6 2 24 154
5 2 24 157
2 2 24 160
6 2 24 174
1 2 33 172
6 2 35 171
2 2 33 175
1 2 38 175
6 2 32 172
1 2 25 174
4 2 37 176
4 2 24 193
3 2 24 199
5 2 36 198
6 2 34 199
6 2 35 199
5 2 34 199
2 2 31 199
3 2 30 199
1 2 29 199
5 2 29 200
3 2 23 29
1 2 23 31
4 2 26 30
5 2 23 32
1 2 24 33
1 2 27 35
1 2 25 34
2 2 23 45
3 2 23 46
4 2 30 47
3 2 28 46
2 2 30 47
6 2 32 48
2 2 23 63
3 2 33 48
1 2 28 64
6 2 30 64
2 2 30 64
5 2 26 62
1 2 26 63
5 2 25 63
2 2 28 63
1 2 32 62
3 2 28 64
4 2 23 74
1 2 25 76
4 2 26 76
6 2 23 85
2 2 25 86
2 2 23 91
4 2 29 92
4 2 27 91
5 2 23 96
6 2 32 62
2 2 31 62
1 2 25 96
6 2 26 97
3 2 23 99
3 2 25 98
2 2 32 99
6 2 27 99
6 2 31 100
2 2 23 99
1 2 25 100
3 2 34 98
5 2 23 100
3 2 23 104
1 2 24 103
5 2 23 115
5 2 25 114
1 2 26 114
1 2 24 115
4 2 23 131
1 2 30 129
6 2 34 129
1 2 25 130
5 2 24 130
3 2 23 134
2 2 33 134
2 2 25 133
4 2 24 133
6 2 23 134
3 2 24 134
5 2 23 138
5 2 31 138
1 2 27 137
6 2 26 138
2 2 27 139
6 2 23 141
4 2 24 140
6 2 26 141
6 2 24 142
2 2 24 143
1 2 23 146
3 2 23 155
5 2 31 156
6 2 26 155
2 2 23 157
5 2 26 157
6 2 28 159
4 2 25 158
6 2 24 158
5 2 23 174
2 2 29 174
6 2 35 95
5 2 25 173
1 2 27 174
6 2 26 174
3 2 23 173
3 2 23 184
4 2 28 183
2 2 23 193
2 2 26 194
4 2 27 195
5 2 28 196
4 2 35 173
2 2 23 199
4 2 25 199
4 2 22 23
5 2 33 25
2 2 37 25
2 2 39 24
3 2 28 25
1 2 34 24
5 2 24 22
1 2 30 21
5 2 22 30
6 2 22 36
5 2 26 36
5 2 30 38
4 2 25 35
6 2 24 36
6 2 27 37
2 2 28 39
3 2 25 38
4 2 28 39
1 2 22 46
1 2 22 61
1 2 33 60
4 2 27 61
4 2 32 60
4 2 29 60
3 2 25 62
2 2 24 62
1 2 30 63
4 2 22 60
2 2 28 59
5 2 29 58
5 2 23 61
6 2 26 59
3 2 33 58
3 2 31 59
3 2 22 60
4 2 31 59
6 2 34 58
3 2 33 59
2 2 29 58
1 2 22 61
2 2 22 65
6 2 29 64
4 2 27 65
4 2 28 64
3 2 22 102
2 2 23 100
5 2 22 104
3 2 23 103
6 2 22 103
1 2 22 130
6 2 22 137
5 2 22 140
2 2 22 139
4 2 22 148
2 2 30 147
2 2 28 148
4 2 25 148
3 2 24 148
2 2 22 148
1 2 22 148
5 2 22 149
3 2 25 150
5 2 22 158
2 2 24 157
3 2 25 158
5 2 22 185
2 2 32 186
6 2 31 186
4 2 30 186
4 2 23 183
1 2 22 195
5 2 23 195
6 2 21 2
3 2 27 2
5 2 26 3
4 2 22 1
1 2 21 2
1 2 23 1
6 2 21 33
1 2 21 39
1 2 24 39
3 2 21 53
5 2 21 66
3 2 26 67
6 2 34 68
3 2 27 68
6 2 30 69
4 2 21 66
2 2 25 66
4 2 26 67
3 2 22 65
2 2 21 68
6 2 25 67
5 2 21 68
2 2 22 67
6 2 21 75
2 2 23 76
4 2 24 75
3 2 27 74
5 2 32 72
1 2 21 80
4 2 31 79
3 2 23 81
6 2 27 81
3 2 27 82
5 2 23 80
1 2 22 79
6 2 21 79
5 2 21 79
6 2 21 88
4 2 27 87
4 2 25 88
4 2 27 88
2 2 29 89
6 2 29 89
3 2 25 87
2 2 31 86
1 2 25 86
6 2 25 89
2 2 22 88
1 2 21 99
5 2 21 105
6 2 21 114
6 2 23 114
2 2 23 113
1 2 21 139
6 2 21 174
3 2 25 173
3 2 22 174
6 2 21 186
2 2 26 186
2 2 21 186
5 2 26 185
2 2 24 188
3 2 20 7
1 2 24 8
5 2 20 33
5 2 20 39
4 2 20 41
3 2 21 42
5 2 27 41
6 2 25 43
2 2 24 44
5 2 23 44
3 2 20 67
1 2 20 68
6 2 20 68
1 2 25 69
4 2 24 69
1 2 23 69
2 2 27 70
3 2 21 69
4 2 29 70
1 2 28 71
4 2 20 69
4 2 20 102
2 2 20 102
1 2 27 101
5 2 25 101
4 2 20 113
4 2 23 113
5 2 21 112
1 2 20 117
1 2 24 118
3 2 28 117
4 2 22 118
3 2 20 116
1 2 22 115
2 2 21 115
3 2 21 117
5 2 21 118
4 2 20 118
5 2 25 117
6 2 23 120
6 2 20 119
1 2 22 120
6 2 26 122
3 2 28 123
4 2 29 123
4 2 27 122
5 2 20 126
6 2 32 125
6 2 34 125
5 2 32 126
1 2 31 125
3 2 27 125
5 2 27 124
1 2 26 124
1 2 22 127
6 2 25 129
3 2 24 126
6 2 24 127
4 2 23 129
2 2 21 127
3 2 27 128
5 2 25 128
2 2 20 136
3 2 23 136
1 2 22 137
3 2 24 138
3 2 20 136
3 2 20 141
5 2 21 142
4 2 20 140
3 2 20 152
4 2 24 153
1 2 25 152
2 2 25 154
2 2 23 153
1 2 26 152
5 2 26 155
6 2 20 153
5 2 20 158
4 2 23 159
6 2 20 157
3 2 21 159
4 2 20 156
3 2 20 175
3 2 20 178
2 2 20 182
5 2 20 181
1 2 24 180
5 2 20 187
5 2 20 193
3 2 20 195
6 2 20 197
3 2 22 198
1 2 19 6
5 2 20 5
5 2 20 199
6 2 23 4
3 2 24 3
2 2 24 4
5 2 23 3
6 2 23 200
6 2 20 199
3 2 19 5
3 2 26 2
5 2 19 31
3 2 21 29
5 2 23 28
4 2 19 34
4 2 19 44
5 2 19 47
4 2 29 5
3 2 28 47
3 2 25 48
1 2 19 85
4 2 25 85
5 2 23 84
2 2 22 84
4 2 21 84
3 2 19 90
2 2 28 92
3 2 23 91
6 2 26 92
5 2 23 92
1 2 23 93
2 2 25 94
6 2 30 94
3 2 23 94
5 2 19 98
4 2 19 103
6 2 19 125
3 2 19 127
6 2 25 127
2 2 19 142
5 2 19 165
1 2 27 165
2 2 19 184
6 2 19 193
4 2 21 194
4 2 18 23
5 2 21 23
2 2 18 30
6 2 18 47
5 2 29 48
2 2 30 48
6 2 18 57
5 2 18 72
3 2 19 56
6 2 19 57
3 2 24 58
1 2 18 75
1 2 23 76
5 2 26 71
5 2 21 74
1 2 19 74
1 2 18 79
2 2 18 96
2 2 26 77
1 2 21 97
3 2 18 105
5 2 18 111
1 2 18 122
5 2 18 125
3 2 26 124
1 2 25 126
3 2 24 125
4 2 18 134
3 2 18 139
1 2 20 138
6 2 18 141
2 2 18 167
6 2 21 168
1 2 18 167
3 2 22 168
1 2 27 111
2 2 28 110
3 2 30 166
5 2 27 111
2 2 22 169
1 2 31 109
4 2 30 169
6 2 27 169
6 2 29 169
4 2 27 170
3 2 18 175
1 2 18 179
5 2 18 193
2 2 18 195
5 2 17 4
2 2 17 6
4 2 19 176
2 2 19 177
4 2 18 7
4 2 17 5
5 2 19 4
3 2 17 26
2 2 25 25
1 2 19 25
2 2 30 8
6 2 30 8
1 2 29 8
5 2 17 37
3 2 23 36
4 2 22 36
2 2 23 38
2 2 19 38
6 2 17 36
1 2 19 35
4 2 17 45
3 2 18 45
6 2 17 45
4 2 17 45
3 2 21 45
6 2 21 44
4 2 21 44
2 2 17 61
3 2 17 60
6 2 17 87
4 2 23 85
5 2 17 87
6 2 22 86
2 2 20 89
4 2 17 95
6 2 32 24
2 2 32 94
2 2 20 94
5 2 31 24
3 2 20 93
1 2 20 95
3 2 21 92
2 2 23 91
2 2 17 109
1 2 21 109
6 2 27 108
6 2 17 113
2 2 24 111
4 2 23 112
1 2 17 114
6 2 17 117
4 2 17 119
3 2 17 126
6 2 17 129
5 2 19 131
6 2 21 132
6 2 19 131
6 2 17 132
3 2 17 134
5 2 23 133
1 2 29 134
3 2 22 134
5 2 19 134
6 2 20 134
4 2 19 134
6 2 18 134
2 2 17 136
5 2 17 142
5 2 17 144
1 2 17 152
1 2 21 151
4 2 22 150
3 2 17 165
4 2 21 165
3 2 25 166
1 2 25 166
6 2 22 166
6 2 18 163
1 2 17 170
5 2 20 169
3 2 23 167
1 2 22 170
5 2 30 94
6 2 19 170
5 2 30 171
3 2 21 169
4 2 17 169
2 2 17 176
3 2 17 178
1 2 17 185
3 2 16 3
2 2 20 2
3 2 18 170
1 2 29 168
6 2 28 169
5 2 20 2
4 2 20 170
1 2 16 21
6 2 19 22
1 2 19 21
3 2 21 22
2 2 20 22
5 2 18 23
3 2 16 31
6 2 16 41
4 2 26 41
1 2 30 171
3 2 23 41
3 2 34 40
6 2 24 40
6 2 19 41
3 2 16 46
5 2 16 80
6 2 21 80
4 2 23 40
1 2 25 82
1 2 20 80
2 2 20 80
2 2 24 79
4 2 18 80
3 2 18 81
1 2 18 80
4 2 20 82
2 2 23 81
1 2 21 81
1 2 20 82
4 2 18 81
4 2 20 81
2 2 16 92
2 2 21 93
4 2 18 91
3 2 25 90
5 2 19 90
2 2 26 89
1 2 21 89
6 2 21 88
2 2 21 87
1 2 20 88
5 2 20 88
4 2 20 89
5 2 16 95
2 2 27 40
1 2 25 95
5 2 18 96
5 2 16 98
5 2 16 100
6 2 20 99
3 2 16 105
6 2 16 109
5 2 21 109
1 2 16 116
4 2 16 137
1 2 16 150
4 2 16 152
2 2 16 155
1 2 16 161
4 2 24 161
1 2 28 94
4 2 27 94
6 2 21 162
2 2 26 162
3 2 19 160
6 2 16 172
5 2 23 171
4 2 24 171
5 2 22 172
1 2 16 174
1 2 16 197
6 2 29 197
3 2 28 196
2 2 27 196
4 2 26 163
6 2 22 196
5 2 16 199
5 2 18 198
5 2 27 198
5 2 15 1
5 2 15 34
1 2 15 35
3 2 15 40
1 2 19 41
3 2 16 34
5 2 16 39
3 2 21 38
2 2 15 35
4 2 15 49
3 2 25 50
3 2 27 49
4 2 26 41
4 2 16 50
5 2 25 49
4 2 28 48
4 2 25 48
2 2 23 49
1 2 23 48
6 2 25 49
2 2 34 50
3 2 18 49
5 2 32 50
5 2 30 51
4 2 31 50
2 2 15 50
6 2 20 49
3 2 22 49
4 2 15 67
2 2 19 51
4 2 23 52
5 2 23 66
6 2 22 53
6 2 19 50
4 2 18 68
2 2 16 66
6 2 21 65
3 2 15 68
6 2 15 67
5 2 15 78
3 2 15 95
6 2 26 96
3 2 22 95
2 2 18 94
6 2 20 93
6 2 21 94
5 2 15 94
6 2 15 105
6 2 16 106
2 2 18 105
5 2 15 107
4 2 24 108
4 2 19 107
4 2 21 108
3 2 15 112
5 2 22 111
3 2 18 111
6 2 17 111
2 2 23 110
4 2 22 110
6 2 19 111
3 2 15 120
2 2 16 119
6 2 15 124
2 2 17 123
3 2 17 122
2 2 22 124
2 2 21 122
2 2 19 121
2 2 17 122
5 2 21 123
6 2 19 122
3 2 15 151
4 2 15 167
3 2 22 167
4 2 23 167
6 2 21 167
1 2 20 166
2 2 19 166
3 2 24 165
5 2 19 166
5 2 16 168
5 2 15 166
1 2 23 165
1 2 15 172
1 2 15 179
1 2 22 181
6 2 23 182
5 2 15 185
3 2 20 185
4 2 15 188
6 2 28 50
5 2 27 189
5 2 15 194
3 2 16 195
6 2 14 24
1 2 14 24
4 2 20 25
5 2 19 25
6 2 15 23
2 2 15 24
4 2 14 36
2 2 17 35
2 2 14 39
2 2 18 40
3 2 14 55
2 2 14 65
5 2 16 64
2 2 16 63
3 2 14 101
5 2 19 100
3 2 19 99
6 2 14 101
6 2 16 102
6 2 14 117
2 2 21 117
2 2 14 117
5 2 14 137
2 2 21 187
1 2 22 136
3 2 20 188
3 2 16 138
2 2 17 137
6 2 17 139
1 2 14 139
5 2 14 142
4 2 19 143
4 2 16 142
2 2 17 142
2 2 14 143
6 2 19 188
3 2 14 156
4 2 17 157
1 2 19 157
6 2 14 161
2 2 17 160
5 2 14 162
6 2 20 144
6 2 17 161
5 2 24 161
2 2 14 163
4 2 13 15
3 2 30 15
1 2 13 29
1 2 18 28
3 2 14 178
3 2 13 30
4 2 13 30
6 2 18 31
4 2 13 34
2 2 13 70
1 2 15 30
3 2 17 69
5 2 16 70
4 2 13 74
5 2 14 76
3 2 13 83
4 2 19 83
5 2 18 82
4 2 16 83
6 2 16 84
1 2 13 89
6 2 18 91
5 2 13 90
6 2 16 89
3 2 15 88
6 2 13 97
6 2 17 98
4 2 16 98
3 2 13 103
3 2 15 102
3 2 13 136
6 2 13 143
3 2 16 144
4 2 21 29
1 2 13 143
2 2 13 145
1 2 24 144
1 2 13 147
1 2 13 150
5 2 13 156
5 2 15 148
4 2 13 156
4 2 13 164
3 2 13 176
6 2 19 155
4 2 17 175
4 2 14 175
3 2 16 176
3 2 19 176
4 2 19 176
5 2 25 176
2 2 20 177
5 2 13 180
3 2 18 182
1 2 20 179
4 2 14 178
6 2 13 197
1 2 14 199
5 2 12 1
1 2 14 2
4 2 13 3
4 2 12 26
2 2 16 27
2 2 14 27
5 2 17 29
1 2 12 30
6 2 13 30
2 2 17 29
1 2 16 29
5 2 13 31
3 2 24 31
6 2 12 31
3 2 12 33
1 2 12 36
6 2 12 48
1 2 25 47
5 2 21 48
2 2 20 48
1 2 17 47
1 2 12 55
6 2 22 55
1 2 22 54
5 2 12 56
2 2 23 58
3 2 25 59
5 2 13 57
1 2 23 56
5 2 22 56
5 2 16 56
3 2 22 57
3 2 14 58
6 2 24 59
6 2 13 59
4 2 18 59
4 2 12 57
2 2 17 57
2 2 19 57
4 2 15 56
5 2 16 56
1 2 19 57
6 2 18 57
5 2 17 57
1 2 15 56
1 2 12 57
4 2 15 56
4 2 12 60
3 2 19 61
3 2 12 59
5 2 13 60
4 2 23 60
3 2 12 78
2 2 24 77
5 2 12 82
2 2 12 81
4 2 14 80
3 2 12 88
4 2 12 102
5 2 12 101
4 2 13 101
4 2 18 100
5 2 13 100
1 2 16 99
5 2 12 108
2 2 19 107
1 2 18 107
3 2 18 108
2 2 19 109
4 2 19 110
2 2 18 110
3 2 12 107
3 2 12 114
3 2 14 113
2 2 15 112
2 2 14 115
4 2 12 122
4 2 16 120
2 2 23 121
5 2 16 122
1 2 21 123
3 2 15 122
4 2 13 122
4 2 12 132
2 2 12 136
4 2 12 149
2 2 12 155
4 2 12 154
6 2 15 156
3 2 12 153
4 2 16 154
5 2 17 153
3 2 15 155
5 2 12 165
6 2 16 166
4 2 15 165
1 2 15 166
1 2 12 169
2 2 13 168
1 2 12 190
5 2 27 183
5 2 27 191
4 2 12 193
5 2 13 192
3 2 12 192
1 2 18 191
4 2 24 190
6 2 12 194
1 2 12 198
4 2 26 197
3 2 24 191
4 2 17 197
6 2 11 4
3 2 18 196
1 2 19 5
6 2 17 4
5 2 12 5
1 2 15 6
2 2 11 18
2 2 29 197
3 2 28 17
1 2 11 21
2 2 12 22
4 2 11 22
5 2 11 30
2 2 11 37
2 2 11 43
2 2 19 44
2 2 17 44
4 2 15 42
5 2 14 42
1 2 17 43
2 2 19 42
5 2 11 64
3 2 21 63
1 2 18 63
6 2 16 63
6 2 11 106
4 2 16 107
2 2 13 105
1 2 11 127
1 2 17 126
2 2 11 126
6 2 16 126
5 2 18 126
6 2 17 125
5 2 16 125
3 2 11 128
3 2 14 129
3 2 11 132
6 2 20 132
1 2 19 132
2 2 13 132
3 2 15 131
6 2 15 132
5 2 18 133
5 2 14 131
2 2 25 130
6 2 24 129
4 2 12 132
1 2 11 147
3 2 11 159
4 2 24 161
1 2 25 160
4 2 15 160
3 2 11 166
2 2 11 176
6 2 11 180
3 2 16 181
4 2 12 181
4 2 11 189
2 2 19 188
5 2 18 189
2 2 17 189
2 2 11 193
4 2 11 192
3 2 25 191
4 2 14 191
2 2 11 192
1 2 20 191
6 2 16 191
1 2 20 191
6 2 25 190
6 2 11 200
3 2 10 10
3 2 31 9
1 2 28 9
6 2 27 9
3 2 10 18
4 2 25 18
5 2 10 25
6 2 10 24
2 2 10 26
5 2 15 28
4 2 15 28
2 2 10 30
2 2 11 29
5 2 13 28
3 2 11 31
4 2 10 33
4 2 16 32
3 2 10 37
1 2 15 37
6 2 15 38
4 2 14 36
2 2 10 41
4 2 13 39
4 2 11 41
4 2 10 44
6 2 13 43
3 2 10 50
2 2 25 18
5 2 23 50
5 2 25 50
4 2 26 51
5 2 16 49
1 2 15 50
4 2 11 50
5 2 24 51
6 2 10 55
3 2 14 49
3 2 17 48
1 2 10 58
5 2 10 61
2 2 10 61
4 2 10 64
2 2 10 76
4 2 20 76
6 2 19 76
3 2 13 76
6 2 10 77
5 2 10 91
2 2 18 91
3 2 18 92
6 2 13 91
2 2 21 54
3 2 10 96
3 2 19 97
6 2 15 97
5 2 10 99
1 2 12 99
4 2 11 100
5 2 10 112
5 2 16 111
4 2 15 111
6 2 10 122
4 2 10 129
5 2 18 128
2 2 17 129
4 2 10 134
2 2 15 133
2 2 13 134
4 2 12 134
6 2 12 135
2 2 10 139
5 2 10 139
2 2 12 138
4 2 12 139
6 2 10 141
6 2 10 159
5 2 10 169
1 2 12 169
1 2 14 168
2 2 14 170
4 2 13 168
6 2 10 170
1 2 10 173
5 2 10 172
4 2 15 173
1 2 10 179
2 2 12 178
2 2 16 180
6 2 10 195
6 2 12 194
4 2 14 196
2 2 10 198
1 2 22 90
4 2 21 90
2 2 15 197
4 2 17 197
4 2 13 198
4 2 19 196
5 2 18 196
5 2 10 198
1 2 9 38
4 2 10 199
6 2 9 40
1 2 9 44
6 2 9 49
1 2 9 53
1 2 10 48
2 2 9 55
5 2 9 59
4 2 9 60
2 2 9 68
4 2 13 54
1 2 12 68
4 2 10 67
4 2 9 76
3 2 9 76
1 2 13 67
1 2 9 91
1 2 16 77
5 2 21 92
6 2 16 93
6 2 14 92
4 2 9 113
6 2 9 120
6 2 18 119
3 2 22 118
6 2 14 119
3 2 9 121
5 2 13 120
5 2 16 119
2 2 12 120
2 2 9 123
2 2 9 126
4 2 14 126
4 2 9 132
6 2 9 138
4 2 9 139
6 2 9 145
4 2 21 145
4 2 16 146
5 2 23 79
5 2 19 147
1 2 14 144
4 2 14 145
1 2 21 146
6 2 14 146
1 2 9 150
6 2 15 151
4 2 14 151
6 2 19 151
2 2 18 152
3 2 13 150
5 2 18 152
6 2 12 150
1 2 23 147
1 2 12 150
6 2 9 166
2 2 11 166
5 2 9 179
3 2 9 179
6 2 9 186
2 2 12 149
3 2 14 149
2 2 17 148
1 2 12 187
6 2 15 186
4 2 21 187
1 2 22 186
6 2 10 185
2 2 13 184
1 2 22 183
3 2 20 184
4 2 20 183
5 2 16 183
3 2 15 184
1 2 9 194
4 2 12 193
1 2 10 186
3 2 9 194
1 2 10 194
3 2 8 1
4 2 10 195
6 2 8 3
4 2 10 2
5 2 8 4
6 2 8 8
1 2 15 9
4 2 26 9
2 2 24 9
6 2 11 8
2 2 22 7
1 2 24 6
6 2 24 8
4 2 20 7
6 2 16 7
6 2 19 8
3 2 10 2
6 2 8 19
2 2 26 10
6 2 8 36
1 2 12 37
1 2 14 38
2 2 8 58
2 2 8 70
4 2 16 71
2 2 17 72
3 2 25 72
2 2 24 73
5 2 9 71
2 2 12 72
1 2 8 71
4 2 11 71
5 2 8 89
5 2 15 89
4 2 12 89
6 2 12 88
2 2 8 92
2 2 10 91
5 2 9 92
5 2 17 93
1 2 8 106
6 2 20 105
3 2 13 106
6 2 8 110
1 2 8 111
5 2 8 115
4 2 13 116
2 2 10 114
3 2 8 119
2 2 22 118
6 2 21 118
4 2 8 121
5 2 8 126
2 2 8 133
5 2 8 151
2 2 8 151
2 2 10 152
6 2 22 152
2 2 8 168
1 2 10 167
6 2 8 174
3 2 8 184
1 2 22 184
6 2 16 183
2 2 9 185
4 2 10 186
1 2 8 186
5 2 8 190
1 2 10 190
6 2 18 189
3 2 9 191
2 2 7 1
5 2 10 3
5 2 7 17
3 2 10 16
4 2 7 16
4 2 26 19
4 2 28 19
2 2 26 19
4 2 25 17
2 2 29 16
4 2 27 16
2 2 27 17
2 2 9 17
1 2 8 17
2 2 7 21
5 2 13 21
2 2 28 20
4 2 15 22
5 2 14 22
2 2 13 22
6 2 12 21
2 2 9 22
2 2 7 34
6 2 14 35
5 2 13 35
5 2 10 35
1 2 11 35
4 2 7 36
5 2 7 37
1 2 11 37
6 2 7 92
1 2 7 104
4 2 11 104
1 2 14 103
2 2 13 103
3 2 7 110
6 2 17 109
1 2 11 109
6 2 7 118
1 2 7 125
1 2 7 130
3 2 18 129
5 2 10 129
4 2 13 129
4 2 15 128
1 2 12 131
1 2 7 135
1 2 7 147
2 2 10 146
1 2 11 145
3 2 8 146
6 2 17 147
2 2 7 157
5 2 7 184
6 2 17 183
4 2 16 184
2 2 13 184
6 2 6 7
1 2 17 7
5 2 18 8
4 2 16 8
3 2 16 7
2 2 8 7
2 2 15 9
1 2 12 8
1 2 7 7
6 2 11 6
1 2 11 6
2 2 6 9
5 2 6 9
2 2 11 9
2 2 6 9
5 2 8 8
5 2 9 9
2 2 6 16
2 2 6 44
5 2 10 43
6 2 9 43
1 2 10 42
6 2 9 45
3 2 14 45
1 2 13 45
3 2 11 46
5 2 18 47
5 2 15 46
3 2 8 45
1 2 6 59
3 2 10 59
5 2 12 59
5 2 6 61
2 2 6 76
1 2 6 85
3 2 15 85
4 2 12 85
5 2 7 85
6 2 8 84
4 2 13 83
2 2 9 85
2 2 8 83
1 2 6 91
5 2 6 93
1 2 10 94
6 2 6 96
3 2 7 98
1 2 8 99
2 2 8 99
6 2 7 99
2 2 6 124
1 2 8 125
5 2 6 128
4 2 14 128
3 2 15 127
4 2 6 133
3 2 6 138
1 2 8 137
1 2 11 138
1 2 7 139
3 2 8 140
5 2 11 141
2 2 6 153
5 2 13 154
4 2 7 152
3 2 6 159
3 2 8 161
5 2 10 162
2 2 9 162
5 2 17 162
4 2 9 161
4 2 6 161
1 2 7 161
6 2 20 162
1 2 19 163
5 2 19 162
1 2 17 162
1 2 13 160
6 2 7 162
5 2 6 164
4 2 15 163
4 2 7 163
4 2 16 164
5 2 6 176
3 2 7 176
4 2 9 178
4 2 6 175
1 2 22 176
6 2 9 174
4 2 8 174
1 2 14 173
3 2 7 174
3 2 6 178
3 2 6 182
5 2 6 192
5 2 7 192
1 2 11 192
3 2 10 192
1 2 5 3
4 2 5 20
4 2 7 19
2 2 10 20
2 2 7 18
4 2 9 19
1 2 6 19
3 2 6 18
1 2 5 25
3 2 10 25
2 2 5 27
5 2 8 28
5 2 5 28
3 2 8 28
1 2 8 28
3 2 5 55
2 2 5 63
5 2 6 65
1 2 5 65
4 2 10 66
3 2 11 66
3 2 5 65
2 2 6 66
4 2 5 67
6 2 5 73
1 2 19 75
3 2 15 74
5 2 12 75
4 2 11 75
5 2 5 73
6 2 12 74
2 2 9 74
5 2 5 81
2 2 13 81
3 2 9 82
3 2 7 81
2 2 5 100
3 2 10 101
6 2 5 106
3 2 15 105
3 2 5 106
5 2 5 110
3 2 9 109
3 2 6 109
1 2 12 109
5 2 12 110
2 2 11 108
4 2 11 107
6 2 5 121
4 2 11 120
3 2 9 121
5 2 8 122
5 2 5 121
1 2 5 130
5 2 7 131
5 2 5 129
2 2 6 128
2 2 15 127
1 2 12 128
6 2 5 141
4 2 5 150
6 2 22 149
2 2 5 151
6 2 5 158
4 2 5 159
1 2 8 159
2 2 15 158
1 2 5 159
1 2 13 159
6 2 8 159
2 2 6 159
5 2 5 159
1 2 5 161
4 2 14 163
1 2 8 162
4 2 5 166
6 2 7 167
3 2 5 167
6 2 8 168
6 2 5 189
3 2 11 188
6 2 5 196
1 2 23 197
1 2 4 10
2 2 31 11
3 2 4 26
5 2 25 26
4 2 18 26
5 2 17 26
2 2 15 24
2 2 12 26
6 2 12 26
1 2 13 25
6 2 22 24
4 2 22 24
1 2 21 25
4 2 18 25
2 2 17 25
5 2 7 25
5 2 11 24
3 2 11 24
5 2 4 30
2 2 4 38
3 2 8 39
3 2 14 38
5 2 10 38
1 2 9 39
3 2 4 52
3 2 24 51
5 2 7 52
3 2 13 52
2 2 12 53
6 2 13 53
3 2 6 52
1 2 11 51
5 2 6 52
4 2 15 51
6 2 6 53
1 2 6 54
2 2 4 73
1 2 6 74
4 2 12 73
2 2 8 74
1 2 4 75
2 2 8 75
5 2 6 76
5 2 4 75
6 2 5 76
4 2 4 84
1 2 4 88
5 2 11 87
3 2 4 87
3 2 6 86
5 2 9 85
2 2 4 111
5 2 4 112
1 2 6 113
5 2 4 114
3 2 5 113
3 2 4 129
5 2 13 127
2 2 4 130
4 2 4 132
5 2 4 173
5 2 6 173
6 2 7 174
4 2 4 173
1 2 4 182
5 2 11 181
4 2 4 185
1 2 4 187
6 2 7 186
6 2 7 188
1 2 6 186
1 2 8 186
6 2 3 11
1 2 32 13
4 2 28 12
6 2 31 13
6 2 6 12
6 2 27 12
3 2 30 11
6 2 12 14
3 2 31 13
4 2 29 15
5 2 7 13
2 2 25 14
5 2 3 16
1 2 3 30
2 2 3 46
1 2 6 13
5 2 9 46
3 2 5 45
5 2 3 51
6 2 3 52
6 2 7 52
5 2 7 51
1 2 3 54
5 2 3 55
6 2 11 56
1 2 10 56
3 2 3 62
3 2 8 64
4 2 12 64
5 2 11 64
1 2 4 61
4 2 13 61
3 2 6 60
1 2 3 62
4 2 3 65
4 2 3 88
6 2 8 89
2 2 7 89
2 2 4 89
1 2 3 99
5 2 5 100
5 2 3 99
4 2 3 116
3 2 12 115
6 2 11 115
4 2 7 115
6 2 5 115
1 2 3 136
2 2 7 137
4 2 5 137
5 2 3 137
4 2 7 136
3 2 3 148
6 2 7 146
1 2 8 145
6 2 14 144
5 2 12 144
6 2 3 149
5 2 6 147
3 2 3 173
6 2 22 172
2 2 3 174
1 2 3 173
1 2 3 177
1 2 6 177
1 2 7 178
6 2 3 186
3 2 3 185
1 2 11 184
3 2 3 191
3 2 2 4
3 2 8 5
5 2 2 4
5 2 13 4
3 2 12 4
6 2 6 4
5 2 5 4
1 2 3 3
1 2 9 5
2 2 2 3
4 2 4 3
1 2 2 19
6 2 4 20
6 2 2 19
2 2 2 24
6 2 10 23
5 2 7 24
2 2 6 24
4 2 11 23
4 2 2 39
5 2 9 41
5 2 7 40
3 2 5 38
3 2 2 67
5 2 8 67
4 2 7 67
6 2 5 66
2 2 2 79
1 2 2 83
2 2 2 117
4 2 7 118
6 2 2 147
6 2 10 148
4 2 9 149
2 2 5 146
4 2 2 151
5 2 2 152
5 2 2 163
6 2 8 164
2 2 10 164
3 2 2 165
5 2 12 165
5 2 2 169
2 2 2 188
4 2 4 187
5 2 2 198
6 2 15 197
4 2 15 196
2 2 8 198
3 2 14 197
4 2 2 198
6 2 14 197
3 2 13 198
4 2 1 1
2 2 1 9
4 2 1 8
6 2 9 7
5 2 7 9
2 2 1 20
3 2 1 26
6 2 1 29
5 2 1 30
3 2 1 32
4 2 3 33
1 2 14 32
1 2 9 31
1 2 7 33
6 2 7 33
3 2 5 34
3 2 1 41
1 2 5 40
1 2 1 66
5 2 1 66
2 2 1 71
5 2 8 70
1 2 4 72
5 2 3 72
1 2 9 71
6 2 3 73
1 2 2 71
5 2 1 70
6 2 11 69
1 2 1 76
5 2 7 77
2 2 1 99
4 2 1 109
2 2 1 108
3 2 8 107
6 2 5 108
5 2 1 116
4 2 11 116
1 2 1 115
2 2 1 125
6 2 4 125
5 2 4 126
2 2 1 128
2 2 12 127
1 2 1 127
5 2 2 129
1 2 1 137
6 2 4 137
2 2 1 144
6 2 3 143
1 2 10 142
2 2 10 144
4 2 8 143
5 2 7 142
2 2 7 141
4 2 5 141
6 2 7 142
4 2 4 143
6 2 4 144
3 2 5 146
1 2 5 147
2 2 12 146
1 2 1 145
2 2 1 154
5 2 18 153
5 2 15 154
3 2 1 153
4 2 1 160
2 2 4 162
2 2 2 161
4 2 1 163
2 2 1 162
6 2 4 164
6 2 2 163
4 2 1 180
6 2 16 180
4 2 7 180
6 2 7 181
1 2 4 179
6 2 4 179
6 2 1 182
6 2 7 182
4 2 3 183
2 2 17 182
3 2 16 183
6 2 1 186
6 2 1 194
3 2 4 195
2 2 1 193
6 2 7 192
1 2 6 192
5 2 6 193
4 2 6 194
2 2 25 14
6 3 24 124
5 3 24 156
5 3 23 73
4 3 22 23
5 3 21 47
3 3 21 79
3 3 21 90
4 3 20 40
3 3 20 51
1 3 20 64
6 3 20 96
5 2 19 96
4 3 20 98
4 3 20 123
1 3 20 135
2 3 20 172
3 2 22 171
2 3 19 23
1 3 19 149
3 3 19 156
1 3 19 197
1 3 18 1
2 3 18 21
3 3 18 133
1 3 18 190
3 3 17 42
2 3 17 80
5 3 17 90
5 3 17 98
2 3 17 116
5 3 16 58
4 3 16 78
2 3 16 113
6 3 16 131
1 3 16 156
6 3 16 179
6 3 16 188
4 3 15 47
6 2 15 47
5 3 15 68
3 3 15 72
1 3 21 71
4 3 15 140
6 3 15 164
2 3 15 171
1 3 14 31
1 3 14 135
5 3 14 145
3 3 14 150
4 3 15 150
4 3 14 153
1 3 13 131
4 3 13 173
4 3 13 176
2 2 12 176
2 3 14 175
2 3 12 27
3 3 12 40
1 3 17 41
1 3 12 48
5 2 15 46
2 3 12 53
3 3 12 90
4 2 11 90
6 3 12 102
1 2 15 103
6 3 15 103
4 3 12 110
3 3 12 127
6 3 12 133
5 3 12 164
2 3 12 192
5 3 11 8
1 3 11 25
4 3 11 65
1 3 11 101
3 3 11 144
6 3 11 187
1 3 10 1
5 3 10 43
2 3 12 43
6 3 10 149
3 3 10 170
2 3 10 173
3 3 9 67
2 3 12 68
1 3 9 78
3 3 12 77
2 3 9 88
5 3 9 99
2 3 14 98
3 3 9 114
1 3 9 159
1 3 9 196
1 3 14 197
6 3 8 3
2 3 8 60
2 3 13 60
6 3 8 79
3 3 10 79
6 3 8 126
1 3 8 154
5 3 7 26
4 3 7 33
4 3 7 48
2 3 7 141
1 3 7 171
5 3 7 184
6 2 6 184
1 3 6 47
2 2 6 48
5 2 5 47
3 2 5 48
5 2 7 49
6 3 15 46
2 3 6 66
1 3 6 118
3 2 7 119
5 2 6 119
2 3 17 120
2 3 6 152
3 3 6 194
6 2 6 193
5 3 5 23
5 3 5 67
1 2 4 67
5 3 5 84
3 2 7 84
1 2 6 84
3 2 6 83
4 2 6 85
5 2 8 82
6 3 16 83
3 3 5 117
2 2 5 117
6 2 16 116
3 3 5 122
2 3 5 139
4 3 9 138
3 3 5 155
4 2 11 154
6 2 9 155
6 2 7 155
6 2 10 156
5 3 6 155
2 3 5 170
3 2 4 170
3 3 6 169
6 3 4 44
3 2 9 43
4 3 6 46
6 3 4 65
3 2 11 64
1 3 4 80
2 2 5 79
3 2 9 80
1 3 4 155
4 2 6 156
2 2 13 157
2 3 4 167
1 2 7 166
6 3 4 186
2 3 3 14
5 2 6 15
3 3 3 43
1 3 3 42
6 2 2 43
5 2 2 42
1 2 1 43
4 2 5 41
3 2 4 42
6 2 5 40
2 3 4 41
4 3 3 45
1 2 3 46
5 3 3 64
4 2 3 63
4 2 4 64
6 2 9 65
5 3 3 70
4 3 8 71
5 3 5 69
4 2 6 68
5 2 6 69
1 3 14 70
5 3 8 68
5 3 3 76
1 3 3 86
5 2 12 85
2 2 11 86
3 3 3 186
5 3 4 187
1 2 4 187
6 2 5 188
5 3 10 189
6 3 2 1
5 2 7 2
4 3 3 1
6 3 2 5
4 2 8 6
4 3 2 12
1 2 2 11
5 2 1 11
1 2 2 11
1 2 24 11
6 3 25 32
2 3 23 12
1 3 6 9
1 3 2 15
4 2 3 17
2 2 1 17
1 3 2 24
4 3 2 152
5 2 3 152
2 3 12 153
4 3 2 171
4 2 6 171
6 2 3 171
1 2 5 171
3 3 2 196
1 2 3 195
2 2 1 197
3 2 6 196
5 2 4 196
1 2 4 195
4 2 1 197
6 3 2 196
2 2 10 198
4 2 2 195
2 3 12 200
6 3 1 22
1 2 6 22
6 2 5 22
4 2 4 22
4 3 13 24
1 3 1 78
2 2 7 79
3 2 3 80
4 2 1 77
4 2 2 76
2 2 1 77
4 2 7 77
4 2 4 78
4 2 1 77
6 2 1 76
6 2 4 75
1 2 5 76
3 3 1 85
3 2 9 85
6 2 5 84
3 2 5 86
6 2 4 87
6 3 1 87
5 2 6 89
4 2 4 89
2 2 2 89
3 2 2 88
4 2 1 88
2 2 2 87
3 3 6 90
3 2 8 91
1 3 1 107
4 2 3 108
6 2 4 109
3 2 7 109
6 3 1 108
2 2 2 108
5 2 1 108
3 3 1 113
4 2 2 113
3 3 1 115
2 3 13 117
6 3 1 122
1 3 1 131
5 2 8 129
1 2 9 130
2 2 8 131
6 2 8 130
6 2 2 130
2 2 6 129
2 3 12 128
3 2 11 128
1 3 4 132
5 2 8 133
2 2 7 133
4 3 1 134
6 2 10 133
2 3 1 138
4 2 8 137
2 2 7 138
3 3 1 156
6 3 7 157
5 2 6 157
2 3 6 158
6 3 1 170
2 2 4 169
4 2 4 168
2 2 13 170
3 2 3 169
1 2 3 168
2 3 8 169
2 4 23 15
6 4 23 95
6 4 19 54
3 4 19 122
1 4 18 95
6 4 18 180
4 4 16 158
1 4 15 101
4 4 15 163
6 2 14 163
3 4 14 6
5 4 14 180
5 4 18 181
3 2 17 181
1 2 16 181
1 4 12 27
2 4 12 141
2 4 12 159
5 4 11 5
2 4 11 35
5 4 11 122
6 4 11 155
6 2 12 155
4 2 11 156
3 2 9 156
1 2 10 155
5 4 10 85
6 4 10 89
2 4 10 91
4 2 11 92
3 3 14 91
4 3 14 93
3 4 12 91
6 4 9 28
2 2 9 29
6 4 9 83
5 4 9 102
6 4 9 104
3 4 9 171
6 4 9 181
6 4 8 94
6 2 13 94
1 2 12 93
4 2 10 93
3 2 9 94
2 4 8 188
4 4 7 1
3 2 6 1
1 2 5 1
2 4 7 131
1 4 6 35
3 2 7 35
6 3 5 35
5 4 6 47
1 4 6 111
2 4 5 13
6 4 5 59
6 2 11 60
5 2 14 61
2 4 5 83
5 4 5 93
4 2 11 95
4 4 7 94
1 4 5 96
1 4 5 99
6 2 8 100
1 4 5 109
1 4 5 127
1 4 4 66
2 4 4 106
3 2 4 105
5 2 5 106
5 2 3 105
6 2 4 105
2 2 2 105
5 2 2 107
3 4 4 156
2 4 4 173
4 2 5 175
3 4 3 70
1 2 9 69
4 2 2 72
5 2 3 73
5 3 5 74
2 2 12 72
4 2 4 74
2 3 9 75
2 4 3 129
3 3 5 129
2 2 5 128
5 2 5 128
5 4 3 194
6 4 2 27
2 4 2 51
6 2 16 50
6 3 9 50
6 4 4 51
2 2 3 51
1 4 12 52
1 4 3 50
1 2 6 49
6 2 5 49
1 2 4 49
4 2 5 48
3 3 3 49
2 4 2 55
5 4 9 55
2 4 3 56
1 4 2 67
2 2 3 66
6 4 2 69
5 4 2 81
6 2 6 81
6 4 2 84
4 2 7 85
2 2 3 84
5 2 2 84
1 4 2 91
4 2 5 91
2 2 4 90
6 2 4 91
3 2 3 91
6 2 7 93
5 2 4 90
6 3 4 92
4 4 2 111
4 4 2 117
2 2 4 118
1 4 2 126
2 4 2 136
1 2 4 135
6 4 2 180
4 2 1 180
4 4 2 190
2 2 2 189
3 2 2 191
6 2 1 191
3 4 4 187
6 4 1 12
1 4 1 35
6 4 2 35
2 2 1 35
6 4 1 113
1 4 1 162
4 4 1 181
5 2 1 183
2 2 1 182
2 2 4 183
3 2 2 181
6 2 1 181
4 2 1 181
6 5 19 32
4 5 16 120
1 2 14 120
4 5 15 117
4 5 14 56
5 5 12 72
6 2 11 72
1 3 9 73
3 5 11 165
2 5 9 31
2 5 9 132
6 5 9 132
5 5 9 133
6 5 9 157
3 5 9 184
4 5 8 170
5 5 8 172
5 5 7 40
1 5 10 38
4 2 11 39
5 5 7 87
1 5 7 132
1 2 8 131
1 5 7 138
2 5 7 153
2 5 6 160
3 2 11 161
1 2 8 161
5 5 5 33
2 2 6 32
4 5 5 79
5 5 5 192
6 5 5 194
3 5 5 195
1 2 5 194
5 2 4 195
4 3 5 195
6 2 3 196
2 2 4 195
5 2 2 196
1 5 4 25
6 5 4 43
6 5 4 60
4 2 3 60
2 5 5 61
4 5 4 89
5 5 3 167
5 5 6 169
3 5 2 31
3 5 2 69
6 4 3 68
4 2 5 68
2 2 2 68
3 2 5 67
3 5 2 163
2 2 4 164
3 2 4 163
2 4 6 165
5 2 6 165
2 5 2 173
4 2 12 174
6 2 2 172
1 2 6 173
6 4 10 175
4 4 10 176
4 5 14 177
6 5 1 9
5 5 1 69
1 2 1 68
5 2 2 67
3 3 2 66
1 5 1 112
5 2 3 115
3 2 2 115
4 2 2 116
1 5 2 115
1 2 9 116
5 2 3 117
1 5 1 193
4 2 2 192
3 6 10 56
2 2 10 57
1 6 9 39
2 6 9 62
1 6 9 119
6 2 9 120
3 2 8 119
4 6 8 23
5 2 10 24
2 6 8 80
6 2 7 80
3 6 8 97
3 6 7 104
6 6 6 109
3 2 6 110
2 2 5 109
4 2 4 110
3 5 6 109
5 6 6 124
5 6 5 92
3 6 5 176
6 6 4 15
1 6 4 40
4 6 4 45
3 6 4 120
3 6 3 37
2 2 7 38
4 4 7 36
2 2 6 36
4 5 3 37
6 2 2 37
5 2 2 37
2 6 3 100
2 2 14 99
5 2 9 102
4 2 8 99
5 3 3 101
5 2 6 101
2 2 4 101
5 6 3 135
3 6 2 13
3 2 3 12
3 6 2 127
5 3 2 128
6 2 3 127
5 4 5 129
6 2 5 130
5 6 2 143
4 2 1 143
1 2 1 144
2 6 1 4
3 2 2 3
6 6 1 54
4 2 1 54
1 2 1 58
4 4 6 56
5 6 1 84
4 7 14 60
3 2 13 60
5 7 8 99
4 7 7 25
3 7 7 77
2 7 6 72
5 2 10 71
1 7 10 71
6 7 6 132
4 7 4 85
2 7 4 152
1 3 1 153
1 7 3 117
4 7 3 119
6 2 4 119
2 3 3 119
4 7 3 179
1 2 4 180
2 2 3 180
5 2 2 180
2 2 1 180
3 7 2 74
3 7 2 87
6 2 3 88
1 4 2 86
1 7 2 136
3 4 1 137
5 2 1 136
3 3 5 138
4 7 1 40
5 2 1 39
2 2 1 40
3 2 1 40
6 2 1 40
2 2 2 41
6 2 2 40
6 7 1 52
5 2 1 52
4 7 2 53
1 2 2 53
1 7 1 80
3 8 9 165
4 2 8 165
5 8 7 56
3 2 5 56
1 8 6 139
5 8 5 46
1 8 5 159
2 2 4 159
6 8 1 66
3 2 2 66
1 2 1 67
2 8 1 180
5 9 8 138
4 2 4 139
6 9 7 153
1 9 5 98
4 2 7 97
1 2 6 97
5 9 3 164
3 2 4 163
6 10 8 32
1 10 6 48
6 2 8 51
5 10 4 134
4 2 3 134
6 10 3 117
3 3 2 118
4 2 2 118
5 2 1 119
6 2 1 119
4 10 2 92
2 10 2 124
3 2 1 126
2 10 2 160
3 2 3 159
6 2 2 160
5 2 3 159
1 2 2 159
1 10 1 102
5 2 2 104
6 2 2 103
4 2 1 103
1 11 6 74
4 11 5 49
5 2 3 51
1 11 3 1
4 11 3 151
4 2 4 150
3 2 2 154
2 12 5 137
3 2 7 139
5 2 6 139
6 12 3 160
2 2 7 164
3 2 6 165
3 2 2 160
4 13 5 129
6 2 7 131
5 13 2 171
3 2 10 172
4 14 2 28
5 2 5 29
3 2 3 30
3 14 1 67
2 2 2 68
1 3 2 68
5 16 3 70
2 2 2 71
1 3 1 71
2 2 1 70
2 18 6 5
6 18 1 102
2 2 1 101
3 2 1 103
4 19 7 170
3 19 3 144
2 2 4 148
6 2 3 144
5 2 2 145
3 19 2 105
6 20 9 57
3 22 5 20
6 2 3 25
2 23 6 87
6 2 5 91
4 23 2 5
5 2 2 6
2 2 2 10
3 2 1 6
6 2 1 6
1 3 1 5
2 27 3 157
5 2 2 161
1 2 1 159
1 2 1 161
3 70 3 118
1 2 3 124
4 2 3 127
1 2 2 127
5 2 1 127
4 2 1 126
2 4 1 123
5 321 2 7
1 2 3 9
4 2 3 14
6 2 2 7
4 2 2 10
3 2 2 14
6 2 6 17
4 3 2 15
2 3 6 10
