8347
4374
6 2 100 15
5 2 100 19
2 2 100 30
5 2 100 38
2 2 100 46
2 2 100 58
1 2 100 67
3 2 99 30
3 2 99 36
2 2 99 39
3 2 99 41
8 2 99 42
2 2 99 52
4 2 99 53
5 2 99 55
3 2 99 63
4 2 99 67
4 2 99 78
2 2 99 84
6 2 99 83
4 2 99 87
2 2 99 92
6 2 99 96
6 2 99 98
4 2 98 39
6 2 98 43
1 2 99 44
8 2 98 47
1 2 98 48
6 2 98 52
5 2 98 60
7 2 98 69
1 2 98 95
2 2 99 69
4 2 98 99
8 2 97 7
8 2 97 12
8 2 99 94
6 2 97 13
4 2 97 16
8 2 99 14
2 2 97 39
2 2 97 42
4 2 97 44
6 2 97 45
7 2 97 46
5 2 97 49
8 2 97 62
4 2 97 73
3 2 100 10
7 2 98 72
1 2 97 93
5 2 97 95
4 2 96 2
8 2 96 3
4 2 96 5
6 2 96 11
2 2 96 13
1 2 96 20
8 2 97 20
4 2 96 25
1 2 96 29
7 2 96 32
8 2 96 37
7 2 96 40
2 2 96 49
4 2 96 54
6 2 97 54
1 2 96 55
1 2 96 67
3 2 96 68
8 2 97 70
3 2 96 77
3 2 99 75
3 2 96 82
2 2 96 92
4 2 95 8
7 2 98 7
1 2 97 7
1 2 95 14
1 2 95 30
8 2 95 32
5 2 95 35
5 2 99 34
1 2 95 40
3 2 95 43
3 2 95 48
4 2 95 74
6 2 98 74
6 2 95 90
7 2 96 90
8 2 96 89
4 2 95 91
8 2 95 100
6 2 94 4
2 2 94 7
3 2 94 7
6 2 95 8
6 2 96 9
7 2 94 21
2 2 94 31
2 2 94 36
1 2 94 42
5 2 95 43
2 2 94 44
4 2 94 56
3 2 96 57
2 2 95 55
2 2 94 63
8 2 94 64
2 2 94 67
5 2 95 68
4 2 93 7
7 2 93 15
4 2 93 25
5 2 93 54
4 2 93 59
8 2 93 67
6 2 93 70
4 2 95 70
6 2 93 79
7 2 99 80
3 2 95 80
1 2 96 80
6 2 93 82
6 2 95 81
4 2 94 80
2 2 94 83
7 2 93 86
8 2 95 87
8 2 93 87
5 2 96 86
8 2 96 85
3 2 94 86
4 2 94 85
2 2 93 99
4 2 92 21
1 2 92 33
8 2 97 81
7 2 94 32
4 2 96 33
7 2 92 35
6 2 92 36
2 2 92 64
6 2 92 67
2 2 92 66
1 2 92 65
1 2 92 70
4 2 92 86
3 2 92 88
2 2 93 71
4 2 92 88
8 2 93 88
2 2 92 95
2 2 93 95
6 2 92 98
2 2 95 89
5 2 94 97
6 2 93 98
7 2 91 1
8 2 94 97
1 2 95 96
4 2 91 18
5 2 96 19
3 2 91 18
5 2 91 18
4 2 91 27
7 2 93 26
5 2 95 27
2 2 92 26
4 2 96 25
8 2 91 30
8 2 91 34
3 2 95 33
4 2 92 33
6 2 91 33
2 2 93 32
1 2 91 35
3 2 91 46
5 2 93 44
2 2 91 46
5 2 91 45
4 2 92 44
2 2 91 50
4 2 91 54
7 2 94 53
4 2 96 52
6 2 92 52
4 2 91 52
2 2 91 53
5 2 93 53
3 2 92 53
6 2 91 68
8 2 91 70
4 2 94 71
2 2 97 2
1 2 93 72
2 2 91 79
3 2 95 72
3 2 91 85
2 2 91 87
3 2 91 98
4 2 93 97
4 2 92 98
6 2 90 18
3 2 92 18
4 2 91 18
8 2 90 28
8 2 95 27
6 2 93 27
1 2 93 26
6 2 95 25
2 2 93 28
1 2 91 27
2 2 90 37
8 2 93 37
6 2 94 38
1 2 92 38
1 2 90 41
8 2 92 40
2 2 90 45
4 2 90 53
3 2 90 68
1 2 90 72
7 2 90 82
1 2 90 83
6 2 90 85
3 2 89 1
7 2 89 15
8 2 89 26
7 2 89 30
7 2 92 30
4 2 91 30
1 2 89 43
7 2 91 43
5 2 89 42
6 2 89 47
3 2 94 46
4 2 89 58
6 2 95 58
3 2 92 57
7 2 94 56
6 2 89 59
7 2 95 78
3 2 96 60
3 2 90 58
5 2 93 60
6 2 91 57
5 2 91 59
3 2 91 59
3 2 89 77
4 2 92 77
7 2 89 87
6 2 88 3
2 2 88 12
2 2 90 11
6 2 90 76
8 2 88 17
2 2 88 18
1 2 92 19
5 2 88 17
1 2 88 19
1 2 88 24
2 2 95 10
3 2 94 10
7 2 94 11
5 2 92 23
8 2 91 23
1 2 94 23
8 2 93 24
7 2 92 22
6 2 92 24
1 2 92 24
1 2 91 22
5 2 91 23
4 2 89 25
1 2 88 34
1 2 88 38
5 2 88 68
1 2 88 77
3 2 88 81
8 2 92 76
5 2 93 80
3 2 92 75
1 2 94 74
4 2 91 80
3 2 91 79
5 2 88 82
3 2 88 82
8 2 90 81
1 2 89 81
4 2 89 82
7 2 88 94
1 2 88 97
6 2 91 95
7 2 91 98
8 2 89 96
3 2 89 95
6 2 91 96
7 2 87 1
4 2 87 6
4 2 92 74
6 2 91 74
5 2 92 74
7 2 92 75
6 2 87 7
3 2 92 8
1 2 91 9
4 2 87 8
5 2 87 31
7 2 87 33
1 2 87 58
5 2 87 65
2 2 87 79
2 2 92 78
1 2 87 79
5 2 87 85
2 2 91 84
7 2 89 84
1 2 88 87
2 2 87 100
8 2 86 3
2 2 91 3
3 2 86 14
8 2 86 18
7 2 89 20
1 2 86 34
4 2 86 36
7 2 86 53
6 2 86 79
7 2 86 87
5 2 86 89
3 2 93 88
4 2 89 89
6 2 90 88
5 2 90 89
2 2 89 88
6 2 88 89
7 2 86 93
2 2 93 92
8 2 95 91
7 2 92 92
7 2 86 100
7 2 85 5
4 2 88 4
1 2 93 4
7 2 89 5
2 2 88 3
2 2 88 6
3 2 87 4
5 2 87 6
1 2 85 4
1 2 85 18
2 2 85 24
3 2 90 23
4 2 89 23
7 2 85 33
6 2 85 32
5 2 85 36
8 2 85 41
7 2 87 40
7 2 89 39
4 2 85 41
8 2 85 57
3 2 90 25
2 2 89 58
6 2 85 59
6 2 91 57
1 2 90 61
5 2 86 58
2 2 85 62
4 2 90 62
1 2 93 61
3 2 87 63
7 2 87 63
8 2 86 57
4 2 90 56
3 2 92 61
8 2 85 79
5 2 85 85
8 2 86 85
5 2 88 85
6 2 85 89
2 2 85 91
7 2 85 91
8 2 91 92
5 2 91 93
4 2 85 90
4 2 88 91
7 2 89 90
7 2 87 91
3 2 90 91
1 2 88 90
3 2 87 92
3 2 85 89
6 2 85 93
7 2 84 12
8 2 85 11
8 2 89 11
1 2 87 12
2 2 84 15
4 2 87 16
4 2 85 16
3 2 87 15
3 2 84 18
6 2 84 22
4 2 84 27
6 2 90 28
8 2 84 29
8 2 86 29
6 2 92 28
7 2 91 28
8 2 90 28
4 2 88 28
7 2 84 36
1 2 84 36
4 2 84 64
1 2 84 82
7 2 84 84
1 2 84 85
6 2 84 85
5 2 84 90
6 2 84 91
7 2 84 99
6 2 83 3
5 2 85 4
5 2 90 5
1 2 89 3
5 2 83 7
2 2 86 8
1 2 84 8
4 2 83 24
7 2 85 23
5 2 83 44
1 2 88 45
1 2 83 55
8 2 83 54
2 2 83 85
3 2 83 88
5 2 83 92
1 2 84 92
6 2 83 97
6 2 88 55
6 2 90 54
8 2 82 1
6 2 82 14
5 2 85 14
3 2 82 33
4 2 82 41
8 2 84 40
8 2 85 41
8 2 83 42
6 2 82 41
2 2 88 42
8 2 88 43
6 2 83 40
4 2 83 42
5 2 82 42
1 2 86 43
6 2 86 44
5 2 84 43
4 2 84 44
7 2 83 43
6 2 82 48
3 2 87 47
4 2 83 48
6 2 86 47
3 2 87 48
7 2 87 47
2 2 86 49
5 2 82 56
6 2 82 66
8 2 91 66
1 2 90 97
3 2 85 66
5 2 82 65
2 2 86 64
4 2 85 64
5 2 85 65
4 2 83 66
7 2 88 67
6 2 82 66
4 2 82 75
4 2 82 86
7 2 84 86
3 2 84 87
5 2 82 96
8 2 89 95
5 2 81 11
3 2 84 11
6 2 87 12
6 2 81 10
5 2 86 11
2 2 86 12
4 2 82 9
6 2 82 8
1 2 88 7
4 2 84 7
7 2 84 6
8 2 81 10
2 2 81 9
1 2 85 10
3 2 81 12
3 2 81 19
2 2 86 19
6 2 83 19
4 2 90 20
8 2 83 20
4 2 82 19
1 2 81 20
1 2 81 49
5 2 81 48
4 2 85 47
1 2 85 46
1 2 81 47
4 2 81 56
8 2 86 56
7 2 88 55
4 2 87 55
8 2 81 62
6 2 88 62
6 2 83 62
6 2 81 82
4 2 87 83
2 2 86 83
8 2 86 84
8 2 81 84
1 2 82 85
6 2 81 85
2 2 81 89
4 2 80 8
8 2 84 7
8 2 80 14
8 2 87 13
5 2 80 15
8 2 86 15
8 2 80 15
5 2 89 17
8 2 87 16
5 2 86 16
2 2 86 17
7 2 85 17
3 2 80 20
1 2 80 25
2 2 81 24
5 2 81 24
5 2 87 25
6 2 86 26
8 2 89 26
7 2 80 30
1 2 81 29
7 2 86 28
3 2 80 30
4 2 80 47
2 2 80 52
5 2 83 51
1 2 80 54
1 2 80 83
7 2 81 82
1 2 83 81
6 2 82 81
5 2 81 82
5 2 80 85
4 2 80 91
2 2 79 8
8 2 79 25
4 2 87 26
1 2 85 26
4 2 81 24
3 2 81 23
6 2 79 30
3 2 83 30
6 2 88 31
2 2 79 36
8 2 83 37
2 2 80 35
6 2 79 51
8 2 89 50
8 2 79 56
6 2 86 55
6 2 79 64
2 2 86 63
6 2 88 62
5 2 87 62
7 2 84 63
3 2 86 62
1 2 83 63
8 2 85 64
2 2 81 64
3 2 82 63
3 2 82 66
4 2 81 66
3 2 81 65
2 2 79 71
2 2 87 65
6 2 79 74
5 2 86 74
3 2 84 75
1 2 84 76
2 2 79 78
1 2 87 78
8 2 82 77
1 2 83 78
3 2 89 77
5 2 85 80
5 2 83 79
7 2 82 78
6 2 80 78
3 2 79 78
5 2 79 79
7 2 79 92
1 2 89 93
1 2 79 97
1 2 78 18
7 2 78 21
1 2 86 21
3 2 85 21
2 2 84 21
7 2 81 21
8 2 81 20
6 2 79 21
4 2 79 20
8 2 78 20
5 2 82 22
1 2 78 24
8 2 78 28
5 2 86 29
5 2 84 28
3 2 84 29
3 2 83 27
3 2 84 26
8 2 80 28
7 2 79 28
3 2 78 28
5 2 78 28
7 2 78 34
4 2 83 33
5 2 78 38
3 2 82 38
4 2 87 37
5 2 82 39
4 2 78 41
7 2 80 41
2 2 79 42
5 2 78 42
1 2 78 49
6 2 80 48
6 2 85 49
2 2 84 49
1 2 87 50
1 2 84 49
1 2 82 49
4 2 80 49
4 2 78 54
3 2 86 53
6 2 80 53
3 2 84 54
4 2 78 63
4 2 81 62
6 2 78 79
3 2 78 80
6 2 79 81
6 2 78 88
3 2 78 93
5 2 78 96
4 2 83 97
8 2 86 96
2 2 80 95
7 2 84 94
8 2 84 97
8 2 80 97
7 2 81 98
3 2 84 99
2 2 79 97
4 2 77 32
5 2 78 32
3 2 82 32
5 2 85 32
5 2 77 33
2 2 77 67
7 2 85 68
3 2 86 69
8 2 79 67
8 2 84 68
6 2 85 69
1 2 84 69
5 2 77 66
6 2 83 65
4 2 79 65
2 2 80 65
7 2 77 67
8 2 80 68
5 2 84 69
7 2 83 69
4 2 77 73
6 2 77 93
3 2 76 19
7 2 81 18
2 2 80 18
6 2 79 18
1 2 76 26
2 2 76 37
4 2 76 39
7 2 79 39
1 2 78 39
8 2 76 47
3 2 76 66
7 2 76 86
1 2 76 89
6 2 81 74
7 2 77 90
3 2 75 1
5 2 80 1
4 2 79 2
5 2 79 2
4 2 81 88
1 2 75 31
6 2 75 37
8 2 75 61
1 2 84 60
4 2 88 2
6 2 87 3
8 2 75 63
7 2 76 62
2 2 79 61
4 2 87 60
7 2 75 73
1 2 82 72
2 2 76 64
7 2 75 97
6 2 78 96
2 2 75 98
8 2 76 99
2 2 74 6
8 2 82 5
7 2 88 4
7 2 86 5
4 2 82 5
5 2 79 5
1 2 81 7
6 2 74 18
5 2 77 20
8 2 74 17
1 2 85 16
7 2 74 24
6 2 74 27
7 2 75 26
2 2 82 25
2 2 76 25
3 2 74 28
6 2 74 33
1 2 74 41
3 2 81 42
2 2 77 40
5 2 74 41
6 2 74 40
3 2 76 41
7 2 74 43
5 2 79 44
3 2 74 51
6 2 84 51
3 2 85 51
7 2 84 50
4 2 83 50
7 2 80 51
8 2 78 50
2 2 87 51
3 2 74 60
3 2 74 96
1 2 74 98
7 2 73 4
2 2 75 4
6 2 79 3
5 2 73 4
6 2 75 4
4 2 77 4
1 2 80 5
7 2 75 3
5 2 78 3
3 2 78 4
1 2 73 8
8 2 77 8
4 2 73 15
4 2 82 15
1 2 81 15
6 2 80 15
5 2 74 16
4 2 78 16
7 2 77 17
3 2 76 14
5 2 86 13
6 2 75 14
3 2 73 40
6 2 74 40
7 2 75 39
5 2 85 38
2 2 75 40
1 2 74 40
8 2 73 42
3 2 73 43
7 2 76 43
1 2 78 44
4 2 76 44
5 2 76 45
7 2 75 45
7 2 80 45
8 2 73 46
1 2 78 47
4 2 77 45
3 2 77 48
1 2 76 45
3 2 73 54
4 2 80 53
2 2 78 55
7 2 73 58
4 2 85 58
3 2 80 58
1 2 78 58
1 2 80 57
6 2 80 56
4 2 76 57
3 2 73 66
3 2 77 65
2 2 73 67
8 2 76 65
4 2 74 66
6 2 74 65
8 2 74 67
6 2 73 76
5 2 78 77
1 2 77 77
8 2 76 77
4 2 73 79
4 2 77 80
8 2 82 80
1 2 79 80
5 2 78 80
2 2 77 80
2 2 74 78
2 2 73 86
6 2 73 91
7 2 73 98
6 2 74 97
5 2 74 98
1 2 79 99
6 2 78 99
5 2 72 1
1 2 76 1
7 2 72 12
3 2 77 11
7 2 83 12
6 2 72 16
4 2 74 15
1 2 72 22
1 2 87 22
5 2 76 22
1 2 77 22
8 2 72 29
3 2 72 32
2 2 72 39
8 2 73 38
3 2 72 50
3 2 77 50
8 2 80 49
1 2 79 50
1 2 73 49
2 2 73 50
8 2 83 51
6 2 72 84
5 2 80 83
4 2 73 84
6 2 78 83
7 2 72 88
2 2 80 88
7 2 78 87
8 2 77 88
1 2 71 5
5 2 75 6
7 2 79 7
1 2 74 5
1 2 75 6
7 2 74 6
6 2 71 6
2 2 71 10
3 2 83 11
1 2 76 9
1 2 75 10
3 2 71 15
7 2 71 19
7 2 76 21
2 2 71 27
4 2 71 42
4 2 71 62
2 2 73 61
5 2 71 70
6 2 82 70
5 2 78 70
8 2 77 70
4 2 73 70
6 2 74 70
6 2 86 71
5 2 81 69
7 2 79 71
2 2 72 71
2 2 71 69
8 2 78 71
4 2 78 71
4 2 71 72
7 2 82 71
2 2 74 73
1 2 83 72
6 2 75 72
5 2 71 84
1 2 72 84
7 2 78 73
4 2 81 83
5 2 73 83
3 2 79 82
8 2 78 82
7 2 70 15
5 2 70 25
5 2 77 24
8 2 76 24
3 2 70 26
2 2 75 27
6 2 75 26
1 2 73 27
6 2 70 32
7 2 79 31
1 2 71 32
3 2 81 34
5 2 70 40
5 2 72 39
3 2 70 49
6 2 72 50
2 2 72 50
7 2 71 49
4 2 71 48
8 2 78 47
2 2 77 47
6 2 76 47
6 2 79 46
1 2 70 56
8 2 77 55
3 2 70 63
8 2 76 62
3 2 73 63
5 2 70 65
7 2 73 65
5 2 70 74
6 2 70 81
7 2 77 80
1 2 73 81
2 2 77 80
6 2 70 85
1 2 70 86
8 2 70 86
3 2 69 2
7 2 81 75
8 2 75 4
5 2 75 3
8 2 73 3
4 2 73 2
1 2 69 1
2 2 69 8
6 2 69 22
1 2 72 3
1 2 69 31
4 2 72 30
3 2 73 22
5 2 69 32
8 2 69 35
6 2 69 43
5 2 69 42
7 2 69 41
1 2 69 58
8 2 72 36
4 2 70 58
1 2 73 59
7 2 83 60
8 2 76 57
5 2 76 60
5 2 75 57
2 2 72 59
3 2 81 59
6 2 80 60
1 2 80 60
8 2 80 60
2 2 69 67
6 2 71 67
2 2 69 69
5 2 69 68
8 2 69 67
4 2 69 66
8 2 71 65
3 2 75 64
4 2 69 69
2 2 69 77
3 2 69 89
1 2 68 10
8 2 71 11
4 2 79 60
7 2 78 60
6 2 70 11
8 2 76 12
4 2 68 15
4 2 72 14
6 2 68 16
7 2 68 19
5 2 71 10
3 2 68 32
2 2 71 21
7 2 71 34
3 2 68 51
5 2 78 51
4 2 68 57
6 2 72 56
3 2 74 57
4 2 73 57
3 2 68 62
1 2 71 63
5 2 75 64
4 2 70 63
6 2 68 62
7 2 70 61
8 2 68 73
3 2 78 51
4 2 71 74
3 2 73 73
2 2 70 73
8 2 79 72
2 2 78 72
7 2 80 73
3 2 77 73
2 2 68 80
5 2 73 78
7 2 68 80
7 2 70 81
5 2 70 80
2 2 68 83
8 2 71 83
3 2 68 85
8 2 68 89
2 2 74 90
2 2 67 11
6 2 73 10
3 2 76 10
4 2 80 75
2 2 67 57
3 2 67 60
1 2 67 64
3 2 67 63
2 2 70 64
4 2 70 65
1 2 68 62
5 2 68 64
5 2 67 71
8 2 67 71
2 2 77 70
5 2 73 70
1 2 72 70
2 2 72 71
3 2 67 82
1 2 68 81
5 2 67 85
2 2 69 86
5 2 68 86
6 2 68 85
4 2 69 86
4 2 75 87
8 2 71 87
2 2 67 86
2 2 67 88
2 2 66 19
5 2 68 20
5 2 72 19
2 2 72 18
5 2 71 20
7 2 70 20
7 2 68 21
2 2 67 18
6 2 66 33
1 2 78 33
8 2 76 33
7 2 67 33
4 2 70 33
8 2 71 34
2 2 79 35
4 2 67 33
4 2 71 34
5 2 69 32
6 2 68 32
4 2 66 41
2 2 66 46
3 2 70 45
3 2 74 46
7 2 69 45
5 2 71 44
5 2 69 45
4 2 69 45
3 2 66 48
2 2 70 49
2 2 66 61
8 2 68 60
4 2 69 60
1 2 67 60
3 2 69 60
2 2 67 62
4 2 66 63
2 2 66 65
6 2 67 64
4 2 66 66
7 2 66 74
5 2 71 72
2 2 71 74
5 2 77 75
2 2 75 75
8 2 75 74
4 2 74 75
5 2 71 75
1 2 70 75
8 2 66 79
7 2 69 80
6 2 68 78
3 2 70 77
8 2 71 76
4 2 70 78
8 2 69 77
6 2 69 76
1 2 69 77
7 2 68 76
5 2 68 75
3 2 66 86
8 2 71 87
1 2 70 87
5 2 69 87
3 2 69 87
8 2 66 87
3 2 66 89
2 2 66 100
1 2 68 100
1 2 65 16
6 2 65 55
2 2 76 54
4 2 73 54
8 2 76 53
7 2 75 54
8 2 65 56
8 2 70 55
3 2 65 60
5 2 65 59
2 2 66 58
7 2 65 60
7 2 65 64
8 2 65 70
1 2 66 71
8 2 69 72
6 2 65 81
8 2 65 100
1 2 64 10
7 2 71 9
6 2 71 8
5 2 71 10
4 2 67 11
3 2 68 10
2 2 70 12
2 2 68 10
3 2 64 21
3 2 67 20
4 2 64 22
7 2 64 28
4 2 70 29
4 2 68 28
5 2 64 33
5 2 64 35
7 2 69 11
3 2 72 36
5 2 66 34
7 2 64 42
1 2 65 41
4 2 67 42
3 2 65 40
8 2 64 41
1 2 64 51
4 2 64 57
2 2 67 56
1 2 75 55
4 2 73 12
5 2 73 13
4 2 67 55
3 2 66 57
7 2 64 66
1 2 64 69
1 2 67 69
6 2 71 69
2 2 74 55
4 2 70 69
8 2 64 75
3 2 64 75
5 2 63 7
4 2 65 6
1 2 64 6
3 2 63 6
2 2 63 5
7 2 64 90
2 2 76 90
8 2 71 6
8 2 69 90
2 2 63 9
3 2 69 9
5 2 70 9
3 2 71 8
8 2 69 8
8 2 67 11
5 2 65 89
8 2 63 8
8 2 63 18
7 2 68 8
5 2 63 20
2 2 65 20
6 2 63 26
6 2 68 27
4 2 70 17
8 2 68 26
7 2 68 27
7 2 70 26
3 2 67 27
7 2 63 34
3 2 63 39
2 2 63 40
8 2 63 55
2 2 63 58
1 2 63 71
4 2 69 25
2 2 63 73
6 2 63 80
1 2 63 80
1 2 64 79
5 2 64 79
3 2 63 89
4 2 62 4
2 2 64 89
7 2 66 3
3 2 69 4
5 2 68 4
6 2 67 4
2 2 65 3
8 2 70 2
8 2 72 90
6 2 79 91
3 2 74 91
8 2 63 4
4 2 65 3
4 2 66 2
7 2 62 5
1 2 62 7
7 2 62 7
2 2 70 8
8 2 62 14
8 2 65 3
4 2 64 14
6 2 62 17
7 2 62 22
4 2 66 21
7 2 62 25
4 2 62 26
8 2 68 14
2 2 69 25
8 2 68 26
1 2 66 25
3 2 65 25
5 2 65 27
7 2 66 26
3 2 62 33
8 2 62 32
8 2 62 35
4 2 62 46
3 2 67 45
6 2 70 46
7 2 65 48
2 2 65 49
7 2 70 48
8 2 69 48
8 2 67 49
7 2 64 50
2 2 62 45
5 2 69 46
7 2 64 46
6 2 63 46
3 2 62 53
8 2 63 52
8 2 71 14
7 2 70 15
6 2 66 52
1 2 71 52
7 2 63 52
2 2 62 55
7 2 62 78
3 2 66 78
1 2 62 86
8 2 62 85
3 2 61 8
7 2 61 18
1 2 61 25
7 2 61 29
2 2 61 32
7 2 66 31
1 2 61 32
3 2 61 43
3 2 61 57
8 2 61 65
6 2 61 74
5 2 67 73
8 2 63 75
1 2 61 83
1 2 67 82
1 2 65 82
3 2 68 81
4 2 67 84
2 2 61 85
8 2 61 97
2 2 61 99
6 2 68 98
8 2 73 99
6 2 72 53
5 2 71 97
5 2 72 96
7 2 63 99
8 2 62 99
4 2 61 100
4 2 71 98
2 2 60 2
3 2 75 98
3 2 60 35
4 2 64 36
5 2 67 37
4 2 68 38
7 2 67 36
2 2 67 38
1 2 67 39
8 2 66 37
5 2 68 36
7 2 66 38
4 2 60 35
7 2 63 36
7 2 64 37
2 2 62 36
6 2 63 37
5 2 62 38
1 2 63 38
7 2 60 36
2 2 60 42
4 2 62 41
6 2 60 42
8 2 60 43
1 2 60 60
6 2 62 61
4 2 64 62
7 2 63 62
2 2 61 61
2 2 60 64
3 2 61 63
1 2 60 67
3 2 63 66
4 2 73 68
1 2 68 68
1 2 66 67
8 2 65 68
2 2 67 68
5 2 66 68
3 2 65 68
5 2 63 67
4 2 65 68
8 2 62 67
6 2 60 67
6 2 60 86
1 2 60 95
2 2 62 96
7 2 68 95
3 2 77 1
6 2 67 96
8 2 77 94
1 2 68 95
6 2 60 100
8 2 59 5
2 2 59 20
3 2 59 28
3 2 64 97
4 2 59 40
5 2 59 62
3 2 59 83
7 2 59 83
2 2 65 27
5 2 60 83
1 2 59 86
1 2 59 91
6 2 64 83
5 2 59 98
1 2 58 15
5 2 66 14
8 2 58 16
6 2 58 36
5 2 69 92
3 2 58 36
5 2 58 35
2 2 58 44
2 2 63 35
2 2 58 56
6 2 58 55
3 2 61 55
6 2 62 54
8 2 65 45
7 2 65 53
4 2 65 52
4 2 58 62
7 2 58 66
5 2 57 2
1 2 58 88
4 2 61 88
3 2 64 1
7 2 60 87
5 2 60 88
7 2 58 87
5 2 57 5
1 2 59 4
7 2 61 87
4 2 57 10
8 2 62 5
4 2 58 10
5 2 60 11
2 2 57 21
7 2 57 23
4 2 70 23
5 2 61 9
8 2 61 23
2 2 65 22
1 2 62 22
2 2 57 27
2 2 60 27
3 2 57 30
7 2 62 21
5 2 62 22
7 2 62 30
1 2 61 21
3 2 61 21
4 2 57 42
5 2 57 41
8 2 64 40
6 2 57 44
1 2 64 44
3 2 57 60
1 2 57 74
8 2 65 73
2 2 64 73
3 2 65 72
6 2 63 73
5 2 64 72
5 2 57 74
6 2 57 85
3 2 57 89
5 2 67 89
6 2 63 90
6 2 70 23
5 2 67 91
2 2 66 91
6 2 60 89
8 2 57 93
4 2 71 91
4 2 69 93
1 2 72 93
3 2 57 99
5 2 59 99
1 2 59 98
3 2 56 3
4 2 56 5
2 2 56 8
7 2 56 10
4 2 56 15
1 2 61 93
5 2 74 94
6 2 62 15
4 2 58 15
5 2 58 14
4 2 56 27
6 2 57 28
7 2 56 29
2 2 60 28
1 2 57 28
4 2 57 29
1 2 67 30
2 2 56 58
6 2 61 57
1 2 56 66
2 2 56 87
2 2 56 93
4 2 68 93
3 2 66 93
6 2 58 93
4 2 70 94
1 2 64 93
6 2 56 94
4 2 55 13
2 2 56 12
5 2 55 20
7 2 55 22
6 2 56 21
5 2 63 22
3 2 63 22
8 2 56 22
4 2 59 24
2 2 59 25
3 2 56 94
5 2 55 25
5 2 59 24
1 2 63 26
4 2 55 37
4 2 63 38
6 2 59 38
3 2 58 36
8 2 68 23
7 2 55 38
4 2 55 44
4 2 56 45
4 2 61 44
2 2 66 43
2 2 57 47
1 2 67 48
8 2 62 47
7 2 59 47
1 2 62 47
1 2 56 44
7 2 62 43
2 2 55 50
5 2 62 51
8 2 60 48
8 2 55 53
5 2 59 52
2 2 67 54
5 2 68 53
1 2 66 54
8 2 60 53
2 2 65 52
2 2 61 52
3 2 63 54
3 2 61 53
5 2 60 53
6 2 55 57
5 2 57 56
6 2 59 55
7 2 57 58
3 2 55 74
4 2 65 73
4 2 55 82
7 2 59 82
4 2 64 81
2 2 55 94
6 2 55 100
1 2 54 5
6 2 57 4
5 2 59 5
3 2 57 3
7 2 58 2
7 2 57 3
4 2 56 3
8 2 54 6
7 2 63 6
7 2 54 7
4 2 54 11
8 2 56 11
6 2 56 10
6 2 64 9
5 2 67 8
3 2 62 9
5 2 55 10
4 2 60 9
2 2 60 8
7 2 59 9
3 2 60 8
8 2 59 10
6 2 54 12
5 2 59 13
3 2 54 16
8 2 54 24
3 2 54 35
7 2 56 36
1 2 57 34
7 2 54 46
2 2 54 46
5 2 59 47
3 2 58 47
4 2 66 48
4 2 57 47
8 2 55 45
5 2 54 52
6 2 60 51
8 2 66 51
3 2 60 53
6 2 58 52
2 2 62 52
2 2 54 54
4 2 54 61
1 2 54 61
6 2 54 66
4 2 55 65
5 2 54 65
4 2 60 64
7 2 59 66
4 2 58 65
1 2 57 65
7 2 55 64
6 2 55 63
3 2 54 65
5 2 54 68
1 2 61 68
6 2 63 69
7 2 62 69
8 2 55 67
8 2 57 69
8 2 59 69
2 2 58 68
7 2 54 75
2 2 65 76
7 2 54 83
4 2 57 83
3 2 55 82
8 2 63 81
5 2 54 89
3 2 61 89
8 2 56 88
5 2 59 87
6 2 53 9
3 2 57 8
1 2 56 9
7 2 53 13
2 2 68 35
8 2 60 12
1 2 54 12
1 2 53 16
5 2 58 11
6 2 53 20
2 2 54 19
8 2 55 19
8 2 63 19
2 2 61 17
4 2 60 17
6 2 54 20
3 2 61 18
8 2 53 31
4 2 58 32
8 2 53 51
7 2 58 49
1 2 58 52
6 2 57 49
8 2 57 50
8 2 53 56
2 2 53 67
8 2 53 77
8 2 64 18
5 2 62 76
3 2 62 78
1 2 63 78
6 2 61 78
7 2 62 77
4 2 61 78
5 2 60 78
6 2 54 77
1 2 61 76
8 2 55 76
6 2 55 75
6 2 55 79
6 2 60 81
4 2 57 74
7 2 56 75
4 2 53 76
1 2 53 75
5 2 58 80
6 2 59 77
6 2 57 76
5 2 53 82
4 2 53 90
4 2 66 91
3 2 53 97
7 2 61 79
2 2 52 8
5 2 52 17
7 2 59 16
2 2 58 16
3 2 59 15
4 2 52 31
6 2 57 32
6 2 61 97
7 2 62 96
1 2 60 97
5 2 61 97
7 2 57 32
2 2 63 31
5 2 52 32
6 2 53 32
7 2 52 38
7 2 54 37
5 2 54 39
8 2 52 39
5 2 52 48
4 2 53 38
8 2 55 36
7 2 55 48
1 2 52 53
8 2 57 52
7 2 59 35
1 2 59 34
3 2 53 53
5 2 52 62
5 2 56 62
4 2 57 61
8 2 55 61
3 2 52 63
7 2 52 81
5 2 58 53
2 2 56 81
6 2 52 81
8 2 52 81
3 2 52 81
6 2 51 4
2 2 52 100
6 2 64 99
3 2 63 99
1 2 62 99
5 2 53 3
2 2 52 3
7 2 51 21
1 2 51 27
7 2 52 26
1 2 58 25
7 2 57 25
1 2 56 26
7 2 51 27
3 2 55 28
7 2 56 27
8 2 54 28
5 2 56 29
5 2 62 30
8 2 51 30
5 2 54 28
5 2 51 30
1 2 55 30
4 2 51 29
2 2 51 31
3 2 59 32
3 2 51 36
5 2 51 35
6 2 56 34
1 2 51 36
1 2 52 37
4 2 51 45
6 2 56 47
6 2 51 50
3 2 52 49
2 2 57 50
1 2 51 55
1 2 51 65
4 2 51 78
8 2 51 79
8 2 58 78
2 2 50 6
5 2 51 6
6 2 50 8
2 2 60 7
7 2 50 11
8 2 50 13
8 2 54 15
5 2 51 14
5 2 50 20
8 2 56 19
8 2 50 31
2 2 52 30
3 2 51 32
1 2 54 33
1 2 50 32
1 2 50 41
2 2 58 42
3 2 56 42
2 2 53 40
8 2 53 42
7 2 55 43
5 2 50 42
5 2 51 43
6 2 51 42
7 2 51 41
7 2 55 40
2 2 50 45
1 2 50 57
8 2 56 58
1 2 55 59
1 2 62 59
1 2 50 61
6 2 50 62
5 2 50 70
8 2 54 69
7 2 53 69
7 2 53 71
2 2 59 72
3 2 54 72
6 2 59 71
3 2 59 70
7 2 59 73
3 2 58 73
3 2 56 73
2 2 50 87
8 2 57 86
6 2 54 88
5 2 51 88
4 2 55 87
1 2 56 86
7 2 53 89
5 2 56 90
4 2 59 92
8 2 63 92
6 2 55 90
2 2 52 87
5 2 55 86
6 2 53 86
3 2 50 91
1 2 51 91
5 2 54 92
4 2 53 93
2 2 50 90
1 2 57 89
8 2 51 92
6 2 50 92
5 2 49 1
7 2 51 2
6 2 55 1
1 2 54 3
7 2 53 3
7 2 49 14
6 2 49 20
8 2 49 22
6 2 49 29
3 2 50 28
3 2 49 39
8 2 53 38
3 2 51 38
6 2 56 38
5 2 59 40
4 2 58 40
7 2 58 40
1 2 51 39
7 2 50 38
6 2 49 38
5 2 50 39
7 2 49 45
2 2 58 44
6 2 54 46
3 2 51 46
7 2 53 45
6 2 49 44
8 2 49 67
4 2 52 68
4 2 54 68
8 2 50 66
2 2 57 64
4 2 50 68
3 2 53 69
2 2 50 69
7 2 49 89
1 2 48 4
8 2 49 4
2 2 53 4
3 2 52 3
6 2 49 3
3 2 48 14
1 2 48 23
6 2 48 25
5 2 48 26
2 2 48 35
8 2 51 34
4 2 48 36
2 2 49 36
8 2 48 37
4 2 48 42
6 2 48 65
5 2 49 67
2 2 48 88
3 2 48 96
4 2 51 96
8 2 59 97
4 2 58 95
8 2 63 100
3 2 58 97
2 2 57 96
4 2 57 97
4 2 53 97
8 2 53 97
1 2 52 95
4 2 47 1
8 2 47 3
7 2 47 9
4 2 48 10
6 2 47 16
4 2 50 16
4 2 48 98
7 2 55 99
7 2 53 99
2 2 51 16
4 2 60 99
4 2 53 17
8 2 54 16
1 2 54 17
1 2 54 19
1 2 56 18
4 2 47 23
7 2 50 99
4 2 54 98
4 2 49 99
8 2 49 100
2 2 47 32
1 2 47 35
8 2 60 23
6 2 47 34
7 2 47 35
1 2 47 42
4 2 47 52
5 2 48 42
8 2 47 72
6 2 52 74
4 2 47 78
7 2 50 51
7 2 49 79
8 2 47 91
1 2 50 77
1 2 47 92
8 2 50 90
3 2 49 90
1 2 48 90
1 2 50 93
4 2 51 90
3 2 47 94
4 2 46 3
3 2 46 7
7 2 46 7
1 2 47 99
3 2 49 7
6 2 53 6
3 2 52 6
6 2 47 99
5 2 46 15
8 2 47 14
2 2 46 23
2 2 48 23
4 2 47 23
2 2 51 22
8 2 46 24
4 2 46 25
6 2 54 24
8 2 54 98
8 2 52 26
3 2 51 26
8 2 46 46
5 2 47 47
5 2 48 48
7 2 46 70
2 2 46 81
2 2 45 17
1 2 50 18
4 2 55 23
2 2 54 23
6 2 45 19
8 2 45 22
1 2 47 21
7 2 45 28
6 2 45 33
5 2 50 33
5 2 60 34
2 2 46 33
3 2 45 39
1 2 57 40
8 2 55 40
7 2 48 40
4 2 45 41
2 2 47 41
3 2 45 46
3 2 51 46
5 2 47 46
1 2 46 46
4 2 48 45
2 2 45 51
8 2 50 50
1 2 46 51
5 2 49 53
2 2 56 54
7 2 51 54
8 2 50 54
3 2 52 55
6 2 56 55
3 2 45 51
8 2 47 53
4 2 45 59
1 2 45 62
5 2 57 62
6 2 51 62
3 2 51 61
2 2 45 90
7 2 47 90
3 2 55 91
8 2 47 90
4 2 47 91
5 2 45 91
4 2 44 21
3 2 47 20
5 2 46 20
1 2 45 22
4 2 44 24
6 2 44 27
6 2 50 28
1 2 45 26
6 2 48 26
3 2 47 25
8 2 44 28
2 2 48 26
3 2 48 25
2 2 46 28
5 2 44 31
7 2 50 30
3 2 44 34
4 2 46 34
7 2 47 33
6 2 44 42
7 2 44 43
6 2 44 96
1 2 51 96
7 2 51 96
7 2 48 95
4 2 49 94
8 2 43 6
7 2 50 7
6 2 44 7
8 2 49 8
5 2 43 17
7 2 48 17
1 2 46 16
1 2 43 21
5 2 44 22
3 2 43 22
7 2 43 21
4 2 43 27
1 2 44 28
2 2 43 29
1 2 43 32
7 2 43 40
4 2 46 39
7 2 48 38
6 2 45 40
8 2 43 47
5 2 43 60
4 2 52 59
4 2 50 59
6 2 49 59
6 2 45 59
2 2 53 16
2 2 43 66
7 2 48 67
3 2 46 65
7 2 49 64
4 2 51 63
5 2 50 63
7 2 45 65
8 2 47 64
6 2 47 65
5 2 43 71
2 2 43 87
1 2 49 87
3 2 49 86
1 2 52 85
1 2 54 84
7 2 43 92
1 2 45 94
5 2 53 94
8 2 52 95
3 2 48 93
1 2 43 100
2 2 42 15
7 2 53 14
6 2 46 16
1 2 51 17
3 2 45 16
7 2 50 17
5 2 49 15
2 2 45 17
5 2 49 17
6 2 50 18
8 2 49 17
8 2 42 40
2 2 42 46
2 2 46 45
8 2 42 52
8 2 44 52
4 2 47 51
5 2 43 52
1 2 48 52
3 2 47 52
7 2 44 51
6 2 43 51
8 2 44 50
3 2 55 59
7 2 50 49
2 2 42 52
4 2 42 53
3 2 42 65
7 2 42 70
7 2 44 49
6 2 44 70
6 2 42 72
5 2 43 50
5 2 55 73
3 2 47 49
2 2 44 50
5 2 45 49
4 2 53 48
1 2 43 73
5 2 54 49
6 2 49 75
5 2 47 73
6 2 42 77
2 2 47 78
5 2 47 77
3 2 52 76
6 2 46 77
1 2 46 79
4 2 45 76
8 2 46 75
5 2 42 87
3 2 42 92
8 2 41 8
1 2 47 9
4 2 46 7
6 2 41 21
4 2 41 26
7 2 43 27
2 2 41 31
7 2 41 37
7 2 44 36
3 2 45 37
5 2 46 38
3 2 43 36
6 2 43 36
6 2 41 42
4 2 44 44
2 2 43 41
3 2 42 43
1 2 41 44
1 2 46 44
8 2 41 47
6 2 41 48
1 2 41 58
8 2 55 57
5 2 52 57
3 2 54 56
5 2 50 58
4 2 51 57
8 2 49 57
5 2 44 57
7 2 43 58
3 2 45 57
5 2 49 56
8 2 52 55
4 2 44 57
8 2 41 59
4 2 56 59
5 2 48 60
5 2 46 59
3 2 41 59
2 2 49 60
1 2 41 60
5 2 41 64
4 2 46 63
7 2 41 76
2 2 47 77
3 2 46 78
3 2 41 87
8 2 44 86
4 2 48 86
1 2 41 89
2 2 40 8
8 2 40 16
3 2 40 23
4 2 42 23
2 2 40 29
7 2 40 43
8 2 43 43
3 2 44 44
7 2 42 44
8 2 41 44
3 2 40 54
7 2 40 58
8 2 41 58
6 2 40 59
6 2 46 60
5 2 40 77
8 2 40 85
4 2 43 83
4 2 46 83
7 2 40 92
8 2 44 93
2 2 44 94
6 2 46 95
5 2 45 95
4 2 39 5
5 2 39 8
2 2 39 10
4 2 54 11
6 2 44 10
7 2 53 10
4 2 50 10
1 2 46 10
5 2 50 11
6 2 46 11
2 2 42 10
5 2 51 9
7 2 41 11
4 2 39 12
1 2 57 72
5 2 49 12
1 2 42 12
7 2 42 13
4 2 48 12
8 2 41 13
2 2 44 13
7 2 39 15
5 2 39 15
3 2 39 16
5 2 40 17
3 2 47 18
5 2 41 14
8 2 41 18
7 2 39 26
8 2 40 16
3 2 39 36
8 2 41 25
7 2 42 26
7 2 39 39
7 2 41 40
3 2 41 41
8 2 41 41
5 2 39 38
6 2 40 39
4 2 39 59
2 2 39 61
3 2 39 60
4 2 39 80
1 2 51 79
7 2 50 81
6 2 45 36
5 2 39 82
1 2 47 83
8 2 45 83
8 2 53 79
4 2 46 82
4 2 46 84
5 2 47 84
2 2 44 84
1 2 39 85
1 2 38 16
4 2 38 17
6 2 38 25
5 2 39 26
4 2 39 85
4 2 45 83
2 2 40 25
8 2 40 24
7 2 39 25
1 2 39 24
6 2 39 23
2 2 40 23
8 2 38 25
8 2 38 27
6 2 38 34
6 2 38 41
6 2 38 57
2 2 44 56
7 2 46 55
3 2 46 55
2 2 40 56
7 2 44 55
2 2 43 55
1 2 46 84
2 2 45 84
1 2 44 84
6 2 43 56
3 2 38 63
2 2 38 63
1 2 40 63
4 2 43 64
6 2 38 70
4 2 44 62
7 2 44 69
5 2 38 76
3 2 40 75
2 2 39 70
1 2 46 77
2 2 39 75
6 2 40 74
5 2 48 73
6 2 47 73
6 2 50 69
6 2 48 72
4 2 38 77
3 2 40 73
7 2 39 73
8 2 42 79
2 2 39 79
3 2 38 87
7 2 39 86
2 2 39 87
8 2 46 88
4 2 45 88
6 2 39 86
8 2 45 85
3 2 44 85
5 2 37 4
2 2 37 10
7 2 37 14
3 2 44 14
3 2 41 13
5 2 48 72
2 2 43 14
3 2 53 12
6 2 39 14
3 2 42 13
1 2 54 13
7 2 37 25
6 2 37 39
4 2 37 38
4 2 38 14
3 2 37 39
1 2 37 38
2 2 37 49
8 2 37 48
3 2 40 49
8 2 38 50
1 2 42 50
3 2 37 66
6 2 45 47
7 2 37 75
5 2 37 95
4 2 56 94
2 2 55 95
4 2 46 67
6 2 37 97
4 2 44 97
2 2 54 98
5 2 53 98
2 2 40 96
4 2 36 13
6 2 46 96
2 2 39 12
8 2 38 14
1 2 36 20
6 2 42 19
6 2 48 12
5 2 52 18
4 2 41 21
1 2 41 20
6 2 38 19
4 2 52 18
8 2 41 19
8 2 40 20
6 2 36 27
5 2 36 37
4 2 38 36
6 2 37 36
4 2 41 35
5 2 43 34
5 2 42 35
3 2 41 36
2 2 37 37
7 2 36 42
2 2 39 42
5 2 42 43
4 2 36 47
5 2 38 48
1 2 37 46
6 2 36 46
6 2 39 46
7 2 38 47
7 2 37 45
5 2 41 46
8 2 36 45
1 2 36 46
8 2 36 64
6 2 36 64
8 2 39 63
1 2 41 64
6 2 36 74
6 2 48 73
3 2 47 73
5 2 36 80
2 2 47 79
4 2 46 80
6 2 49 80
3 2 48 80
5 2 46 81
3 2 36 92
6 2 38 92
5 2 40 93
4 2 37 92
8 2 51 91
5 2 47 91
2 2 36 94
5 2 55 12
8 2 54 12
5 2 35 3
8 2 35 10
5 2 42 9
4 2 36 9
2 2 35 23
6 2 35 22
3 2 35 32
3 2 40 32
4 2 35 33
6 2 42 33
3 2 43 32
2 2 42 33
3 2 35 37
6 2 35 48
7 2 36 47
3 2 35 55
4 2 41 55
5 2 42 55
5 2 45 54
6 2 40 54
3 2 46 54
8 2 38 55
4 2 38 56
4 2 36 55
7 2 37 54
5 2 35 54
2 2 35 70
1 2 38 69
2 2 44 70
7 2 38 69
4 2 35 87
1 2 38 88
7 2 39 90
3 2 50 91
6 2 37 88
6 2 35 92
1 2 36 93
5 2 39 94
8 2 35 93
8 2 35 97
5 2 38 98
5 2 40 96
4 2 40 100
5 2 34 1
1 2 34 13
1 2 36 13
7 2 36 14
1 2 38 12
7 2 34 16
3 2 34 24
7 2 34 30
2 2 35 100
5 2 34 30
3 2 37 30
4 2 35 30
1 2 34 30
6 2 34 31
3 2 43 29
7 2 34 43
3 2 34 63
5 2 36 32
3 2 34 73
2 2 37 72
4 2 34 75
6 2 34 79
7 2 38 63
1 2 38 64
6 2 38 79
7 2 37 79
6 2 40 81
6 2 38 80
8 2 43 62
8 2 35 79
1 2 45 80
7 2 34 78
3 2 34 83
6 2 34 99
4 2 39 97
4 2 37 98
2 2 36 81
2 2 38 97
1 2 35 98
6 2 41 98
3 2 35 97
8 2 33 3
7 2 33 5
6 2 41 6
6 2 42 81
4 2 42 81
5 2 42 82
7 2 42 83
4 2 43 7
6 2 42 84
5 2 33 22
4 2 33 23
8 2 33 30
7 2 33 33
2 2 41 33
1 2 40 32
6 2 33 39
7 2 33 59
8 2 33 63
4 2 37 62
4 2 34 65
5 2 38 21
8 2 33 73
2 2 34 73
4 2 33 78
5 2 33 77
3 2 33 80
2 2 33 79
3 2 38 67
4 2 40 80
2 2 33 86
4 2 33 90
4 2 40 89
1 2 42 68
1 2 41 91
5 2 39 89
3 2 32 15
8 2 32 23
4 2 36 22
6 2 32 24
4 2 32 36
1 2 34 38
4 2 32 46
8 2 32 49
4 2 32 66
6 2 34 65
4 2 32 71
7 2 38 89
1 2 35 70
7 2 32 71
2 2 32 70
6 2 32 81
6 2 33 70
6 2 33 82
3 2 37 84
6 2 39 69
8 2 42 68
4 2 41 85
7 2 38 84
7 2 32 80
3 2 32 86
6 2 32 85
5 2 32 95
5 2 58 95
6 2 53 94
8 2 44 70
8 2 37 96
8 2 34 95
1 2 31 2
3 2 37 2
7 2 45 1
6 2 43 1
7 2 32 2
1 2 36 3
5 2 42 5
1 2 41 6
4 2 43 5
7 2 42 6
3 2 42 7
2 2 41 7
4 2 41 7
1 2 34 3
6 2 35 4
2 2 36 5
4 2 35 5
6 2 33 3
1 2 31 27
7 2 37 27
7 2 31 28
6 2 33 29
2 2 31 30
8 2 37 30
5 2 40 30
8 2 39 29
3 2 39 30
4 2 39 31
8 2 31 41
2 2 33 40
7 2 35 39
3 2 35 38
4 2 31 50
8 2 32 52
3 2 31 68
7 2 31 74
4 2 42 73
2 2 32 75
1 2 31 81
3 2 32 81
8 2 31 88
5 2 31 90
3 2 31 91
6 2 33 91
2 2 31 98
2 2 33 97
4 2 31 99
3 2 37 99
3 2 33 100
3 2 30 5
8 2 36 6
2 2 30 26
4 2 30 27
7 2 30 36
8 2 32 35
2 2 38 34
3 2 40 33
1 2 32 37
8 2 34 38
2 2 32 38
7 2 30 56
1 2 43 56
8 2 36 56
3 2 41 57
6 2 35 55
2 2 35 54
3 2 34 54
8 2 32 56
6 2 30 63
7 2 30 64
7 2 33 63
2 2 35 62
5 2 34 62
2 2 30 67
1 2 33 66
7 2 39 67
2 2 30 84
8 2 34 84
5 2 30 84
4 2 29 38
6 2 30 38
5 2 29 39
2 2 35 40
3 2 37 42
7 2 29 45
3 2 33 45
5 2 32 44
1 2 40 43
5 2 36 43
3 2 31 45
7 2 29 67
2 2 41 68
8 2 30 66
6 2 33 67
2 2 32 65
1 2 32 67
2 2 36 68
6 2 31 67
1 2 29 69
3 2 38 68
5 2 30 68
4 2 28 17
5 2 33 18
5 2 36 17
7 2 28 19
4 2 35 18
3 2 42 19
2 2 40 19
8 2 40 18
7 2 29 20
3 2 30 19
5 2 34 18
2 2 35 17
2 2 33 21
1 2 32 18
2 2 32 19
4 2 29 19
7 2 37 18
2 2 29 20
7 2 42 21
6 2 41 22
5 2 30 21
3 2 28 22
1 2 28 21
6 2 28 23
1 2 28 29
4 2 29 29
7 2 33 28
6 2 32 29
7 2 28 30
5 2 28 36
8 2 33 35
3 2 28 35
4 2 30 34
4 2 28 50
8 2 31 50
1 2 31 51
2 2 38 52
7 2 37 50
5 2 33 52
4 2 32 53
6 2 37 52
7 2 30 50
3 2 29 50
3 2 40 49
2 2 34 49
3 2 28 64
6 2 33 63
6 2 28 65
3 2 28 90
7 2 27 1
4 2 27 14
1 2 46 12
6 2 37 13
2 2 31 13
5 2 31 15
8 2 35 15
1 2 34 15
5 2 29 13
2 2 40 12
7 2 30 14
8 2 29 12
2 2 27 16
3 2 32 15
2 2 31 16
1 2 27 17
5 2 27 19
6 2 27 20
2 2 27 35
3 2 27 46
1 2 27 48
6 2 32 47
5 2 27 52
1 2 28 54
2 2 27 59
3 2 30 58
8 2 46 59
6 2 27 58
6 2 27 67
5 2 33 68
8 2 32 68
6 2 27 72
7 2 29 73
2 2 30 74
5 2 27 72
1 2 42 71
4 2 32 72
3 2 35 72
4 2 34 71
3 2 38 71
1 2 27 79
3 2 27 79
8 2 28 79
3 2 29 81
5 2 31 81
8 2 31 81
5 2 26 3
3 2 30 3
8 2 30 3
6 2 31 2
6 2 28 3
2 2 30 5
4 2 28 2
3 2 30 2
4 2 50 95
8 2 37 1
5 2 36 1
2 2 29 1
6 2 28 1
3 2 26 14
3 2 26 16
2 2 26 25
1 2 29 24
4 2 37 25
8 2 26 29
5 2 26 42
1 2 34 41
5 2 32 41
1 2 26 54
2 2 26 71
2 2 29 70
4 2 36 70
4 2 26 73
5 2 28 73
4 2 28 74
2 2 37 75
7 2 37 76
3 2 35 75
8 2 29 73
6 2 28 73
4 2 34 74
8 2 35 75
3 2 26 84
7 2 37 85
1 2 26 83
5 2 26 87
7 2 30 86
4 2 30 87
3 2 36 88
1 2 34 88
8 2 31 88
5 2 37 88
6 2 29 87
2 2 34 87
7 2 29 88
8 2 26 87
7 2 26 87
8 2 32 88
1 2 31 88
3 2 27 86
4 2 26 89
4 2 30 88
2 2 26 89
6 2 28 88
8 2 27 88
1 2 26 96
6 2 33 97
8 2 33 98
8 2 36 99
1 2 31 97
7 2 25 6
6 2 37 6
6 2 42 7
4 2 36 7
6 2 33 6
6 2 30 7
2 2 34 8
2 2 32 7
6 2 35 8
7 2 31 7
5 2 25 10
6 2 35 10
8 2 32 9
4 2 25 18
8 2 25 20
4 2 25 38
3 2 25 53
1 2 34 52
5 2 30 52
6 2 29 53
2 2 25 64
1 2 27 65
5 2 25 66
4 2 25 86
3 2 32 85
4 2 31 85
3 2 25 94
3 2 30 94
6 2 31 93
1 2 35 94
4 2 28 93
5 2 28 92
2 2 25 96
5 2 24 1
7 2 24 13
4 2 38 12
6 2 24 17
5 2 24 18
6 2 25 17
7 2 24 37
1 2 24 39
6 2 42 39
6 2 24 54
7 2 28 53
6 2 24 63
1 2 35 61
6 2 29 62
5 2 37 61
8 2 37 61
4 2 35 61
6 2 45 60
6 2 34 61
7 2 38 60
1 2 28 62
2 2 33 61
2 2 29 61
3 2 28 61
8 2 29 60
5 2 24 64
4 2 24 91
8 2 26 90
3 2 25 90
8 2 28 91
8 2 25 92
6 2 24 92
1 2 25 91
6 2 39 92
1 2 26 92
7 2 25 92
7 2 24 99
4 2 23 13
7 2 25 12
7 2 43 11
6 2 24 13
2 2 41 12
5 2 24 13
7 2 23 22
8 2 23 33
4 2 33 32
1 2 32 32
5 2 34 31
8 2 23 48
5 2 23 55
1 2 23 56
5 2 25 56
8 2 34 56
6 2 23 59
5 2 25 58
7 2 34 57
7 2 31 59
1 2 39 59
7 2 38 58
1 2 24 58
2 2 24 57
5 2 23 58
2 2 30 58
4 2 27 57
7 2 23 65
5 2 23 78
4 2 35 77
4 2 23 87
6 2 25 88
5 2 23 97
4 2 27 96
5 2 49 1
8 2 22 19
4 2 28 20
3 2 24 19
4 2 30 20
7 2 27 20
6 2 22 34
8 2 34 34
7 2 33 35
3 2 31 33
3 2 29 34
1 2 25 34
6 2 30 34
8 2 27 34
8 2 30 33
7 2 33 32
7 2 24 34
7 2 28 33
5 2 24 34
4 2 22 46
5 2 26 46
2 2 29 47
6 2 22 84
3 2 22 83
7 2 26 82
4 2 25 82
1 2 30 81
3 2 22 88
7 2 21 21
4 2 24 22
1 2 27 23
1 2 23 20
8 2 21 23
5 2 28 24
5 2 32 25
3 2 27 24
4 2 24 24
4 2 25 24
8 2 21 31
2 2 25 30
5 2 24 31
2 2 22 30
3 2 22 31
1 2 27 33
4 2 21 30
6 2 25 29
7 2 22 29
3 2 24 31
6 2 21 38
3 2 23 38
3 2 25 37
5 2 28 36
8 2 21 62
1 2 21 68
8 2 21 72
3 2 34 71
7 2 33 71
8 2 32 71
3 2 31 71
2 2 27 71
6 2 23 71
6 2 27 70
4 2 21 75
7 2 25 76
8 2 23 74
5 2 21 76
8 2 26 77
6 2 26 78
6 2 24 77
1 2 22 77
1 2 25 76
6 2 21 78
2 2 21 99
1 2 22 98
2 2 34 99
7 2 31 99
7 2 29 99
1 2 28 99
2 2 29 98
1 2 26 99
6 2 20 7
8 2 34 8
2 2 29 8
4 2 26 8
1 2 25 6
7 2 27 5
2 2 35 5
8 2 31 4
4 2 25 5
4 2 30 4
6 2 26 6
3 2 27 7
1 2 31 8
6 2 29 8
3 2 28 9
4 2 38 9
8 2 27 8
7 2 30 9
4 2 20 19
7 2 31 18
8 2 20 21
4 2 20 33
7 2 20 35
2 2 21 35
4 2 26 34
6 2 25 34
1 2 21 36
8 2 26 35
1 2 25 35
1 2 24 36
7 2 23 36
2 2 21 36
7 2 20 46
3 2 20 46
4 2 20 76
8 2 26 75
3 2 25 76
4 2 20 95
2 2 27 94
5 2 19 1
5 2 19 3
8 2 24 1
2 2 20 3
6 2 19 25
7 2 19 24
6 2 22 26
4 2 23 26
3 2 25 28
2 2 24 23
7 2 20 25
2 2 21 26
3 2 19 43
3 2 29 43
4 2 27 42
2 2 29 43
4 2 30 42
3 2 30 41
2 2 30 44
7 2 28 43
3 2 20 24
5 2 19 46
7 2 19 62
6 2 20 42
6 2 23 63
2 2 19 93
1 2 26 43
1 2 29 93
2 2 22 93
8 2 18 4
1 2 18 3
2 2 18 26
4 2 29 28
4 2 31 27
1 2 18 25
3 2 19 26
7 2 18 27
2 2 18 59
2 2 23 60
6 2 18 60
4 2 21 59
5 2 26 57
5 2 18 77
4 2 23 76
8 2 34 75
1 2 26 76
6 2 26 77
8 2 20 78
2 2 19 77
1 2 18 97
7 2 19 98
4 2 20 97
4 2 18 96
8 2 35 44
5 2 20 95
7 2 17 1
1 2 17 44
5 2 17 57
2 2 17 56
1 2 29 57
2 2 28 57
7 2 17 57
1 2 17 61
8 2 23 60
1 2 23 61
5 2 21 60
4 2 19 60
8 2 17 62
1 2 18 61
7 2 17 69
8 2 17 69
3 2 22 70
1 2 26 71
6 2 21 70
7 2 24 69
2 2 23 69
7 2 27 68
7 2 21 71
7 2 27 71
5 2 22 70
4 2 21 71
4 2 17 74
2 2 19 73
3 2 19 75
2 2 20 76
7 2 18 75
5 2 17 81
5 2 24 81
6 2 21 81
1 2 21 80
6 2 22 80
1 2 17 84
8 2 22 83
2 2 24 83
5 2 24 84
7 2 23 83
6 2 23 82
5 2 22 82
7 2 22 85
5 2 21 85
3 2 20 86
4 2 19 85
1 2 16 4
8 2 21 5
4 2 20 6
6 2 21 5
5 2 33 4
2 2 20 5
8 2 25 6
7 2 17 6
5 2 20 6
8 2 17 6
6 2 21 7
1 2 17 6
1 2 18 5
4 2 17 7
2 2 20 8
7 2 25 8
6 2 26 9
1 2 38 10
5 2 37 11
5 2 31 10
4 2 30 10
8 2 29 10
1 2 24 8
6 2 20 8
7 2 18 8
4 2 16 12
5 2 25 12
1 2 24 12
7 2 16 24
5 2 24 23
5 2 17 24
6 2 16 43
7 2 16 47
1 2 28 48
6 2 16 57
3 2 20 58
8 2 16 58
7 2 24 57
1 2 19 57
6 2 25 56
2 2 16 74
1 2 20 72
8 2 20 71
3 2 19 73
7 2 16 79
4 2 20 78
4 2 18 79
5 2 20 80
8 2 16 90
3 2 15 1
8 2 22 3
8 2 15 2
1 2 16 1
3 2 15 15
4 2 20 16
8 2 24 16
8 2 15 24
6 2 17 24
3 2 15 29
7 2 15 38
8 2 24 37
1 2 24 38
2 2 23 37
5 2 21 38
2 2 21 39
6 2 20 37
8 2 20 36
5 2 19 37
5 2 17 39
2 2 33 39
1 2 15 39
1 2 28 40
1 2 17 38
3 2 19 37
3 2 16 38
2 2 15 43
2 2 26 44
3 2 25 44
6 2 23 42
4 2 24 43
2 2 19 42
3 2 23 43
4 2 15 44
5 2 15 45
2 2 15 49
6 2 29 50
4 2 25 50
4 2 32 50
5 2 22 50
8 2 33 51
3 2 23 51
8 2 15 55
8 2 21 55
4 2 26 54
8 2 27 53
1 2 25 55
3 2 15 63
5 2 21 63
2 2 20 63
1 2 15 65
8 2 15 66
3 2 23 67
3 2 21 67
4 2 20 67
1 2 15 69
2 2 15 70
5 2 19 69
5 2 17 69
7 2 15 69
1 2 18 70
6 2 18 71
4 2 17 68
4 2 24 67
8 2 17 70
7 2 15 80
6 2 16 79
7 2 19 80
3 2 15 80
5 2 17 80
3 2 15 84
6 2 17 83
4 2 17 83
4 2 32 83
7 2 18 82
2 2 17 84
2 2 19 84
1 2 18 84
3 2 16 84
7 2 15 90
5 2 22 90
4 2 20 89
1 2 16 89
8 2 14 26
5 2 14 38
6 2 14 49
1 2 18 50
2 2 19 51
2 2 17 48
5 2 17 50
3 2 20 49
3 2 23 50
8 2 25 51
2 2 24 51
5 2 19 50
8 2 18 50
6 2 19 49
4 2 18 49
8 2 33 48
1 2 18 50
1 2 14 58
7 2 14 60
7 2 18 61
6 2 15 59
6 2 14 82
2 2 15 81
7 2 15 80
2 2 16 81
3 2 27 82
1 2 17 82
4 2 15 82
6 2 14 84
2 2 20 86
2 2 18 85
1 2 19 85
5 2 15 83
8 2 15 82
5 2 14 82
1 2 14 88
3 2 13 12
3 2 22 11
5 2 26 11
2 2 26 10
7 2 13 18
2 2 18 19
5 2 14 17
1 2 19 16
3 2 21 15
6 2 22 14
8 2 23 13
5 2 19 17
1 2 18 18
2 2 16 18
1 2 13 68
5 2 14 67
5 2 19 66
3 2 20 67
7 2 13 79
8 2 15 78
8 2 13 79
5 2 13 89
3 2 19 89
4 2 20 90
2 2 16 89
6 2 15 89
3 2 13 93
3 2 19 94
8 2 13 98
8 2 18 94
5 2 17 97
6 2 21 99
8 2 12 2
5 2 15 3
6 2 12 16
4 2 21 15
6 2 14 17
7 2 19 16
5 2 18 17
2 2 18 18
8 2 12 51
4 2 20 53
6 2 19 53
3 2 23 99
6 2 12 52
1 2 19 51
7 2 15 52
7 2 17 50
8 2 12 87
2 2 12 91
6 2 12 94
4 2 12 96
7 2 12 97
1 2 16 93
6 2 19 96
3 2 11 14
2 2 11 13
5 2 17 12
3 2 24 11
7 2 14 14
4 2 11 37
1 2 17 36
7 2 14 39
4 2 22 40
4 2 13 40
7 2 22 40
4 2 26 40
6 2 11 54
1 2 22 53
8 2 21 53
4 2 20 53
7 2 25 52
8 2 19 53
1 2 12 54
7 2 23 54
3 2 12 55
3 2 15 56
2 2 14 57
7 2 11 64
1 2 11 63
2 2 12 63
2 2 14 62
1 2 14 63
3 2 11 62
7 2 13 62
3 2 11 74
7 2 12 74
2 2 11 73
1 2 18 74
5 2 17 74
8 2 27 73
4 2 11 76
5 2 19 75
6 2 16 76
1 2 14 76
4 2 11 88
7 2 25 87
3 2 12 89
7 2 11 89
7 2 12 89
5 2 10 14
6 2 10 16
4 2 10 79
2 2 15 77
8 2 10 82
5 2 10 99
4 2 27 99
3 2 16 99
2 2 9 7
5 2 15 6
2 2 11 7
2 2 15 6
4 2 9 13
2 2 13 12
2 2 9 22
6 2 13 22
6 2 19 21
1 2 19 20
7 2 19 22
7 2 10 24
5 2 9 24
3 2 9 30
7 2 22 31
2 2 12 32
7 2 24 32
6 2 24 32
4 2 23 32
8 2 12 31
2 2 17 32
3 2 12 30
3 2 27 28
2 2 26 29
6 2 12 29
7 2 11 30
1 2 15 29
6 2 14 29
3 2 14 30
1 2 9 29
4 2 21 28
4 2 9 35
4 2 17 35
3 2 14 34
5 2 14 36
6 2 15 36
2 2 14 36
5 2 13 34
7 2 14 34
1 2 18 34
5 2 17 34
8 2 16 34
3 2 16 35
1 2 9 36
5 2 9 42
1 2 13 43
7 2 14 42
5 2 11 42
2 2 20 41
3 2 19 41
7 2 9 43
6 2 25 44
4 2 14 42
1 2 9 52
5 2 20 51
8 2 16 52
8 2 18 51
7 2 16 52
3 2 17 51
4 2 16 51
2 2 10 53
6 2 12 52
8 2 11 53
2 2 9 51
5 2 11 52
5 2 9 52
4 2 10 51
4 2 13 50
4 2 11 51
3 2 11 50
2 2 10 50
1 2 9 52
6 2 9 51
1 2 9 68
3 2 9 77
7 2 9 98
4 2 16 99
5 2 17 99
7 2 10 99
1 2 8 23
2 2 16 23
5 2 8 31
3 2 8 58
2 2 15 59
7 2 14 59
5 2 13 57
4 2 10 57
6 2 8 74
6 2 15 73
6 2 8 91
7 2 15 90
3 2 14 91
2 2 22 92
7 2 21 92
5 2 11 93
6 2 26 94
4 2 25 94
5 2 24 95
8 2 10 93
8 2 13 93
5 2 17 92
6 2 16 92
3 2 16 93
3 2 13 92
6 2 13 94
4 2 12 92
7 2 12 93
8 2 19 94
6 2 23 95
1 2 12 93
7 2 14 93
7 2 8 95
3 2 7 10
1 2 14 12
6 2 14 12
2 2 13 9
3 2 15 10
2 2 21 9
8 2 13 12
6 2 11 9
8 2 14 8
3 2 13 8
6 2 12 8
6 2 8 11
5 2 7 13
2 2 17 15
2 2 8 15
1 2 7 17
6 2 7 19
5 2 10 19
6 2 12 20
5 2 13 19
8 2 15 18
5 2 11 18
4 2 10 18
4 2 11 18
1 2 10 18
7 2 12 18
8 2 11 17
4 2 10 18
3 2 11 19
8 2 9 18
5 2 16 19
6 2 21 20
8 2 18 20
3 2 18 20
4 2 17 20
1 2 15 19
5 2 14 19
6 2 9 19
7 2 14 20
5 2 7 32
3 2 7 36
6 2 8 36
7 2 7 36
7 2 13 37
5 2 12 37
2 2 7 39
2 2 12 39
6 2 8 39
8 2 7 44
2 2 11 44
2 2 18 44
3 2 15 46
2 2 17 46
2 2 14 46
2 2 22 46
1 2 21 47
3 2 10 43
3 2 18 44
3 2 13 42
4 2 7 64
4 2 12 63
8 2 7 83
1 2 7 94
6 2 13 95
8 2 7 97
7 2 7 99
3 2 6 14
2 2 10 13
5 2 10 12
5 2 10 95
4 2 11 94
7 2 6 19
4 2 6 30
1 2 12 11
4 2 11 12
6 2 6 37
4 2 6 36
1 2 9 37
8 2 7 38
6 2 7 37
4 2 6 45
8 2 17 29
6 2 14 44
3 2 6 65
5 2 10 65
2 2 9 66
3 2 8 66
1 2 17 44
4 2 17 66
1 2 11 66
8 2 16 66
7 2 13 66
8 2 12 67
3 2 11 68
5 2 6 65
2 2 11 66
5 2 6 75
1 2 6 74
5 2 10 72
2 2 11 71
5 2 6 88
2 2 10 87
1 2 11 86
3 2 7 89
1 2 6 88
8 2 7 90
3 2 10 90
8 2 9 90
5 2 10 91
5 2 11 87
2 2 11 92
8 2 10 88
7 2 14 87
7 2 9 91
2 2 8 91
1 2 6 96
2 2 5 18
4 2 8 17
7 2 16 85
6 2 15 85
7 2 5 45
8 2 12 45
7 2 14 44
8 2 13 45
5 2 11 45
6 2 14 44
8 2 5 45
4 2 5 49
3 2 14 48
3 2 7 49
1 2 10 49
8 2 14 48
5 2 9 50
6 2 6 49
4 2 8 51
7 2 5 49
3 2 9 48
2 2 12 47
8 2 13 48
1 2 18 16
6 2 8 49
3 2 5 49
4 2 11 48
6 2 11 47
4 2 13 46
5 2 20 46
8 2 5 63
6 2 6 62
7 2 12 47
8 2 11 47
7 2 5 82
6 2 6 82
4 2 11 81
2 2 11 83
6 2 10 81
7 2 5 88
1 2 13 64
3 2 12 64
2 2 4 2
1 2 8 1
8 2 17 2
5 2 17 2
2 2 16 2
8 2 13 2
7 2 13 1
8 2 17 87
6 2 11 1
2 2 7 1
8 2 7 1
6 2 4 14
8 2 15 13
4 2 12 15
8 2 7 13
7 2 6 13
8 2 5 12
3 2 6 13
2 2 5 14
5 2 4 12
1 2 4 19
6 2 11 20
7 2 8 20
3 2 17 21
6 2 4 26
2 2 14 27
2 2 12 26
1 2 4 28
7 2 10 27
6 2 18 2
1 2 22 3
4 2 20 26
2 2 19 27
8 2 17 2
1 2 9 27
7 2 9 26
7 2 15 25
6 2 14 27
3 2 6 27
8 2 9 26
3 2 15 25
1 2 14 25
4 2 7 28
7 2 6 29
2 2 20 30
8 2 4 27
1 2 10 26
8 2 9 27
8 2 4 32
2 2 6 32
5 2 9 32
1 2 9 33
2 2 9 34
5 2 4 42
5 2 16 41
4 2 4 41
4 2 16 40
6 2 4 43
7 2 4 56
6 2 8 55
3 2 7 56
2 2 10 58
2 2 6 56
2 2 8 57
1 2 7 55
7 2 6 56
1 2 6 56
8 2 7 58
1 2 7 58
4 2 8 60
8 2 6 56
6 2 6 57
6 2 4 55
3 2 5 54
4 2 5 57
6 2 4 94
6 2 9 93
8 2 5 94
2 2 6 94
3 2 15 94
8 2 29 95
2 2 28 96
7 2 11 94
4 2 12 94
1 2 27 95
2 2 10 94
1 2 3 1
5 2 15 1
3 2 14 1
4 2 3 12
7 2 3 26
4 2 3 31
8 2 5 30
3 2 5 29
1 2 3 42
7 2 12 41
8 2 12 40
6 2 12 41
3 2 21 40
4 2 7 41
2 2 18 40
1 2 11 40
1 2 8 40
7 2 3 49
1 2 3 76
2 2 10 77
2 2 8 77
1 2 7 77
1 2 13 77
4 2 3 75
7 2 7 76
1 2 3 83
3 2 7 81
6 2 7 80
2 2 9 79
3 2 3 86
4 2 9 85
7 2 8 85
2 2 8 85
8 2 13 84
6 2 3 89
1 2 2 12
6 2 2 24
3 2 5 25
4 2 4 23
5 2 15 22
7 2 14 23
1 2 11 22
8 2 10 22
6 2 9 23
5 2 4 26
3 2 2 30
6 2 15 30
1 2 6 29
2 2 3 30
7 2 3 30
4 2 2 37
4 2 2 40
3 2 5 42
7 2 4 42
5 2 9 41
6 2 14 40
6 2 3 41
2 2 12 40
3 2 11 40
6 2 6 40
3 2 2 52
1 2 4 51
2 2 4 53
1 2 4 53
2 2 3 51
8 2 3 52
3 2 6 54
2 2 2 61
4 2 2 64
1 2 5 65
8 2 11 65
7 2 13 66
2 2 4 65
5 2 12 66
3 2 12 66
1 2 3 64
5 2 2 65
3 2 4 66
2 2 2 68
8 2 7 68
4 2 13 69
1 2 14 70
5 2 3 67
1 2 7 68
4 2 7 69
7 2 2 73
8 2 6 73
4 2 9 72
3 2 16 73
5 2 11 71
3 2 10 71
2 2 6 72
7 2 10 73
7 2 5 72
8 2 9 71
1 2 9 74
4 2 15 74
3 2 5 71
7 2 5 70
3 2 2 77
1 2 25 76
1 2 6 77
5 2 4 77
6 2 2 87
8 2 5 86
3 2 6 85
1 2 7 86
8 2 4 88
1 2 2 89
3 2 5 88
2 2 3 88
1 2 3 89
4 2 7 90
1 2 1 7
2 2 14 8
7 2 15 9
6 2 13 9
7 2 6 7
4 2 12 6
2 2 10 7
7 2 8 8
3 2 8 8
5 2 14 9
5 2 5 8
1 2 6 10
2 2 23 10
4 2 8 10
8 2 7 11
2 2 6 10
8 2 8 9
5 2 6 9
4 2 1 13
1 2 1 16
2 2 3 17
7 2 5 17
5 2 5 16
3 2 1 19
1 2 6 19
4 2 8 21
4 2 6 20
8 2 1 18
7 2 1 20
8 2 5 21
1 2 6 22
8 2 3 20
2 2 2 21
3 2 1 21
8 2 10 22
2 2 9 22
8 2 3 22
3 2 1 24
3 2 6 25
4 2 4 23
3 2 6 22
1 2 1 24
7 2 1 25
1 2 1 26
6 2 1 27
6 2 2 28
8 2 3 28
5 2 1 40
3 2 4 39
8 2 1 49
3 2 1 48
5 2 7 48
2 2 20 47
4 2 6 47
4 2 1 55
7 2 1 69
4 2 1 70
8 2 3 69
6 2 10 68
7 2 5 70
5 2 27 1
8 3 37 96
2 3 36 1
6 3 34 5
3 3 32 98
7 2 31 98
5 3 31 100
5 3 29 61
7 3 29 96
2 3 28 4
8 3 28 31
8 3 28 98
1 3 25 31
7 3 24 4
6 3 24 98
8 3 22 1
8 3 22 62
8 3 22 72
7 3 21 33
4 3 21 39
6 3 20 2
4 3 20 6
3 3 20 45
3 3 20 85
7 3 20 91
8 3 20 95
4 2 24 95
7 3 19 29
8 3 19 69
4 3 19 72
2 3 19 78
8 3 19 77
8 3 19 83
1 3 18 4
3 2 18 4
5 3 21 5
1 3 17 64
5 3 17 100
3 3 16 9
3 3 16 14
2 3 16 22
4 3 16 43
3 3 16 51
6 2 15 51
2 3 15 48
3 3 15 54
6 3 15 83
7 3 14 11
7 3 14 13
7 3 14 24
5 3 14 26
8 3 14 38
7 3 14 62
4 2 14 61
3 3 25 61
4 3 14 69
6 3 13 43
5 3 13 45
7 3 13 65
8 3 13 78
6 3 12 3
2 3 11 38
1 3 10 14
6 2 13 15
6 3 10 45
3 3 10 46
7 3 10 66
6 3 10 71
2 3 9 2
5 2 11 3
1 2 10 3
5 2 25 1
2 3 12 5
1 3 9 26
6 2 10 26
8 3 9 50
7 3 9 93
4 3 8 18
3 3 10 17
7 3 8 23
1 3 8 29
5 3 12 29
1 2 11 29
7 3 8 53
6 3 8 53
5 3 8 54
6 3 7 32
3 2 7 33
4 2 8 33
6 2 7 34
2 3 7 41
3 3 7 87
2 3 13 86
7 3 6 11
3 3 6 24
6 3 8 23
5 3 6 50
4 3 6 78
5 3 5 3
6 2 5 4
7 2 10 4
8 2 9 5
3 2 11 3
4 3 6 3
4 3 9 2
3 3 12 2
4 3 16 2
2 3 5 6
6 2 10 5
4 2 9 5
7 2 9 5
8 2 6 6
7 3 5 51
6 3 5 52
7 3 5 88
6 3 5 96
6 2 12 95
7 2 11 96
4 3 4 10
3 3 4 20
6 3 4 21
7 3 4 28
3 3 4 83
2 2 5 82
6 3 6 84
7 3 4 84
5 3 5 85
6 2 6 84
8 2 4 85
1 3 10 86
5 3 4 91
5 3 3 2
7 2 3 1
2 2 9 4
5 3 3 28
4 3 3 49
2 2 3 50
3 3 3 49
5 3 2 6
7 2 4 6
4 2 3 7
3 2 7 7
5 3 2 29
5 3 2 47
2 2 5 47
8 2 3 48
7 3 2 51
1 3 2 61
8 2 6 60
1 2 7 61
1 2 10 60
2 2 4 60
8 2 6 60
6 2 5 59
2 2 6 62
8 3 22 60
5 3 2 72
1 2 4 71
6 2 3 71
7 3 15 74
8 3 2 92
1 2 6 91
4 2 5 92
2 2 6 92
5 2 5 93
3 3 1 38
4 2 1 39
5 3 2 38
6 3 1 52
2 2 2 53
3 2 1 53
6 2 4 53
8 2 3 54
2 2 7 54
4 3 1 59
4 2 9 59
4 2 4 58
1 2 2 58
5 2 3 57
8 2 1 59
2 2 1 58
8 3 2 58
8 2 3 57
3 2 1 59
6 2 3 57
7 2 2 57
6 2 8 60
5 2 7 60
6 3 1 96
2 2 23 95
5 3 1 98
5 2 7 100
5 3 4 98
7 2 3 98
4 2 3 99
1 4 23 100
8 4 21 16
4 4 20 47
8 4 19 35
5 4 18 56
5 4 18 72
4 4 18 76
2 3 18 76
3 4 18 90
2 4 17 47
3 4 17 70
4 4 15 35
5 4 15 95
3 3 20 94
3 4 15 95
3 4 14 37
4 4 14 46
3 2 14 47
5 4 13 12
6 4 13 24
2 4 13 59
2 4 12 33
6 4 12 59
1 4 12 70
2 2 11 70
8 4 10 16
7 4 12 16
5 4 10 21
2 4 10 45
8 4 10 46
2 4 10 67
4 4 10 67
4 4 9 8
8 4 9 25
7 4 9 33
3 2 8 33
2 4 15 32
6 4 9 41
8 4 9 99
1 4 8 40
8 4 8 47
4 2 11 47
2 4 8 81
3 4 7 12
3 4 7 24
6 2 6 24
6 4 7 55
2 4 6 43
7 2 5 44
3 2 8 45
2 4 5 10
5 3 13 9
4 4 5 94
5 4 4 13
1 2 6 14
7 4 4 23
1 2 3 24
7 4 3 21
6 4 3 45
6 4 3 81
7 4 15 84
2 2 14 84
7 4 11 83
2 4 2 11
2 2 3 10
4 2 6 9
7 2 4 9
6 2 10 9
8 2 9 10
8 4 2 43
4 2 1 43
5 2 1 43
5 4 2 58
8 2 10 59
8 4 2 74
6 2 1 74
1 2 11 74
5 4 6 77
3 4 13 76
2 5 16 93
6 5 13 39
3 5 13 65
2 2 14 66
1 5 13 75
7 2 12 75
2 5 11 78
2 5 11 94
3 5 10 11
4 5 10 64
4 5 10 82
1 2 10 82
8 2 9 82
2 5 9 2
5 5 8 39
2 5 8 55
7 5 8 85
3 5 11 83
5 5 7 3
4 2 6 3
7 5 7 39
4 2 4 39
7 5 7 74
1 5 7 78
3 5 7 94
2 5 6 69
5 5 5 56
2 2 7 57
5 5 5 74
4 3 5 74
5 2 4 75
8 2 5 76
3 2 4 76
5 5 4 41
3 5 4 47
2 2 7 47
1 2 6 48
5 4 4 46
1 2 3 47
6 2 5 47
7 2 5 47
1 5 4 51
3 5 4 57
1 2 3 57
4 5 3 44
8 5 2 1
2 5 2 26
4 2 1 26
6 4 5 28
6 5 11 28
3 5 2 30
5 6 18 97
7 6 15 96
6 6 13 61
3 3 14 61
7 2 12 62
1 6 11 14
3 2 12 15
6 6 11 36
1 6 11 95
2 2 12 96
8 4 11 95
6 6 10 5
8 2 9 5
1 6 8 62
5 2 9 64
2 2 9 64
3 6 7 77
7 2 7 76
5 6 6 9
1 2 6 8
6 6 5 17
3 2 6 18
2 6 5 75
7 6 5 77
8 2 2 78
5 2 1 78
4 2 1 78
7 2 4 79
4 6 5 82
7 2 4 82
8 6 4 59
5 2 4 59
2 2 3 59
7 2 7 60
3 6 8 61
4 6 3 49
2 6 3 93
7 2 1 94
6 2 1 93
8 2 4 92
5 6 2 61
7 3 2 60
4 6 1 68
5 7 7 15
7 7 6 56
5 7 3 6
3 2 3 6
1 2 2 6
4 7 3 24
6 7 3 31
2 2 1 34
8 2 8 34
6 7 14 31
6 8 9 97
3 8 5 21
8 8 5 41
1 8 4 9
8 2 2 11
7 2 2 11
4 2 2 12
6 2 5 8
8 2 4 8
1 9 6 70
7 6 5 69
2 9 5 88
4 9 4 60
2 2 3 61
8 2 3 64
8 2 2 62
5 9 4 79
8 9 2 36
7 2 3 38
4 3 8 35
4 9 4 36
6 10 4 13
4 2 4 13
2 11 8 90
4 2 12 90
4 11 4 16
7 2 3 16
2 11 3 29
4 2 6 33
3 12 6 96
8 2 3 98
3 2 9 95
8 3 5 96
2 2 4 96
3 2 5 95
5 2 4 95
7 14 3 71
2 2 5 72
5 4 4 70
4 15 3 54
7 16 10 91
6 17 1 63
4 3 2 64
1 3 1 66
2 3 25 100
