15031
4216
3 2 100 32
4 2 100 38
3 2 100 51
2 2 100 57
1 2 100 61
5 2 100 83
8 2 99 2
1 2 99 21
4 2 99 32
5 2 99 45
4 2 99 46
8 2 99 50
3 2 99 73
2 2 99 75
6 2 99 80
3 2 99 81
1 2 99 89
1 2 98 5
2 2 98 5
8 2 98 10
1 2 100 8
5 2 98 15
1 2 98 25
1 2 99 24
8 2 98 36
4 2 98 58
3 2 98 62
7 2 98 67
5 2 99 66
3 2 98 93
2 2 98 99
5 2 97 8
1 2 97 15
7 2 97 19
6 2 97 25
3 2 97 45
2 2 97 61
3 2 97 68
2 2 99 69
1 2 97 74
4 2 97 77
2 2 98 77
4 2 99 78
3 2 97 80
4 2 97 99
6 2 96 1
1 2 96 6
2 2 96 50
1 2 96 56
4 2 96 57
1 2 96 65
4 2 96 69
5 2 96 74
3 2 96 87
5 2 96 86
8 2 96 87
1 2 96 99
1 2 95 10
2 2 95 15
7 2 95 17
3 2 96 18
8 2 95 37
5 2 95 42
4 2 99 41
7 2 97 41
8 2 98 42
1 2 95 50
7 2 95 54
8 2 99 55
4 2 96 54
3 2 95 57
8 2 97 56
6 2 95 58
5 2 95 80
8 2 95 79
4 2 95 93
1 2 97 95
6 2 96 92
5 2 95 93
1 2 95 94
5 2 94 1
1 2 94 21
4 2 94 20
1 2 94 24
4 2 96 95
7 2 94 32
7 2 96 31
4 2 94 33
4 2 94 46
7 2 94 46
5 2 94 56
7 2 94 57
5 2 94 59
4 2 96 60
6 2 98 23
6 2 96 61
3 2 94 60
7 2 94 61
2 2 94 69
2 2 94 72
2 2 94 96
1 2 97 97
1 2 98 59
3 2 96 97
4 2 93 9
8 2 93 27
8 2 93 44
2 2 93 43
4 2 93 58
8 2 93 65
6 2 96 64
6 2 97 66
8 2 96 66
1 2 95 64
3 2 94 42
6 2 93 70
2 2 95 67
6 2 93 100
4 2 92 3
3 2 95 2
4 2 96 70
3 2 97 4
3 2 95 71
2 2 95 71
8 2 92 4
7 2 94 3
3 2 92 13
5 2 94 13
7 2 94 14
6 2 96 13
1 2 92 19
5 2 95 18
8 2 94 18
3 2 94 17
7 2 93 20
5 2 93 19
3 2 95 20
4 2 93 18
2 2 92 26
8 2 96 26
6 2 94 26
4 2 93 26
7 2 92 30
2 2 96 71
8 2 92 42
4 2 92 56
6 2 92 61
2 2 92 74
6 2 95 75
4 2 92 91
7 2 94 90
4 2 97 30
6 2 94 89
6 2 95 88
6 2 91 3
1 2 91 3
6 2 91 7
4 2 92 100
2 2 91 14
8 2 95 6
4 2 93 15
2 2 91 38
5 2 95 13
3 2 91 40
4 2 91 43
8 2 91 45
1 2 91 46
8 2 95 38
2 2 91 56
5 2 91 72
7 2 93 73
7 2 91 71
3 2 91 73
2 2 91 76
2 2 91 79
6 2 93 79
4 2 91 87
6 2 93 85
7 2 92 86
2 2 94 86
7 2 91 87
5 2 92 88
1 2 91 94
6 2 93 93
2 2 90 2
2 2 90 4
8 2 90 4
6 2 94 5
5 2 91 5
2 2 90 27
7 2 96 47
2 2 94 28
4 2 90 31
2 2 93 30
7 2 92 28
8 2 92 28
2 2 95 29
1 2 92 29
7 2 91 29
1 2 93 28
4 2 90 29
7 2 90 32
5 2 90 32
8 2 90 55
3 2 90 63
8 2 94 54
3 2 94 63
7 2 95 63
7 2 90 85
6 2 90 84
6 2 90 87
8 2 90 88
6 2 90 93
8 2 90 97
7 2 92 97
4 2 93 98
6 2 95 65
1 2 90 100
3 2 93 99
1 2 89 4
8 2 89 7
8 2 89 17
8 2 91 16
4 2 90 3
6 2 89 18
5 2 89 20
8 2 89 21
8 2 93 22
7 2 90 23
6 2 89 31
8 2 91 31
2 2 90 30
3 2 91 31
1 2 90 31
3 2 89 37
6 2 89 38
8 2 96 39
2 2 95 16
4 2 94 16
6 2 93 37
5 2 95 40
5 2 93 39
7 2 92 37
6 2 92 37
7 2 90 38
2 2 89 45
6 2 91 44
1 2 89 58
5 2 90 57
8 2 89 57
5 2 89 70
3 2 89 72
2 2 89 75
7 2 89 84
7 2 89 90
8 2 89 90
5 2 89 93
7 2 92 39
8 2 88 13
8 2 92 95
5 2 92 95
7 2 92 94
8 2 91 13
7 2 89 12
4 2 88 21
8 2 88 47
8 2 89 21
2 2 88 48
3 2 91 47
2 2 91 48
5 2 90 47
2 2 93 48
5 2 88 89
1 2 88 91
6 2 89 47
7 2 89 91
5 2 93 48
2 2 88 92
4 2 92 91
2 2 89 91
3 2 88 91
1 2 87 2
1 2 92 1
1 2 87 11
6 2 88 10
1 2 92 8
8 2 88 99
4 2 92 99
8 2 91 99
6 2 89 99
8 2 87 14
2 2 91 13
6 2 87 17
6 2 87 20
6 2 87 32
6 2 87 34
5 2 94 10
6 2 94 34
7 2 93 10
1 2 94 11
3 2 87 37
4 2 88 37
5 2 88 37
4 2 87 43
3 2 89 42
8 2 90 43
3 2 87 62
8 2 87 74
2 2 87 80
5 2 95 34
8 2 94 34
3 2 94 81
5 2 87 83
8 2 91 81
8 2 87 84
6 2 87 94
3 2 86 1
7 2 88 1
4 2 86 8
6 2 93 9
7 2 86 10
8 2 86 35
8 2 93 85
4 2 86 36
2 2 87 35
2 2 92 34
3 2 92 35
1 2 92 34
7 2 86 36
7 2 86 38
3 2 86 41
7 2 88 43
6 2 86 47
7 2 86 47
8 2 86 50
8 2 86 54
7 2 86 56
4 2 86 58
8 2 86 87
8 2 88 86
1 2 86 88
7 2 89 44
8 2 85 10
5 2 86 10
1 2 86 9
6 2 90 8
1 2 87 10
1 2 90 89
2 2 86 11
1 2 85 22
5 2 86 20
7 2 90 11
8 2 90 19
7 2 85 32
3 2 85 35
2 2 88 19
3 2 87 34
7 2 88 35
4 2 87 33
2 2 85 38
7 2 85 54
1 2 85 72
5 2 85 80
7 2 91 80
4 2 89 81
8 2 93 82
7 2 92 79
6 2 92 78
6 2 89 82
4 2 88 33
6 2 85 83
3 2 88 79
4 2 90 78
6 2 85 93
5 2 85 99
5 2 84 5
7 2 88 4
4 2 84 10
2 2 84 15
1 2 91 16
6 2 84 16
2 2 84 21
5 2 85 21
6 2 84 22
4 2 84 27
6 2 90 28
8 2 84 32
8 2 84 37
5 2 84 49
6 2 85 49
5 2 84 52
1 2 91 83
6 2 84 51
3 2 84 50
8 2 84 56
1 2 85 55
1 2 84 64
1 2 86 57
2 2 84 79
8 2 87 64
8 2 87 78
1 2 88 78
6 2 84 81
7 2 84 87
8 2 89 88
3 2 85 85
4 2 87 84
3 2 84 92
8 2 84 97
6 2 90 64
2 2 89 98
7 2 83 4
8 2 83 10
7 2 83 15
3 2 84 96
1 2 89 95
3 2 86 14
5 2 87 13
4 2 84 95
7 2 86 96
7 2 89 96
2 2 89 96
3 2 83 33
5 2 83 39
2 2 83 40
2 2 90 98
6 2 85 39
7 2 83 44
8 2 86 45
6 2 85 45
5 2 86 44
8 2 84 44
1 2 83 43
6 2 89 42
2 2 88 42
7 2 83 57
5 2 83 82
2 2 83 86
4 2 83 85
3 2 83 87
2 2 83 95
4 2 85 96
4 2 86 96
2 2 86 95
5 2 82 5
7 2 82 17
2 2 82 16
4 2 82 18
5 2 82 17
3 2 85 19
7 2 86 19
5 2 82 22
6 2 82 26
7 2 83 24
5 2 82 31
1 2 82 32
2 2 85 33
1 2 83 33
1 2 82 36
5 2 84 35
3 2 82 44
5 2 82 51
2 2 92 52
7 2 82 50
2 2 88 51
4 2 82 57
6 2 82 65
4 2 82 64
1 2 86 63
2 2 85 63
7 2 84 63
6 2 89 62
3 2 90 39
4 2 89 39
1 2 84 64
6 2 83 64
5 2 83 65
7 2 87 67
8 2 89 67
8 2 92 61
3 2 87 66
5 2 84 66
7 2 84 67
6 2 83 66
8 2 82 76
7 2 91 77
1 2 87 76
4 2 87 75
1 2 89 77
5 2 87 74
4 2 86 68
6 2 90 74
5 2 82 75
7 2 87 77
6 2 91 76
1 2 84 74
3 2 89 75
3 2 84 75
4 2 82 77
3 2 85 77
1 2 82 81
1 2 86 81
5 2 88 80
5 2 83 80
6 2 86 78
6 2 82 84
4 2 84 85
2 2 83 85
6 2 82 95
6 2 83 94
8 2 83 95
4 2 84 94
8 2 81 24
2 2 92 25
1 2 93 24
4 2 93 23
8 2 91 25
3 2 89 26
8 2 82 23
3 2 81 26
5 2 81 29
2 2 88 29
8 2 81 31
5 2 81 33
8 2 81 41
7 2 82 41
7 2 81 44
8 2 83 44
8 2 81 47
1 2 81 49
8 2 88 48
2 2 81 48
4 2 81 54
5 2 81 57
2 2 81 84
8 2 90 83
1 2 84 83
5 2 81 96
7 2 80 7
4 2 80 13
3 2 87 14
4 2 86 12
6 2 86 14
7 2 80 16
8 2 81 15
4 2 80 19
8 2 80 22
6 2 83 21
7 2 83 20
4 2 80 25
1 2 81 24
1 2 80 29
5 2 80 28
5 2 84 29
6 2 83 29
1 2 82 30
6 2 80 30
2 2 80 38
7 2 80 46
6 2 82 45
3 2 80 56
3 2 80 59
8 2 93 69
6 2 87 59
6 2 80 76
8 2 87 75
3 2 80 85
6 2 84 86
2 2 80 89
1 2 87 88
6 2 82 89
3 2 86 88
1 2 79 5
6 2 88 5
3 2 86 6
5 2 79 8
7 2 89 7
8 2 88 8
1 2 79 10
5 2 81 9
2 2 85 8
7 2 80 9
6 2 79 9
3 2 85 8
4 2 84 9
8 2 79 19
7 2 81 18
1 2 80 18
1 2 80 20
4 2 80 20
2 2 79 26
8 2 79 30
3 2 79 44
6 2 79 45
7 2 79 51
6 2 79 53
3 2 90 52
8 2 90 52
2 2 92 53
8 2 79 84
8 2 82 83
3 2 85 82
3 2 81 83
2 2 84 82
4 2 83 82
4 2 80 82
5 2 79 83
4 2 79 95
3 2 78 4
2 2 84 3
7 2 78 29
7 2 78 32
4 2 78 34
4 2 81 34
6 2 78 50
1 2 79 49
4 2 88 48
7 2 87 49
1 2 85 48
2 2 79 51
6 2 78 79
8 2 78 87
8 2 81 86
2 2 78 96
5 2 77 7
6 2 83 6
3 2 84 5
1 2 83 5
7 2 82 5
8 2 80 7
2 2 78 7
1 2 77 7
3 2 77 11
6 2 82 11
4 2 78 12
1 2 82 11
7 2 79 12
6 2 78 13
1 2 77 17
5 2 77 32
3 2 77 34
5 2 81 34
8 2 80 35
7 2 77 44
8 2 77 48
5 2 77 53
8 2 91 53
6 2 89 52
1 2 81 52
1 2 90 53
6 2 82 53
6 2 77 64
3 2 82 63
8 2 87 62
8 2 82 62
5 2 77 69
8 2 90 68
4 2 86 69
2 2 85 69
8 2 77 74
1 2 78 73
6 2 77 73
1 2 88 72
5 2 87 72
3 2 84 72
4 2 79 74
8 2 77 79
7 2 77 81
7 2 79 80
1 2 77 82
8 2 78 81
6 2 83 80
7 2 78 83
4 2 77 81
2 2 77 83
2 2 77 89
8 2 89 91
2 2 85 88
8 2 77 91
7 2 77 91
1 2 87 92
8 2 84 90
1 2 81 92
6 2 77 95
5 2 82 94
8 2 76 2
5 2 85 3
4 2 82 2
4 2 89 1
5 2 82 1
7 2 79 2
8 2 80 3
6 2 79 3
4 2 76 2
1 2 76 23
2 2 80 22
5 2 78 22
2 2 76 39
8 2 83 40
1 2 81 40
6 2 87 39
1 2 80 38
6 2 80 37
5 2 81 37
3 2 80 40
3 2 79 38
4 2 79 41
7 2 78 38
5 2 78 37
1 2 78 37
6 2 78 36
8 2 77 36
2 2 77 39
3 2 82 39
4 2 76 44
4 2 79 45
2 2 78 45
5 2 77 45
4 2 76 48
5 2 76 48
5 2 76 61
7 2 79 62
6 2 78 62
3 2 82 61
5 2 86 60
4 2 76 70
5 2 85 70
2 2 86 69
1 2 89 70
7 2 88 70
3 2 86 68
6 2 81 61
1 2 76 71
7 2 76 77
8 2 82 78
8 2 79 77
2 2 81 77
4 2 79 76
1 2 76 91
7 2 82 92
8 2 76 94
7 2 77 96
7 2 76 94
3 2 75 20
1 2 81 20
6 2 80 20
8 2 78 20
2 2 78 20
8 2 75 19
7 2 77 20
6 2 75 46
6 2 75 57
1 2 83 57
6 2 77 57
6 2 79 56
3 2 77 56
7 2 79 55
5 2 76 56
2 2 75 60
8 2 77 60
4 2 86 59
6 2 85 59
4 2 77 59
6 2 82 58
5 2 78 58
7 2 80 58
5 2 78 60
2 2 80 59
6 2 75 60
7 2 78 59
3 2 77 61
7 2 80 62
8 2 75 68
4 2 82 67
8 2 81 67
6 2 81 67
5 2 75 74
5 2 78 75
7 2 75 88
5 2 76 88
2 2 79 87
4 2 77 87
3 2 75 93
3 2 75 95
5 2 77 94
8 2 76 94
6 2 76 93
1 2 74 4
8 2 79 4
5 2 74 47
4 2 74 50
3 2 74 59
5 2 75 59
1 2 79 58
1 2 77 58
2 2 80 59
2 2 76 58
4 2 74 70
4 2 74 73
1 2 74 73
5 2 79 72
5 2 74 86
2 2 81 85
5 2 78 87
3 2 74 87
4 2 78 88
5 2 75 86
2 2 74 86
8 2 74 91
7 2 74 95
8 2 73 1
1 2 76 2
2 2 73 8
3 2 83 6
8 2 75 7
8 2 73 9
4 2 76 11
2 2 73 32
3 2 74 33
6 2 76 32
8 2 75 33
4 2 74 34
6 2 76 35
3 2 77 36
1 2 77 37
8 2 73 34
1 2 73 65
3 2 73 69
4 2 83 70
3 2 80 68
8 2 73 71
7 2 73 78
4 2 73 85
6 2 73 88
3 2 72 15
5 2 81 14
7 2 77 16
5 2 72 25
5 2 83 24
8 2 75 25
6 2 84 24
2 2 83 24
1 2 83 24
1 2 72 35
7 2 72 55
8 2 72 68
3 2 74 67
6 2 78 66
3 2 72 67
4 2 77 66
4 2 75 66
7 2 80 65
6 2 80 64
3 2 79 65
2 2 77 65
6 2 72 71
6 2 72 73
1 2 82 71
2 2 76 73
8 2 72 83
1 2 72 93
7 2 75 92
2 2 73 93
3 2 73 92
2 2 74 92
1 2 74 93
4 2 72 99
1 2 75 97
5 2 71 3
7 2 71 19
7 2 73 18
8 2 73 93
8 2 71 18
6 2 71 26
1 2 71 31
6 2 77 27
1 2 76 27
4 2 76 28
4 2 72 30
1 2 75 29
2 2 71 34
2 2 71 48
2 2 75 31
3 2 73 48
4 2 71 62
7 2 75 60
1 2 71 65
2 2 72 67
3 2 76 49
5 2 71 67
7 2 71 71
1 2 71 81
1 2 73 81
4 2 71 81
7 2 71 82
6 2 71 88
4 2 71 89
5 2 72 89
3 2 71 100
3 2 73 88
2 2 70 1
6 2 70 7
5 2 73 5
3 2 77 6
1 2 70 27
5 2 70 26
8 2 70 28
8 2 70 33
3 2 70 35
4 2 70 42
1 2 73 42
3 2 73 99
5 2 74 42
7 2 75 42
1 2 73 98
2 2 80 99
1 2 80 99
6 2 70 45
2 2 71 44
7 2 70 50
7 2 74 51
6 2 73 51
1 2 77 52
4 2 76 53
3 2 78 52
6 2 71 50
6 2 70 55
4 2 77 55
8 2 81 54
3 2 77 54
8 2 70 65
8 2 75 65
3 2 72 64
8 2 70 67
1 2 70 68
3 2 70 96
7 2 70 95
3 2 69 1
8 2 69 38
3 2 69 37
6 2 72 36
3 2 72 38
8 2 71 95
5 2 69 41
5 2 73 36
8 2 69 41
4 2 76 42
5 2 77 42
7 2 76 42
8 2 73 42
6 2 73 42
1 2 72 41
8 2 70 40
6 2 71 41
1 2 69 55
4 2 75 54
8 2 69 63
4 2 69 70
3 2 71 42
8 2 70 69
1 2 69 70
2 2 79 69
5 2 69 71
1 2 74 71
3 2 76 71
1 2 68 13
3 2 68 17
2 2 69 100
8 2 75 16
8 2 68 34
5 2 68 37
4 2 71 36
7 2 70 37
7 2 68 38
4 2 68 47
2 2 72 47
2 2 75 99
2 2 78 46
2 2 74 46
3 2 76 47
6 2 70 48
6 2 72 49
6 2 68 93
5 2 67 1
2 2 67 3
2 2 75 4
7 2 75 3
4 2 71 4
7 2 71 5
8 2 67 4
4 2 67 6
2 2 67 7
1 2 71 6
3 2 67 15
3 2 73 14
3 2 67 45
4 2 66 2
6 2 67 2
1 2 68 1
2 2 67 2
1 2 73 3
3 2 67 2
2 2 72 1
6 2 68 3
7 2 67 4
4 2 66 7
8 2 77 8
4 2 73 8
2 2 77 9
2 2 68 8
8 2 71 8
6 2 76 9
4 2 74 10
3 2 73 10
6 2 66 15
8 2 67 15
5 2 67 15
1 2 66 23
3 2 66 24
6 2 77 22
2 2 66 41
1 2 75 40
2 2 69 41
2 2 66 49
8 2 71 50
1 2 66 59
5 2 75 60
3 2 70 60
3 2 77 59
8 2 73 59
1 2 72 58
7 2 71 58
6 2 69 60
4 2 71 58
5 2 69 61
2 2 72 60
1 2 71 61
7 2 68 61
6 2 73 61
2 2 66 61
6 2 66 67
4 2 68 68
1 2 66 80
6 2 69 79
7 2 75 79
4 2 79 78
2 2 79 79
4 2 76 79
1 2 75 79
8 2 73 78
5 2 74 77
6 2 72 79
7 2 68 79
2 2 69 78
1 2 66 86
3 2 76 85
5 2 80 84
7 2 71 86
5 2 66 89
8 2 72 88
6 2 67 91
4 2 66 88
1 2 66 92
1 2 65 6
3 2 70 5
3 2 68 6
8 2 65 6
3 2 65 8
6 2 65 10
2 2 67 10
1 2 65 10
7 2 65 14
1 2 69 15
1 2 73 14
4 2 65 19
4 2 66 20
3 2 67 21
3 2 65 18
3 2 74 18
1 2 73 17
6 2 72 18
7 2 65 44
6 2 73 44
8 2 72 44
3 2 68 44
6 2 67 43
8 2 67 45
2 2 65 45
6 2 65 49
8 2 65 75
3 2 73 76
8 2 72 76
4 2 71 76
8 2 73 75
1 2 70 76
2 2 69 74
4 2 70 73
6 2 80 98
3 2 69 73
7 2 67 74
4 2 67 73
2 2 66 76
3 2 65 76
7 2 72 76
2 2 67 75
5 2 66 76
1 2 65 77
6 2 65 98
2 2 73 72
5 2 72 72
6 2 69 97
1 2 69 99
6 2 70 98
7 2 73 97
4 2 66 97
4 2 64 9
6 2 67 8
8 2 64 11
5 2 72 12
4 2 67 11
2 2 75 13
4 2 74 13
2 2 73 12
3 2 66 11
7 2 65 10
8 2 72 11
2 2 66 11
1 2 64 27
8 2 76 99
7 2 75 100
1 2 69 26
2 2 64 31
1 2 74 30
3 2 68 30
3 2 74 29
4 2 75 30
6 2 65 30
7 2 73 31
4 2 71 32
5 2 71 31
2 2 71 30
3 2 64 31
4 2 67 30
7 2 67 30
6 2 69 31
4 2 68 30
1 2 67 29
3 2 64 35
1 2 64 36
4 2 66 35
6 2 66 34
3 2 65 34
1 2 65 36
2 2 66 35
6 2 64 38
5 2 64 43
1 2 64 44
8 2 64 48
3 2 64 50
1 2 66 49
4 2 64 55
6 2 65 55
8 2 64 67
6 2 68 66
7 2 64 87
5 2 63 11
2 2 63 19
5 2 66 19
5 2 71 18
3 2 72 18
4 2 71 18
6 2 70 18
3 2 69 18
4 2 66 18
2 2 67 17
6 2 66 20
1 2 72 21
5 2 70 22
6 2 63 18
6 2 63 23
8 2 63 29
3 2 67 28
2 2 63 33
8 2 63 36
4 2 65 36
5 2 65 35
3 2 63 38
1 2 67 39
6 2 63 41
5 2 63 40
4 2 63 45
3 2 63 62
2 2 63 75
3 2 62 1
5 2 62 4
2 2 69 3
5 2 65 2
7 2 65 1
5 2 63 4
8 2 62 7
8 2 65 7
2 2 72 5
7 2 62 7
5 2 68 9
5 2 62 12
4 2 64 13
5 2 62 25
7 2 71 24
4 2 62 37
2 2 62 37
1 2 62 38
1 2 62 41
4 2 62 51
8 2 75 52
5 2 74 52
2 2 71 52
5 2 65 53
7 2 70 55
8 2 77 56
7 2 76 56
4 2 75 56
2 2 74 56
5 2 74 56
2 2 72 56
4 2 70 56
1 2 64 54
1 2 68 54
3 2 62 54
1 2 72 53
7 2 65 54
5 2 62 64
3 2 69 63
6 2 64 65
5 2 62 68
2 2 72 68
5 2 61 2
5 2 67 2
6 2 61 2
2 2 62 2
8 2 61 1
4 2 61 4
2 2 61 20
6 2 70 21
5 2 69 21
2 2 68 19
6 2 67 20
2 2 63 19
8 2 63 18
1 2 65 17
3 2 61 24
7 2 61 25
3 2 61 28
3 2 61 38
3 2 61 41
3 2 66 42
6 2 61 52
6 2 61 56
1 2 64 56
3 2 61 68
2 2 68 40
5 2 65 68
2 2 67 69
1 2 61 67
6 2 67 68
3 2 66 69
6 2 62 68
7 2 61 68
3 2 61 90
5 2 67 70
6 2 64 89
5 2 70 90
6 2 61 90
4 2 64 91
2 2 69 90
8 2 61 89
2 2 64 89
2 2 60 1
8 2 60 13
7 2 62 12
8 2 67 14
1 2 61 97
6 2 76 97
3 2 66 14
7 2 60 79
6 2 64 79
4 2 60 78
8 2 67 76
8 2 62 79
1 2 60 83
6 2 69 82
3 2 69 83
2 2 69 96
6 2 69 95
6 2 60 96
2 2 66 97
6 2 62 95
2 2 66 95
4 2 59 1
8 2 59 7
5 2 59 10
8 2 60 11
6 2 61 11
1 2 59 19
4 2 62 20
1 2 62 20
2 2 59 24
4 2 64 24
3 2 63 24
2 2 63 24
6 2 67 23
1 2 66 23
5 2 72 23
1 2 73 22
3 2 59 52
5 2 68 52
8 2 59 57
2 2 59 66
5 2 62 67
7 2 61 65
7 2 74 64
7 2 74 83
7 2 75 84
1 2 74 85
4 2 73 84
1 2 59 70
7 2 59 84
6 2 66 83
2 2 68 84
5 2 71 84
4 2 70 84
2 2 70 85
1 2 66 84
1 2 58 11
5 2 59 11
2 2 58 15
3 2 58 14
8 2 66 13
8 2 61 13
8 2 60 14
1 2 60 13
6 2 65 12
3 2 60 12
7 2 63 11
2 2 58 19
3 2 58 24
5 2 70 25
7 2 62 25
6 2 60 25
6 2 58 25
2 2 58 35
7 2 58 42
7 2 58 49
3 2 61 50
3 2 58 49
4 2 73 48
1 2 64 48
2 2 63 49
3 2 62 48
6 2 62 47
8 2 61 48
5 2 60 49
1 2 58 90
6 2 70 89
8 2 69 89
4 2 58 92
2 2 75 91
6 2 71 92
4 2 64 92
2 2 65 91
3 2 64 91
1 2 67 91
2 2 63 92
7 2 59 91
6 2 58 92
8 2 63 92
4 2 61 92
4 2 58 94
7 2 63 94
8 2 62 94
6 2 62 93
3 2 61 93
1 2 61 95
3 2 65 95
6 2 58 94
1 2 57 5
2 2 60 5
4 2 57 9
8 2 60 8
7 2 59 9
3 2 57 10
1 2 61 8
8 2 57 14
5 2 57 21
8 2 65 22
8 2 60 22
4 2 58 19
6 2 57 20
7 2 57 29
5 2 65 28
6 2 65 28
7 2 57 40
1 2 74 39
5 2 68 39
4 2 67 39
4 2 57 45
2 2 62 44
6 2 61 44
2 2 61 44
8 2 60 44
4 2 60 43
7 2 61 43
5 2 59 43
8 2 59 42
2 2 59 46
7 2 57 46
3 2 57 71
3 2 63 70
3 2 61 71
4 2 60 71
8 2 57 79
5 2 57 82
3 2 57 84
7 2 57 92
5 2 57 95
2 2 56 11
5 2 59 10
4 2 56 12
1 2 58 12
1 2 56 23
1 2 59 22
3 2 58 22
4 2 66 21
6 2 56 35
3 2 56 38
6 2 61 38
8 2 66 39
7 2 65 40
4 2 57 39
1 2 60 38
2 2 59 39
5 2 64 39
4 2 63 39
2 2 56 39
8 2 58 38
3 2 56 46
8 2 59 47
2 2 58 47
1 2 66 46
8 2 61 46
6 2 59 46
5 2 59 45
3 2 57 45
5 2 57 47
4 2 56 52
3 2 58 52
3 2 56 65
2 2 58 64
5 2 66 63
5 2 67 63
6 2 59 65
1 2 67 62
2 2 66 62
6 2 56 87
8 2 64 86
4 2 69 85
5 2 63 87
2 2 67 86
5 2 67 85
4 2 65 88
3 2 56 91
2 2 59 90
4 2 69 89
1 2 68 89
2 2 62 89
6 2 61 90
8 2 58 91
2 2 56 91
3 2 55 5
4 2 65 5
6 2 58 5
2 2 62 4
3 2 61 4
8 2 61 5
3 2 55 15
6 2 57 15
7 2 55 18
5 2 64 17
6 2 60 17
4 2 55 31
4 2 62 30
4 2 55 38
6 2 55 39
6 2 57 40
1 2 55 53
4 2 55 55
8 2 58 54
1 2 58 55
3 2 55 82
8 2 67 81
8 2 64 82
5 2 55 88
3 2 62 87
8 2 61 87
6 2 65 87
7 2 55 95
8 2 57 96
1 2 54 11
6 2 54 29
2 2 65 28
6 2 69 27
4 2 62 28
5 2 54 46
4 2 66 46
3 2 65 46
3 2 61 46
8 2 60 46
6 2 54 62
5 2 64 61
3 2 65 60
8 2 72 59
2 2 68 59
7 2 64 60
8 2 64 62
1 2 63 63
3 2 58 61
2 2 61 60
3 2 60 61
6 2 54 68
3 2 57 68
8 2 57 69
7 2 60 71
6 2 64 72
5 2 63 72
6 2 62 68
2 2 60 72
1 2 58 67
4 2 57 68
3 2 61 72
6 2 64 72
2 2 60 69
8 2 55 67
2 2 54 67
4 2 54 80
7 2 59 78
2 2 64 77
7 2 63 77
1 2 68 76
7 2 61 78
8 2 62 77
6 2 57 79
4 2 58 78
6 2 62 77
2 2 54 85
7 2 54 92
4 2 54 91
1 2 54 90
2 2 54 99
5 2 67 99
3 2 60 98
5 2 65 97
2 2 64 99
7 2 63 99
1 2 65 98
3 2 58 99
4 2 57 100
6 2 65 99
4 2 63 99
5 2 53 27
8 2 67 27
6 2 53 37
4 2 60 35
4 2 53 44
8 2 53 46
3 2 53 62
7 2 57 63
6 2 57 63
6 2 60 62
4 2 57 62
3 2 54 62
7 2 57 61
6 2 55 61
2 2 56 61
1 2 53 66
6 2 53 99
5 2 64 98
6 2 61 98
8 2 69 70
4 2 53 98
1 2 52 14
5 2 53 16
8 2 55 16
1 2 54 15
6 2 55 16
4 2 61 17
6 2 57 13
4 2 53 15
5 2 56 14
5 2 52 17
6 2 52 26
2 2 61 17
5 2 60 17
4 2 52 25
1 2 55 26
5 2 56 27
6 2 56 27
1 2 52 36
7 2 52 36
1 2 56 36
4 2 55 35
7 2 52 50
2 2 59 50
6 2 58 28
4 2 52 58
2 2 61 51
2 2 60 57
7 2 66 58
2 2 58 60
1 2 62 59
8 2 61 59
2 2 52 59
4 2 54 58
5 2 56 58
3 2 52 86
4 2 56 86
5 2 54 59
3 2 55 60
4 2 53 86
1 2 55 85
8 2 53 86
7 2 54 86
7 2 52 91
7 2 51 2
5 2 57 1
2 2 53 86
5 2 51 15
1 2 57 3
2 2 54 16
7 2 51 25
5 2 54 24
8 2 57 16
6 2 58 17
5 2 52 24
2 2 59 23
7 2 58 23
3 2 51 29
2 2 54 29
7 2 60 28
5 2 60 30
3 2 52 29
6 2 55 29
5 2 52 28
3 2 51 36
5 2 51 56
3 2 63 21
8 2 60 55
8 2 53 56
3 2 55 56
1 2 51 61
4 2 51 65
6 2 51 79
6 2 61 57
3 2 57 80
5 2 54 79
1 2 53 79
1 2 50 36
4 2 50 35
4 2 55 36
8 2 54 34
6 2 64 80
7 2 50 34
2 2 50 38
2 2 52 38
8 2 50 40
6 2 58 41
7 2 50 48
8 2 55 50
1 2 52 47
4 2 56 48
8 2 50 55
3 2 58 54
2 2 57 54
5 2 50 60
5 2 50 77
8 2 56 76
5 2 59 75
1 2 62 75
8 2 61 75
8 2 50 85
1 2 52 84
8 2 49 8
7 2 55 9
5 2 50 7
4 2 59 8
2 2 58 8
1 2 59 9
5 2 57 6
2 2 60 5
2 2 52 9
4 2 49 8
3 2 49 10
6 2 58 9
7 2 56 9
8 2 55 10
2 2 54 9
6 2 53 9
4 2 49 18
4 2 50 18
2 2 49 20
7 2 64 22
8 2 63 22
7 2 63 21
7 2 49 30
5 2 67 31
8 2 66 31
7 2 65 31
2 2 49 35
1 2 52 35
7 2 49 44
6 2 57 43
2 2 55 43
2 2 49 49
3 2 51 50
7 2 54 50
1 2 49 50
7 2 55 50
1 2 49 53
8 2 49 80
7 2 55 81
7 2 53 80
6 2 52 80
5 2 52 79
1 2 49 82
6 2 55 82
4 2 49 98
6 2 53 97
7 2 59 96
8 2 63 97
3 2 58 96
2 2 56 96
1 2 55 96
7 2 69 33
8 2 54 96
3 2 52 98
2 2 53 98
8 2 48 6
1 2 51 8
2 2 48 17
3 2 48 35
6 2 52 36
4 2 48 38
1 2 48 41
1 2 53 39
3 2 48 45
7 2 54 44
2 2 50 44
3 2 48 53
2 2 55 95
8 2 55 94
1 2 54 95
4 2 54 96
7 2 49 54
7 2 53 53
5 2 48 69
1 2 55 70
5 2 53 68
7 2 52 70
7 2 56 52
8 2 52 69
3 2 54 68
6 2 54 71
6 2 48 76
5 2 55 78
8 2 50 77
6 2 52 76
6 2 48 82
1 2 48 82
4 2 50 81
1 2 48 89
1 2 57 88
4 2 58 87
4 2 55 88
2 2 48 92
7 2 51 93
5 2 54 94
2 2 47 20
1 2 56 19
7 2 47 39
8 2 51 39
3 2 47 39
6 2 47 38
4 2 51 39
3 2 52 40
6 2 47 42
1 2 51 41
6 2 47 61
6 2 51 62
7 2 52 62
5 2 53 63
4 2 52 63
4 2 49 60
2 2 54 59
6 2 48 61
4 2 47 61
2 2 51 62
4 2 48 62
8 2 47 67
7 2 47 98
2 2 52 97
8 2 51 98
8 2 61 72
4 2 62 73
7 2 61 73
7 2 62 72
4 2 63 97
1 2 60 72
2 2 49 99
7 2 51 100
7 2 46 1
4 2 46 14
1 2 46 21
4 2 61 22
4 2 58 21
6 2 46 23
3 2 46 27
2 2 51 25
7 2 46 35
8 2 47 34
8 2 46 36
8 2 46 65
5 2 47 65
8 2 54 65
2 2 57 64
5 2 67 65
1 2 66 66
3 2 56 64
7 2 53 66
5 2 52 66
6 2 46 67
6 2 46 75
2 2 48 74
6 2 52 73
7 2 51 74
1 2 45 17
4 2 49 16
1 2 47 16
8 2 46 16
6 2 45 16
6 2 46 15
5 2 45 24
1 2 49 25
3 2 51 25
3 2 55 24
2 2 55 23
1 2 48 18
8 2 45 28
4 2 55 25
1 2 54 25
2 2 53 28
6 2 46 27
2 2 45 31
4 2 60 32
8 2 55 32
7 2 59 31
7 2 54 32
8 2 56 33
7 2 55 31
5 2 55 32
8 2 57 34
7 2 51 30
4 2 55 31
4 2 46 30
4 2 57 31
4 2 45 44
8 2 47 46
5 2 45 52
5 2 45 55
5 2 54 55
6 2 45 64
1 2 52 65
3 2 46 65
2 2 56 66
2 2 45 67
1 2 51 68
3 2 45 68
6 2 50 69
4 2 49 70
5 2 45 68
1 2 45 69
7 2 48 68
1 2 48 67
3 2 49 66
4 2 46 68
5 2 47 67
8 2 46 67
2 2 46 66
2 2 45 78
4 2 48 79
5 2 45 80
8 2 45 83
7 2 45 83
8 2 45 85
4 2 52 85
5 2 48 85
5 2 51 85
6 2 48 85
6 2 61 84
5 2 46 85
3 2 61 84
2 2 48 86
3 2 48 87
4 2 49 87
5 2 54 88
1 2 45 90
7 2 46 89
5 2 54 89
2 2 48 87
1 2 53 88
6 2 45 92
6 2 53 93
8 2 53 94
2 2 52 93
1 2 47 93
4 2 51 94
3 2 47 94
4 2 45 94
7 2 53 95
5 2 44 5
8 2 52 5
5 2 61 6
7 2 60 7
1 2 46 5
5 2 44 9
5 2 51 8
5 2 44 13
3 2 50 12
2 2 44 18
5 2 49 17
4 2 44 23
4 2 52 23
6 2 51 22
4 2 54 22
1 2 49 23
5 2 44 30
4 2 50 29
8 2 50 30
8 2 55 31
5 2 51 31
1 2 46 29
7 2 44 29
7 2 49 28
1 2 44 36
3 2 44 39
7 2 44 45
1 2 54 43
6 2 50 44
2 2 44 48
3 2 44 63
3 2 47 62
5 2 44 66
4 2 44 67
8 2 44 97
5 2 51 96
3 2 43 12
5 2 58 13
7 2 57 14
2 2 52 11
4 2 56 12
6 2 48 10
8 2 49 9
3 2 48 9
4 2 47 10
6 2 47 12
5 2 45 11
1 2 44 11
7 2 44 10
2 2 44 12
6 2 48 14
3 2 44 13
8 2 58 14
6 2 46 12
4 2 43 12
4 2 43 21
5 2 48 23
1 2 43 25
2 2 43 35
3 2 45 36
8 2 46 37
5 2 46 36
8 2 43 46
7 2 47 46
1 2 48 45
1 2 53 46
4 2 52 47
2 2 55 47
7 2 54 47
4 2 43 49
7 2 47 50
8 2 46 50
6 2 46 51
8 2 48 51
5 2 46 51
7 2 47 52
6 2 43 58
7 2 50 59
6 2 49 59
4 2 43 60
5 2 43 64
3 2 43 66
5 2 52 65
4 2 50 65
7 2 49 66
5 2 43 89
7 2 45 89
2 2 48 91
5 2 54 92
3 2 46 89
2 2 46 90
8 2 45 89
3 2 45 88
8 2 43 99
1 2 50 99
5 2 49 99
4 2 47 100
3 2 46 100
6 2 42 5
3 2 53 4
6 2 46 5
7 2 51 6
8 2 44 4
7 2 56 3
7 2 48 5
6 2 57 6
3 2 49 6
2 2 48 6
1 2 48 7
4 2 44 5
5 2 43 5
2 2 42 19
6 2 42 20
7 2 54 20
2 2 51 20
1 2 42 23
6 2 53 22
7 2 42 42
1 2 50 42
7 2 47 41
7 2 54 41
8 2 51 41
2 2 51 42
5 2 50 41
4 2 49 41
7 2 45 41
3 2 53 40
6 2 52 40
3 2 42 46
3 2 52 47
6 2 42 47
4 2 46 46
2 2 45 46
8 2 42 56
7 2 42 74
7 2 48 75
2 2 53 74
7 2 53 75
5 2 51 77
1 2 50 77
5 2 47 75
3 2 43 75
8 2 43 74
7 2 42 82
3 2 48 83
2 2 58 82
2 2 47 83
1 2 48 83
2 2 41 3
7 2 57 2
4 2 43 5
4 2 45 6
7 2 41 2
4 2 41 15
6 2 42 14
7 2 41 44
3 2 50 43
1 2 46 42
4 2 46 43
2 2 41 49
5 2 41 63
7 2 52 64
5 2 48 62
7 2 45 62
8 2 45 61
2 2 41 63
6 2 41 71
2 2 50 70
8 2 59 71
1 2 44 71
8 2 47 70
5 2 47 71
6 2 55 72
3 2 48 73
2 2 53 72
5 2 52 73
5 2 41 76
5 2 46 76
2 2 41 84
5 2 43 83
8 2 41 85
3 2 41 87
3 2 47 87
8 2 46 87
6 2 45 88
3 2 45 88
4 2 43 88
3 2 41 96
6 2 50 97
3 2 42 97
4 2 40 8
3 2 40 17
7 2 41 17
5 2 44 18
7 2 43 16
4 2 43 18
7 2 45 17
6 2 40 22
8 2 52 21
4 2 51 21
1 2 40 24
7 2 59 23
4 2 41 23
5 2 40 26
3 2 51 26
2 2 54 26
1 2 48 26
8 2 40 35
8 2 50 34
5 2 49 34
7 2 58 33
1 2 40 49
5 2 40 50
7 2 40 55
2 2 40 57
7 2 53 56
6 2 55 57
3 2 40 58
5 2 40 68
1 2 40 67
2 2 40 70
5 2 43 71
3 2 40 72
4 2 42 72
7 2 40 74
6 2 46 73
2 2 41 75
2 2 47 76
6 2 44 77
8 2 45 76
7 2 40 91
1 2 39 1
6 2 47 1
8 2 39 1
7 2 46 1
7 2 39 12
7 2 40 12
8 2 39 12
4 2 46 11
3 2 45 12
3 2 40 11
8 2 43 10
8 2 44 11
4 2 39 13
8 2 39 28
2 2 41 28
1 2 42 29
8 2 44 30
3 2 39 39
7 2 43 38
8 2 49 39
2 2 47 39
6 2 46 40
5 2 45 39
4 2 45 38
5 2 42 41
2 2 44 42
5 2 39 38
7 2 43 39
7 2 40 39
1 2 43 41
8 2 41 38
8 2 39 37
5 2 39 42
3 2 39 46
4 2 42 45
8 2 41 46
5 2 50 47
7 2 50 48
1 2 42 48
2 2 39 49
6 2 39 56
1 2 48 57
6 2 39 61
7 2 40 59
6 2 40 62
1 2 40 61
1 2 39 59
3 2 51 58
5 2 57 57
8 2 56 58
1 2 51 57
7 2 39 59
2 2 39 68
2 2 39 74
4 2 39 87
1 2 44 86
2 2 39 88
1 2 39 95
5 2 38 11
7 2 46 12
3 2 38 14
7 2 41 14
5 2 42 15
1 2 40 15
1 2 38 37
7 2 38 39
2 2 42 40
7 2 38 43
1 2 38 43
4 2 38 42
5 2 45 43
6 2 41 41
8 2 41 43
3 2 40 41
7 2 38 61
8 2 40 60
4 2 38 77
3 2 44 78
7 2 38 86
3 2 43 85
8 2 42 85
6 2 41 85
7 2 40 85
7 2 41 86
2 2 41 87
2 2 42 88
2 2 43 89
4 2 40 84
5 2 41 83
3 2 38 96
5 2 40 96
4 2 38 96
5 2 59 28
4 2 39 95
5 2 39 96
3 2 37 16
4 2 37 26
4 2 44 28
4 2 40 25
7 2 46 26
4 2 37 46
7 2 37 46
8 2 37 52
7 2 44 53
1 2 43 53
8 2 43 54
2 2 42 53
5 2 45 54
5 2 42 53
1 2 47 52
6 2 37 60
2 2 41 61
1 2 45 62
5 2 37 65
2 2 40 65
1 2 39 65
7 2 37 71
6 2 46 70
8 2 41 71
7 2 46 72
1 2 38 72
3 2 42 73
3 2 41 71
3 2 44 70
4 2 41 70
2 2 46 69
5 2 42 69
5 2 40 70
6 2 37 81
2 2 39 79
6 2 36 4
1 2 53 4
8 2 51 3
1 2 49 2
8 2 39 3
6 2 36 12
6 2 36 19
2 2 36 32
2 2 46 31
1 2 42 32
5 2 41 32
4 2 36 33
8 2 44 34
8 2 42 33
7 2 40 32
6 2 47 31
6 2 45 34
4 2 36 48
1 2 47 48
3 2 36 58
8 2 39 57
5 2 36 63
4 2 53 64
7 2 52 64
2 2 36 73
5 2 37 74
2 2 44 75
1 2 36 75
2 2 36 79
7 2 35 4
2 2 41 5
4 2 37 4
2 2 48 3
1 2 51 3
4 2 50 3
5 2 35 7
6 2 42 8
7 2 41 9
4 2 43 9
1 2 41 8
8 2 40 6
1 2 35 9
8 2 38 9
5 2 40 10
4 2 35 22
2 2 39 23
1 2 35 26
5 2 38 28
1 2 46 28
4 2 45 27
5 2 44 27
7 2 37 28
3 2 35 28
4 2 35 28
3 2 35 34
7 2 35 50
7 2 37 49
8 2 45 49
5 2 35 52
3 2 35 56
7 2 38 56
4 2 37 56
6 2 35 59
7 2 35 67
3 2 41 68
6 2 38 66
8 2 35 67
4 2 40 66
1 2 35 87
4 2 39 86
8 2 35 92
5 2 35 93
3 2 35 98
4 2 40 99
6 2 37 97
2 2 36 99
8 2 34 26
3 2 34 26
7 2 37 25
6 2 36 25
4 2 38 24
3 2 39 23
8 2 34 35
5 2 37 35
7 2 34 36
1 2 43 37
4 2 43 36
4 2 35 35
2 2 40 34
6 2 35 37
2 2 34 46
2 2 36 45
5 2 35 45
6 2 34 50
3 2 34 54
7 2 45 99
8 2 37 54
1 2 34 66
6 2 39 67
7 2 38 68
6 2 37 67
8 2 36 65
4 2 37 64
6 2 34 72
7 2 37 72
2 2 34 74
3 2 36 73
7 2 33 7
1 2 33 14
2 2 38 14
2 2 46 13
8 2 35 14
6 2 39 13
7 2 33 21
5 2 48 21
6 2 33 22
7 2 36 23
8 2 50 23
2 2 33 27
3 2 33 37
5 2 37 38
8 2 33 43
6 2 38 42
8 2 39 41
3 2 34 42
4 2 39 43
3 2 36 41
5 2 37 41
7 2 33 45
7 2 33 49
6 2 43 48
1 2 33 50
6 2 47 52
6 2 42 49
1 2 33 55
4 2 33 60
4 2 36 59
8 2 36 61
8 2 33 71
4 2 36 70
8 2 37 55
1 2 36 70
3 2 33 85
2 2 33 90
3 2 32 11
5 2 32 15
8 2 32 16
3 2 38 16
1 2 38 69
5 2 33 16
1 2 32 21
8 2 38 20
5 2 36 22
8 2 36 21
3 2 34 23
1 2 35 23
5 2 36 24
7 2 41 16
3 2 32 22
5 2 32 34
3 2 41 23
6 2 32 45
3 2 35 45
7 2 32 55
8 2 32 57
4 2 45 56
3 2 41 33
5 2 35 58
8 2 32 77
3 2 41 76
6 2 40 76
4 2 40 76
3 2 37 76
7 2 32 80
1 2 38 79
7 2 32 88
5 2 38 88
8 2 32 89
2 2 39 90
8 2 33 90
1 2 38 91
5 2 49 92
4 2 32 95
5 2 40 95
8 2 37 96
3 2 35 95
1 2 36 94
7 2 43 93
8 2 41 93
5 2 41 93
1 2 35 96
2 2 50 56
2 2 32 98
7 2 31 9
7 2 31 45
4 2 31 48
5 2 39 97
6 2 31 54
5 2 40 47
7 2 36 54
6 2 31 58
1 2 31 65
3 2 31 80
8 2 31 92
8 2 34 57
5 2 37 91
4 2 32 92
6 2 31 99
4 2 30 8
5 2 40 7
4 2 39 8
2 2 44 56
3 2 43 57
6 2 39 7
3 2 34 9
7 2 34 8
1 2 33 7
4 2 40 7
8 2 30 7
2 2 30 23
6 2 30 42
2 2 31 10
6 2 38 10
6 2 32 10
1 2 34 11
5 2 39 43
4 2 34 10
8 2 30 54
3 2 40 12
1 2 32 53
2 2 32 54
6 2 30 56
3 2 30 55
1 2 30 62
8 2 30 81
8 2 35 82
4 2 36 83
3 2 36 84
1 2 37 85
6 2 35 83
7 2 35 82
6 2 36 82
2 2 43 53
6 2 35 85
5 2 34 82
2 2 48 81
3 2 36 81
2 2 34 82
1 2 33 82
2 2 35 81
5 2 36 82
4 2 35 81
7 2 35 83
1 2 30 84
3 2 30 87
5 2 37 86
2 2 36 86
8 2 36 87
2 2 30 96
5 2 29 9
2 2 29 16
6 2 39 80
7 2 31 15
5 2 29 18
6 2 29 19
7 2 29 19
4 2 29 36
8 2 29 43
7 2 34 37
2 2 37 43
2 2 33 38
6 2 29 44
5 2 29 45
4 2 29 52
8 2 40 36
5 2 34 52
6 2 30 51
1 2 34 53
3 2 31 50
4 2 39 51
5 2 32 49
1 2 32 51
8 2 29 51
6 2 31 49
8 2 29 59
1 2 30 59
4 2 34 60
6 2 31 60
2 2 33 61
1 2 34 62
5 2 39 52
8 2 33 62
7 2 29 62
8 2 29 67
6 2 29 68
5 2 30 60
3 2 29 67
8 2 30 67
5 2 29 66
5 2 29 76
5 2 29 84
5 2 29 91
4 2 32 75
3 2 33 76
2 2 37 75
1 2 34 76
6 2 34 91
4 2 34 92
4 2 33 75
6 2 32 75
8 2 32 75
5 2 33 76
7 2 28 14
6 2 30 15
1 2 28 22
8 2 28 29
3 2 28 34
6 2 32 33
1 2 34 33
6 2 38 33
5 2 28 52
7 2 31 51
6 2 32 77
1 2 28 58
5 2 29 57
5 2 28 62
2 2 30 61
8 2 33 63
2 2 28 63
7 2 31 63
8 2 32 62
5 2 35 63
2 2 28 67
6 2 28 83
6 2 33 82
1 2 33 82
6 2 31 83
3 2 29 82
7 2 28 98
2 2 42 52
4 2 28 100
6 2 28 99
5 2 30 98
6 2 27 1
6 2 27 5
8 2 27 9
1 2 31 10
2 2 30 10
5 2 29 10
3 2 29 10
2 2 27 9
3 2 28 8
6 2 27 23
5 2 27 53
7 2 28 52
8 2 27 60
4 2 27 59
1 2 27 70
5 2 27 75
1 2 29 74
4 2 36 73
5 2 35 74
8 2 32 73
7 2 33 73
8 2 34 73
5 2 32 99
7 2 31 72
3 2 27 82
7 2 27 84
7 2 26 13
5 2 26 16
1 2 28 82
8 2 26 15
8 2 27 16
2 2 26 20
3 2 36 21
1 2 26 21
6 2 29 20
4 2 35 21
7 2 29 21
4 2 28 20
1 2 27 20
3 2 26 20
2 2 27 20
6 2 26 31
3 2 26 30
8 2 33 31
1 2 41 17
6 2 39 32
5 2 34 30
7 2 32 30
6 2 37 29
3 2 34 30
2 2 36 30
5 2 26 33
6 2 26 45
6 2 27 32
8 2 26 61
1 2 26 62
5 2 26 69
4 2 32 68
2 2 29 69
8 2 30 45
7 2 31 44
1 2 30 44
6 2 30 45
4 2 29 46
5 2 29 70
8 2 33 70
8 2 27 69
3 2 26 74
3 2 26 78
4 2 31 74
7 2 30 79
1 2 33 77
6 2 29 80
8 2 36 79
2 2 31 78
7 2 28 79
7 2 34 78
7 2 31 77
5 2 28 80
6 2 27 77
5 2 33 79
5 2 31 78
6 2 26 80
1 2 37 79
5 2 26 89
8 2 29 88
2 2 26 88
5 2 29 88
7 2 34 87
6 2 34 90
3 2 33 87
3 2 28 89
3 2 33 90
2 2 26 96
1 2 29 97
8 2 37 79
3 2 36 80
7 2 37 80
4 2 35 80
5 2 25 3
8 2 33 4
6 2 37 97
6 2 31 4
2 2 30 4
4 2 26 5
1 2 25 14
5 2 30 14
4 2 31 13
8 2 29 14
2 2 25 28
8 2 25 28
3 2 36 29
2 2 27 27
7 2 32 29
7 2 30 28
1 2 25 36
5 2 31 37
6 2 30 38
8 2 33 38
1 2 36 39
5 2 27 37
5 2 25 48
4 2 26 47
1 2 29 48
2 2 36 47
4 2 29 49
8 2 30 50
2 2 27 48
3 2 27 49
5 2 26 48
7 2 25 52
8 2 26 52
5 2 29 54
4 2 29 55
7 2 33 56
5 2 27 53
8 2 36 52
1 2 25 58
3 2 27 59
1 2 29 57
5 2 30 57
5 2 28 58
6 2 25 68
4 2 25 68
5 2 26 68
1 2 25 69
2 2 24 6
1 2 38 6
7 2 24 15
1 2 24 28
2 2 38 29
6 2 37 29
2 2 24 32
2 2 39 31
8 2 26 33
4 2 27 33
2 2 37 32
3 2 38 33
1 2 37 32
4 2 37 34
5 2 30 34
8 2 27 34
6 2 24 38
4 2 31 39
8 2 35 40
3 2 24 42
6 2 32 40
7 2 26 42
1 2 31 41
6 2 27 42
7 2 34 42
5 2 24 58
1 2 26 59
3 2 24 58
6 2 24 61
8 2 28 61
4 2 25 61
2 2 24 89
3 2 25 88
7 2 24 88
6 2 23 10
8 2 23 14
5 2 23 45
3 2 24 46
3 2 23 54
6 2 27 54
3 2 26 53
1 2 26 54
3 2 24 54
6 2 23 70
4 2 32 71
8 2 25 72
5 2 30 71
7 2 30 71
6 2 29 71
5 2 29 73
7 2 28 74
5 2 27 72
5 2 27 74
7 2 27 73
2 2 26 72
3 2 26 71
6 2 26 73
7 2 24 69
6 2 27 68
8 2 26 68
7 2 25 70
2 2 23 69
4 2 23 70
8 2 23 71
4 2 25 71
8 2 23 79
7 2 41 80
8 2 40 81
6 2 30 79
1 2 23 88
8 2 22 17
7 2 27 18
4 2 23 16
6 2 22 19
8 2 37 18
3 2 36 19
5 2 26 19
8 2 26 19
5 2 24 20
6 2 25 21
3 2 26 23
6 2 24 19
6 2 37 18
3 2 29 18
2 2 32 18
6 2 32 17
7 2 25 18
3 2 23 20
7 2 22 27
2 2 31 28
4 2 22 29
7 2 23 30
1 2 22 32
4 2 24 33
2 2 22 57
8 2 24 55
1 2 22 56
3 2 22 55
5 2 22 65
5 2 43 3
8 2 50 64
2 2 29 66
2 2 25 66
2 2 22 65
5 2 22 80
5 2 32 79
1 2 31 79
4 2 27 81
4 2 25 81
4 2 22 95
3 2 27 94
2 2 32 93
7 2 38 94
2 2 36 93
7 2 35 93
3 2 23 94
1 2 23 95
6 2 32 94
6 2 33 94
1 2 30 94
2 2 38 94
3 2 27 94
6 2 26 94
3 2 30 94
2 2 27 95
5 2 25 96
2 2 28 95
8 2 21 1
1 2 21 3
3 2 28 2
6 2 21 27
7 2 28 4
8 2 29 27
4 2 21 36
3 2 22 36
6 2 28 35
6 2 21 40
7 2 27 41
7 2 21 40
8 2 24 39
3 2 21 39
2 2 25 41
4 2 33 40
1 2 32 42
4 2 26 41
2 2 23 40
1 2 21 42
5 2 24 42
8 2 23 43
7 2 21 53
7 2 21 76
4 2 24 74
2 2 22 77
8 2 28 76
2 2 23 77
7 2 27 76
8 2 25 78
6 2 21 80
2 2 21 82
2 2 25 81
5 2 21 88
3 2 21 99
8 2 31 98
5 2 36 2
7 2 27 99
4 2 27 99
1 2 26 99
3 2 20 11
2 2 22 11
7 2 24 12
5 2 36 13
6 2 32 13
8 2 20 12
3 2 30 12
2 2 20 14
4 2 20 14
4 2 20 18
3 2 23 18
1 2 20 18
3 2 20 23
3 2 36 25
6 2 20 49
7 2 23 48
5 2 20 50
1 2 25 49
5 2 25 50
1 2 20 70
4 2 20 88
6 2 21 87
2 2 30 87
8 2 21 88
7 2 19 3
3 2 41 2
2 2 37 99
2 2 19 8
2 2 28 7
3 2 36 6
1 2 24 7
4 2 23 8
2 2 24 8
1 2 25 7
6 2 19 9
3 2 19 8
5 2 37 7
7 2 22 7
3 2 21 7
1 2 33 6
4 2 35 5
7 2 32 7
5 2 19 24
8 2 25 25
6 2 39 25
7 2 33 25
2 2 32 25
1 2 35 26
2 2 34 25
8 2 33 26
4 2 22 24
8 2 23 23
7 2 19 25
4 2 28 25
8 2 21 24
7 2 22 23
4 2 21 23
5 2 21 22
6 2 22 21
6 2 20 23
5 2 30 22
1 2 20 24
8 2 20 25
3 2 19 31
5 2 27 29
5 2 21 31
4 2 19 39
5 2 27 38
2 2 26 38
5 2 20 39
1 2 20 40
8 2 22 39
6 2 25 40
1 2 21 39
5 2 19 46
7 2 30 47
3 2 29 48
7 2 19 49
4 2 19 56
8 2 37 55
6 2 19 59
3 2 20 59
2 2 19 59
1 2 21 60
3 2 25 61
1 2 24 62
7 2 19 62
7 2 19 67
1 2 27 66
5 2 24 66
5 2 19 67
2 2 20 66
5 2 29 65
6 2 19 89
1 2 23 88
2 2 21 89
5 2 31 91
8 2 26 91
1 2 21 90
6 2 19 96
1 2 24 96
3 2 29 97
4 2 26 98
5 2 35 99
4 2 28 97
3 2 25 98
4 2 23 95
8 2 22 96
8 2 26 95
3 2 21 95
1 2 25 94
8 2 19 97
8 2 43 2
2 2 22 98
4 2 21 97
4 2 19 98
7 2 18 8
4 2 21 98
5 2 21 99
2 2 18 11
1 2 29 12
5 2 28 13
1 2 19 10
8 2 18 10
5 2 18 32
8 2 19 31
2 2 22 33
6 2 23 34
8 2 20 32
5 2 20 32
2 2 26 30
2 2 19 30
1 2 19 33
2 2 22 29
4 2 23 32
5 2 18 41
3 2 18 55
6 2 20 56
4 2 20 56
7 2 19 56
4 2 26 55
8 2 19 57
8 2 18 60
7 2 21 59
5 2 21 60
4 2 18 67
7 2 21 66
1 2 20 66
7 2 25 65
2 2 24 65
3 2 28 28
1 2 25 64
6 2 19 66
5 2 20 65
4 2 19 66
3 2 18 66
3 2 18 78
7 2 18 80
1 2 18 88
4 2 17 1
2 2 24 2
2 2 17 8
4 2 18 8
4 2 19 7
3 2 23 6
8 2 22 7
2 2 18 8
4 2 17 15
2 2 21 15
4 2 17 24
8 2 23 80
1 2 24 81
3 2 17 23
6 2 17 22
2 2 17 24
6 2 17 25
7 2 17 26
4 2 17 29
8 2 17 30
6 2 18 26
7 2 17 32
7 2 18 30
2 2 18 33
3 2 24 29
8 2 21 34
6 2 24 36
7 2 21 35
3 2 20 34
7 2 21 33
2 2 17 39
4 2 21 36
8 2 17 38
1 2 19 37
3 2 17 45
1 2 21 36
8 2 21 46
5 2 17 50
6 2 17 53
3 2 17 58
8 2 19 45
7 2 17 70
1 2 17 75
2 2 24 74
5 2 19 57
8 2 17 78
6 2 17 90
5 2 21 89
8 2 16 8
5 2 17 8
7 2 22 9
1 2 21 10
2 2 20 76
3 2 23 77
6 2 19 77
8 2 16 16
7 2 16 29
8 2 17 28
6 2 16 30
5 2 16 52
4 2 18 53
2 2 19 52
1 2 22 52
8 2 27 7
1 2 24 51
7 2 16 53
8 2 18 52
6 2 21 51
7 2 18 54
5 2 17 53
6 2 17 53
4 2 16 56
7 2 16 60
2 2 16 61
6 2 16 75
8 2 16 74
3 2 22 73
5 2 20 73
4 2 16 76
4 2 17 77
7 2 16 93
5 2 25 92
5 2 23 92
3 2 19 93
4 2 23 92
4 2 21 93
3 2 21 92
7 2 26 91
1 2 23 91
8 2 20 92
8 2 17 93
2 2 22 94
2 2 20 94
5 2 19 95
2 2 22 94
3 2 20 95
2 2 20 96
5 2 16 93
2 2 17 93
6 2 15 14
2 2 27 13
8 2 27 12
5 2 21 12
7 2 15 21
8 2 15 26
7 2 29 25
2 2 15 28
1 2 15 29
3 2 15 31
5 2 23 30
7 2 15 34
4 2 15 65
3 2 18 65
3 2 20 64
8 2 15 64
8 2 25 63
1 2 21 63
4 2 20 63
7 2 15 85
7 2 15 97
6 2 14 1
5 2 25 1
8 2 28 1
1 2 38 51
4 2 33 2
8 2 32 2
2 2 32 2
8 2 34 2
4 2 14 17
1 2 21 1
7 2 14 30
3 2 14 29
8 2 14 67
2 2 19 67
5 2 21 18
8 2 14 69
6 2 18 68
3 2 18 70
8 2 20 68
3 2 20 71
7 2 18 71
4 2 16 70
5 2 14 78
7 2 15 77
2 2 14 87
4 2 19 88
2 2 14 95
1 2 19 94
8 2 18 94
6 2 14 97
6 2 20 71
5 2 22 72
2 2 19 72
4 2 15 98
4 2 13 3
1 2 13 2
7 2 27 1
5 2 26 1
5 2 21 1
2 2 17 1
2 2 14 1
4 2 14 96
2 2 14 97
6 2 13 17
2 2 20 17
6 2 13 22
1 2 13 23
3 2 13 22
2 2 26 21
7 2 25 21
7 2 13 31
6 2 13 34
5 2 23 34
4 2 22 34
2 2 17 34
5 2 14 34
6 2 20 35
8 2 19 35
8 2 16 35
4 2 13 36
2 2 17 35
2 2 13 37
7 2 15 38
7 2 13 37
6 2 13 43
3 2 13 64
4 2 12 6
3 2 32 5
2 2 19 5
4 2 15 6
6 2 17 6
4 2 17 5
4 2 18 4
7 2 12 13
8 2 13 6
5 2 16 7
2 2 13 6
1 2 19 5
2 2 16 14
7 2 15 7
3 2 13 12
7 2 17 11
4 2 17 10
3 2 16 11
8 2 19 10
2 2 17 10
2 2 13 13
4 2 15 12
3 2 13 14
1 2 12 6
4 2 14 5
3 2 13 5
1 2 12 15
6 2 12 23
7 2 12 52
2 2 17 53
4 2 24 52
1 2 13 53
4 2 12 62
5 2 16 6
2 2 15 62
8 2 12 63
8 2 12 66
7 2 12 71
5 2 12 73
8 2 12 79
6 2 12 78
3 2 13 74
5 2 16 73
7 2 17 73
4 2 12 77
7 2 12 77
4 2 12 91
8 2 15 91
5 2 15 90
1 2 12 94
3 2 11 1
7 2 23 2
6 2 24 2
3 2 15 92
7 2 11 3
1 2 18 3
6 2 15 3
6 2 11 11
3 2 11 24
7 2 14 25
7 2 29 3
7 2 11 26
1 2 11 44
8 2 11 57
1 2 13 57
6 2 12 57
3 2 13 57
1 2 16 56
2 2 13 56
1 2 11 60
5 2 23 60
3 2 22 60
3 2 16 60
1 2 16 61
4 2 22 60
7 2 15 59
8 2 15 60
4 2 14 59
3 2 11 66
2 2 11 73
2 2 14 72
6 2 14 72
5 2 13 72
4 2 11 75
3 2 17 75
2 2 16 75
6 2 16 74
8 2 15 74
6 2 11 77
4 2 11 81
5 2 11 90
3 2 18 89
4 2 14 89
1 2 12 89
6 2 12 91
2 2 14 92
8 2 11 91
3 2 18 91
4 2 11 99
5 2 20 99
2 2 13 99
1 2 11 98
3 2 12 99
1 2 10 5
4 2 10 13
6 2 10 15
3 2 21 15
5 2 10 21
6 2 15 20
6 2 19 19
2 2 10 24
1 2 10 34
2 2 10 52
8 2 15 51
2 2 31 26
2 2 28 50
1 2 10 63
4 2 16 64
3 2 15 54
5 2 12 64
5 2 10 66
7 2 10 87
6 2 19 87
8 2 17 86
1 2 20 85
6 2 16 86
2 2 15 87
1 2 11 86
6 2 17 86
8 2 10 88
4 2 9 8
6 2 9 10
7 2 10 90
2 2 11 89
5 2 14 91
7 2 13 91
6 2 13 92
3 2 13 92
8 2 9 26
1 2 9 27
4 2 9 28
3 2 9 33
8 2 12 32
2 2 13 31
8 2 9 33
1 2 9 36
2 2 9 38
6 2 16 10
1 2 13 38
4 2 10 37
7 2 9 47
4 2 9 49
2 2 21 48
5 2 13 37
4 2 14 37
7 2 9 51
7 2 9 84
3 2 18 48
1 2 20 47
2 2 9 93
1 2 14 95
8 2 13 92
2 2 9 96
4 2 9 98
1 2 21 99
1 2 8 9
8 2 8 10
2 2 8 21
5 2 9 21
2 2 15 21
8 2 10 20
4 2 16 19
5 2 15 19
2 2 12 20
5 2 23 19
1 2 16 19
1 2 9 20
2 2 8 27
2 2 8 41
5 2 13 42
4 2 23 43
4 2 23 83
2 2 21 43
1 2 20 43
3 2 20 44
4 2 17 41
6 2 19 40
4 2 14 41
5 2 8 42
2 2 10 41
8 2 21 40
3 2 17 42
3 2 8 51
1 2 8 57
5 2 13 58
1 2 13 59
7 2 15 41
8 2 12 58
7 2 8 60
8 2 8 98
5 2 7 9
5 2 11 8
3 2 7 20
2 2 10 19
7 2 7 22
6 2 8 22
6 2 7 27
3 2 7 41
8 2 7 61
6 2 9 61
5 2 11 62
2 2 8 62
4 2 9 62
2 2 7 65
8 2 8 65
7 2 7 67
7 2 7 70
2 2 10 60
8 2 9 60
2 2 12 69
1 2 9 71
6 2 11 72
6 2 14 59
6 2 8 60
6 2 13 60
3 2 8 71
3 2 11 70
5 2 19 69
8 2 10 73
4 2 9 70
3 2 14 73
5 2 11 69
7 2 16 69
6 2 7 73
3 2 19 68
3 2 7 84
4 2 7 83
5 2 7 98
6 2 22 72
7 2 11 99
5 2 9 99
2 2 6 1
6 2 18 1
7 2 13 1
3 2 6 2
8 2 10 1
7 2 6 5
3 2 16 3
4 2 15 3
6 2 26 3
3 2 25 3
5 2 15 3
7 2 14 3
3 2 18 2
8 2 13 4
1 2 9 4
8 2 6 6
6 2 13 6
7 2 12 6
6 2 6 24
1 2 10 23
8 2 7 25
4 2 9 26
5 2 7 25
8 2 6 31
1 2 8 31
3 2 6 37
7 2 6 43
3 2 12 43
6 2 16 45
1 2 21 46
7 2 11 43
3 2 26 43
5 2 8 42
5 2 19 43
8 2 14 43
8 2 6 42
8 2 17 44
6 2 13 44
3 2 6 43
1 2 6 44
7 2 6 46
6 2 6 56
5 2 6 61
7 2 6 60
4 2 6 63
3 2 19 64
6 2 8 62
2 2 11 63
2 2 19 64
3 2 6 67
2 2 16 68
2 2 9 66
4 2 8 67
5 2 6 73
8 2 6 85
6 2 12 85
8 2 18 86
1 2 17 86
7 2 8 84
6 2 22 83
3 2 19 83
8 2 13 85
8 2 11 85
4 2 13 86
6 2 7 84
1 2 6 89
6 2 12 88
8 2 11 89
4 2 10 89
8 2 13 90
6 2 5 4
2 2 9 3
5 2 5 7
5 2 12 6
4 2 10 7
8 2 9 7
3 2 8 8
2 2 10 8
3 2 6 7
8 2 6 8
6 2 5 21
4 2 7 20
4 2 5 26
8 2 5 46
6 2 5 47
3 2 5 51
4 2 16 50
5 2 15 51
8 2 5 76
2 2 5 99
6 2 7 97
7 2 17 96
6 2 12 96
1 2 4 1
5 2 4 5
4 2 4 12
6 2 13 11
6 2 13 13
3 2 4 19
7 2 4 29
1 2 4 44
4 2 4 55
7 2 4 56
5 2 4 62
1 2 12 60
7 2 6 62
6 2 11 63
8 2 6 61
3 2 5 62
8 2 4 64
8 2 4 68
3 2 4 73
4 2 7 73
2 2 4 81
7 2 6 80
8 2 4 86
2 2 15 86
8 2 14 86
7 2 6 87
2 2 4 96
7 2 7 96
8 2 3 5
4 2 3 8
1 2 6 7
3 2 14 8
6 2 5 8
2 2 11 8
1 2 4 7
6 2 10 6
7 2 3 20
6 2 13 19
1 2 3 19
6 2 3 26
6 2 13 27
4 2 7 25
4 2 6 27
3 2 5 25
5 2 5 26
8 2 3 28
1 2 3 27
3 2 3 54
1 2 3 82
1 2 15 97
1 2 19 83
2 2 5 83
5 2 3 83
2 2 3 86
7 2 3 89
8 2 2 1
8 2 5 1
4 2 6 2
5 2 5 2
2 2 4 1
7 2 2 2
5 2 2 6
4 2 2 12
4 2 8 11
2 2 11 10
1 2 10 10
3 2 2 16
1 2 12 17
7 2 18 16
1 2 17 17
3 2 2 19
8 2 5 18
8 2 11 17
4 2 12 16
1 2 2 33
4 2 6 33
4 2 12 34
4 2 8 32
6 2 4 34
6 2 14 35
7 2 9 34
1 2 6 35
2 2 10 35
8 2 5 34
3 2 4 35
7 2 2 49
4 2 4 48
5 2 11 49
3 2 21 50
6 2 6 48
8 2 15 49
7 2 2 55
8 2 10 54
2 2 6 53
6 2 2 60
2 2 2 63
1 2 2 64
7 2 8 64
6 2 3 64
8 2 5 64
4 2 2 70
8 2 9 71
6 2 9 70
1 2 12 71
5 2 2 73
8 2 22 73
1 2 2 78
1 2 9 78
3 2 25 78
3 2 8 78
4 2 2 82
3 2 2 98
1 2 1 8
4 2 1 21
8 2 1 23
7 2 1 30
5 2 5 22
8 2 1 33
4 2 5 33
8 2 6 29
3 2 5 29
2 2 1 41
6 2 8 42
8 2 7 40
5 2 10 39
5 2 11 38
1 2 7 42
7 2 6 41
5 2 1 45
7 2 13 45
8 2 6 45
4 2 4 46
1 2 1 53
8 2 6 52
1 2 4 52
8 2 4 53
4 2 1 61
6 2 3 60
8 2 8 59
4 2 11 59
7 2 3 61
4 2 3 60
6 2 1 61
7 2 1 61
6 2 2 62
8 2 1 63
6 2 1 65
1 2 1 67
6 2 4 66
3 2 9 67
2 2 5 65
1 2 1 70
1 2 7 71
4 2 6 69
7 2 3 71
7 2 7 70
2 2 5 71
8 2 6 70
4 2 5 70
4 2 3 70
7 2 15 34
3 2 2 70
5 2 1 76
8 2 2 71
3 2 1 71
5 2 1 97
7 2 2 76
6 2 2 99
5 2 3 96
6 2 8 100
1 2 4 95
4 2 13 95
8 2 1 100
5 3 38 27
3 3 37 81
4 3 37 100
8 2 36 100
6 3 35 17
5 3 33 85
7 2 32 85
1 2 31 85
3 3 30 24
5 3 28 16
3 3 28 75
2 3 27 54
5 3 27 55
3 3 26 1
4 2 25 1
1 2 24 1
8 3 26 27
3 3 26 58
7 3 25 4
7 3 25 24
6 3 24 81
8 3 24 92
5 3 24 94
4 3 23 14
6 3 23 58
6 3 23 84
1 3 22 4
5 3 22 19
4 3 22 24
2 3 21 1
8 3 20 11
3 3 20 79
7 3 23 80
5 3 19 4
1 3 19 80
3 3 24 81
4 3 18 6
7 3 18 64
1 3 17 44
1 3 20 45
1 3 16 2
3 3 16 22
2 3 16 45
4 3 16 47
3 3 16 93
1 3 15 35
7 3 14 85
2 3 19 85
3 3 13 30
4 3 13 58
7 3 13 93
5 3 13 97
5 3 19 98
5 3 15 97
8 3 13 99
4 3 12 1
7 3 12 18
1 3 19 17
1 3 14 18
4 2 13 18
2 3 12 23
5 3 12 39
6 3 11 9
3 3 11 36
6 3 19 37
1 3 14 37
6 3 18 37
1 3 11 41
7 3 10 34
7 3 10 42
4 3 11 42
4 3 10 65
4 3 11 65
3 3 10 87
5 3 10 90
6 3 25 91
7 3 10 98
2 2 9 98
3 2 9 97
5 3 9 3
4 3 11 4
4 3 9 2
3 3 9 23
4 3 9 36
5 3 9 67
3 3 8 9
8 3 8 30
2 3 8 76
8 3 8 92
3 2 7 92
1 2 12 94
1 2 14 91
3 3 7 61
4 3 7 83
4 3 6 18
3 3 6 63
7 3 7 63
7 3 6 67
2 3 6 73
5 3 6 93
1 2 9 92
7 2 12 94
6 3 6 92
1 2 5 92
4 2 8 91
5 3 5 8
4 3 5 29
5 2 8 30
3 3 14 29
5 3 5 29
8 3 5 28
1 3 5 68
7 2 8 68
6 2 11 68
4 2 13 69
6 3 5 80
5 2 15 81
7 3 4 36
2 3 4 87
5 2 9 86
7 2 9 85
3 2 8 85
7 3 3 11
7 2 6 10
2 2 16 11
6 3 3 82
1 2 2 82
2 3 6 81
8 3 3 91
7 3 2 7
3 3 2 8
8 3 2 20
1 3 2 62
3 2 1 62
1 3 2 68
1 2 8 67
6 3 2 71
5 2 1 71
1 2 2 72
7 3 1 8
6 3 6 9
4 3 1 29
1 2 2 28
6 2 1 28
2 2 2 27
4 3 18 30
7 3 3 25
7 3 18 25
4 4 26 14
7 4 25 73
7 4 22 21
5 4 22 39
7 2 21 39
7 4 21 26
4 2 20 26
6 4 20 15
4 4 22 15
1 4 18 23
3 2 17 23
4 4 18 24
8 4 18 46
4 2 17 46
8 4 18 92
1 4 17 54
2 2 16 54
5 4 18 55
5 4 16 12
3 4 16 15
8 2 22 15
1 4 16 21
1 4 15 35
3 4 15 51
6 3 22 50
6 3 31 49
5 4 14 98
2 4 13 6
7 4 13 38
4 2 12 38
6 4 13 84
7 4 13 92
4 4 12 3
3 4 11 4
3 4 11 50
2 2 12 49
4 2 11 49
1 2 11 50
8 4 11 83
7 4 10 64
3 4 10 82
7 2 9 83
8 2 9 83
8 4 10 89
8 4 9 12
5 2 11 15
6 2 14 16
6 4 9 84
4 4 9 97
2 4 8 7
4 4 9 6
1 4 8 19
1 4 12 20
1 4 8 30
2 4 8 34
8 4 8 36
6 2 9 37
2 2 11 36
3 3 10 37
1 2 9 38
4 2 9 38
8 4 8 51
2 2 7 51
3 2 7 52
6 2 7 52
1 2 6 53
1 2 8 50
6 4 7 62
4 4 5 51
6 4 11 49
5 4 4 49
6 4 16 48
3 4 3 38
2 2 4 38
5 2 3 38
6 4 3 97
3 2 1 98
2 2 1 97
7 2 5 97
4 4 2 19
8 4 2 94
6 4 1 21
8 2 1 20
3 2 1 21
2 2 1 22
4 4 1 61
3 2 1 62
8 2 4 61
5 2 3 62
8 2 9 63
5 4 3 60
6 5 22 32
1 5 22 72
6 5 20 54
2 5 19 14
4 5 19 53
8 5 18 47
1 5 17 18
1 5 13 31
5 2 18 31
4 2 18 31
3 2 17 32
2 5 13 91
5 5 12 1
3 2 11 1
6 2 12 2
6 5 12 14
1 2 11 14
2 2 11 16
7 5 12 86
4 2 10 87
2 5 11 18
7 2 10 18
4 5 9 83
5 5 7 41
3 5 5 26
7 5 5 56
2 2 7 55
2 5 3 54
6 2 5 56
5 2 6 57
4 2 7 57
8 5 15 53
5 5 2 74
3 2 1 74
3 2 15 73
2 3 6 74
2 3 9 74
8 5 1 69
1 6 20 11
6 6 14 57
1 6 13 95
3 6 11 79
5 2 17 79
2 2 17 78
7 2 21 77
6 4 24 81
6 6 22 79
5 6 9 12
1 2 14 11
5 6 9 62
4 6 6 21
5 6 6 54
3 6 6 84
2 2 7 83
3 6 5 85
1 2 6 84
5 2 6 83
6 6 4 6
4 6 3 1
3 4 9 4
3 4 6 3
7 6 3 5
3 6 1 45
7 2 14 46
4 2 1 46
8 2 3 47
7 2 15 44
1 3 11 43
4 3 10 43
7 4 10 45
1 7 5 1
5 7 4 17
4 7 4 61
1 7 3 23
8 2 2 23
7 7 3 57
5 2 2 58
8 2 3 56
1 3 3 56
3 2 2 58
3 2 3 55
4 2 2 55
6 5 3 54
5 3 2 54
7 7 2 50
1 2 3 52
7 3 3 52
4 7 1 28
3 8 16 75
4 8 13 41
1 2 11 42
6 8 13 48
2 8 11 12
7 2 9 13
1 2 14 14
4 2 13 14
1 8 11 76
6 2 14 75
4 5 11 75
2 3 11 75
8 2 9 76
6 8 8 89
6 2 12 91
8 8 4 94
3 2 7 94
7 2 7 94
2 8 1 66
5 9 9 70
2 2 17 71
1 3 6 72
2 2 5 72
1 2 5 71
8 9 8 69
5 9 6 4
7 9 3 61
5 10 10 87
5 10 5 74
4 2 6 75
3 11 14 15
2 3 13 15
5 2 12 15
8 11 13 29
3 2 12 29
8 11 3 19
1 2 3 18
2 2 2 18
4 11 2 69
7 2 1 69
2 2 1 68
6 2 2 68
7 2 3 69
8 2 2 69
4 3 2 70
2 12 8 72
6 13 7 31
1 2 6 32
4 14 7 49
4 15 7 88
1 2 6 90
3 2 6 89
5 2 9 92
1 15 6 68
4 2 4 70
3 2 3 68
4 2 5 70
7 2 4 70
7 16 9 10
8 16 5 65
7 2 1 67
3 2 4 66
7 17 3 55
4 19 16 47
1 21 9 74
5 2 7 74
6 4 6 74
4 12 10 75
6 3 11 49
6 21 5 49
4 2 3 53
7 2 4 49
4 15 13 77
3 2 10 78
2 2 9 78
2 29 3 10
8 2 3 9
3 2 2 10
1 2 3 14
4 3 2 14
6 2 2 13
1 36 1 44
7 2 3 46
3 2 3 47
4 2 5 47
8 3 5 47
5 2 5 47
5 47 3 23
6 2 3 26
3 28 5 24
8 2 4 25
6 2 6 28
7 2 7 29
1 3 6 29
