8714
4349
4 2 100 4
1 2 100 10
4 2 100 13
2 2 100 29
6 2 100 33
6 2 100 56
7 2 100 87
5 2 99 3
4 2 99 18
3 2 99 36
8 2 99 37
8 2 99 47
2 2 99 48
4 2 99 55
5 2 99 66
7 2 99 73
8 2 99 81
1 2 98 1
8 2 98 7
7 2 98 10
6 2 98 27
1 2 98 28
4 2 98 60
6 2 98 63
3 2 98 62
2 2 98 64
4 2 98 65
5 2 98 79
1 2 98 91
3 2 98 94
5 2 98 95
2 2 98 100
3 2 97 5
7 2 97 6
4 2 97 13
4 2 97 27
5 2 97 28
1 2 97 32
4 2 97 34
1 2 97 41
7 2 97 43
6 2 97 44
1 2 97 56
6 2 97 59
2 2 98 58
2 2 97 59
6 2 97 73
2 2 97 72
4 2 97 83
5 2 98 83
2 2 96 1
5 2 96 6
4 2 96 7
3 2 96 6
1 2 96 23
8 2 96 36
2 2 97 35
8 2 96 40
3 2 96 56
2 2 96 62
7 2 96 67
1 2 96 68
3 2 96 100
1 2 95 15
2 2 96 14
8 2 95 14
7 2 95 15
6 2 95 16
5 2 98 17
7 2 96 17
1 2 95 20
1 2 99 21
4 2 95 26
1 2 98 25
3 2 95 27
8 2 95 28
4 2 95 30
2 2 95 29
8 2 95 30
1 2 95 29
7 2 95 59
8 2 95 74
7 2 95 94
6 2 94 11
7 2 94 10
3 2 97 11
3 2 94 36
5 2 94 37
5 2 94 40
4 2 94 40
8 2 94 57
1 2 94 59
3 2 94 60
7 2 94 68
4 2 96 69
5 2 94 73
7 2 94 72
4 2 94 76
2 2 99 75
6 2 99 77
3 2 94 82
4 2 94 81
8 2 95 80
8 2 94 87
7 2 96 88
4 2 99 90
1 2 94 90
5 2 94 92
8 2 98 91
1 2 96 94
8 2 95 95
2 2 94 95
4 2 94 96
5 2 93 8
8 2 93 16
2 2 93 18
3 2 93 33
2 2 93 36
8 2 93 63
3 2 93 68
2 2 93 72
1 2 93 72
2 2 93 79
2 2 93 83
8 2 93 82
6 2 94 81
6 2 95 78
3 2 93 84
7 2 94 84
1 2 94 84
5 2 93 86
8 2 93 89
4 2 95 80
7 2 93 99
8 2 92 12
1 2 92 19
7 2 92 22
1 2 92 26
5 2 93 27
2 2 92 42
7 2 95 41
6 2 92 64
4 2 92 68
4 2 92 95
1 2 91 7
3 2 92 6
1 2 91 47
5 2 91 47
2 2 91 48
4 2 97 88
6 2 95 47
7 2 91 53
6 2 95 54
5 2 91 52
6 2 96 53
8 2 95 53
6 2 93 53
1 2 95 54
5 2 93 52
6 2 92 52
2 2 93 51
5 2 91 63
1 2 91 67
5 2 92 52
3 2 91 66
2 2 91 71
3 2 91 71
4 2 92 66
7 2 91 66
8 2 91 70
8 2 92 70
5 2 95 69
5 2 91 71
8 2 91 76
2 2 95 76
4 2 95 75
5 2 95 77
7 2 91 96
5 2 97 74
2 2 90 34
8 2 95 33
2 2 97 32
2 2 95 33
1 2 93 35
3 2 91 33
7 2 91 34
5 2 90 34
3 2 90 34
1 2 90 45
7 2 92 44
2 2 94 43
8 2 90 51
8 2 97 97
4 2 97 97
7 2 98 50
4 2 98 49
7 2 90 64
6 2 90 77
5 2 90 99
4 2 89 6
4 2 91 98
8 2 95 96
3 2 94 96
8 2 92 5
1 2 94 99
6 2 89 20
1 2 89 28
2 2 92 28
6 2 90 27
7 2 89 31
6 2 89 38
1 2 94 39
6 2 91 37
2 2 96 4
3 2 89 41
5 2 94 40
1 2 89 42
7 2 91 41
6 2 92 40
2 2 91 40
4 2 89 41
8 2 89 48
2 2 96 38
5 2 89 59
5 2 92 58
1 2 92 60
6 2 92 60
1 2 89 63
4 2 89 64
6 2 94 65
5 2 93 65
5 2 89 69
4 2 95 70
1 2 94 71
2 2 88 2
5 2 96 49
6 2 95 50
7 2 88 4
2 2 88 26
6 2 88 31
8 2 92 30
6 2 92 32
5 2 91 32
3 2 88 32
8 2 89 32
1 2 88 40
5 2 88 43
8 2 88 44
8 2 88 58
2 2 91 58
3 2 88 58
6 2 88 80
2 2 88 81
5 2 92 81
7 2 88 82
5 2 88 83
1 2 91 82
3 2 90 82
8 2 89 82
5 2 90 83
2 2 88 93
6 2 94 4
6 2 95 93
7 2 94 93
2 2 94 92
6 2 88 93
3 2 88 97
5 2 92 97
2 2 91 97
2 2 95 98
7 2 94 98
3 2 87 4
1 2 90 2
1 2 87 4
5 2 87 3
4 2 87 8
3 2 87 10
4 2 87 31
5 2 87 32
7 2 87 40
5 2 87 45
6 2 87 48
7 2 89 49
7 2 87 48
8 2 87 47
4 2 89 48
8 2 87 55
3 2 87 76
6 2 90 44
6 2 87 75
7 2 93 77
3 2 88 77
5 2 87 94
4 2 86 10
5 2 88 10
6 2 86 26
7 2 89 25
3 2 91 26
1 2 86 31
4 2 89 30
3 2 90 29
5 2 89 30
8 2 86 35
8 2 90 37
8 2 86 40
4 2 86 43
5 2 86 51
4 2 89 51
3 2 93 50
5 2 86 54
7 2 86 61
4 2 91 60
8 2 87 60
5 2 93 61
8 2 90 61
7 2 88 61
1 2 87 60
8 2 86 67
8 2 88 69
8 2 91 69
7 2 89 68
3 2 90 69
7 2 92 71
5 2 88 69
5 2 86 92
6 2 85 5
7 2 85 7
2 2 94 8
2 2 87 6
1 2 85 8
6 2 85 11
8 2 94 12
2 2 94 12
6 2 90 12
1 2 94 74
2 2 93 75
2 2 86 12
3 2 85 12
4 2 85 12
7 2 85 17
6 2 87 16
5 2 85 27
8 2 86 28
3 2 87 27
6 2 85 41
5 2 85 44
4 2 85 53
3 2 85 52
2 2 85 60
3 2 91 61
2 2 87 61
4 2 86 61
7 2 85 65
7 2 86 64
6 2 85 69
8 2 85 71
8 2 90 72
6 2 89 72
3 2 85 82
2 2 89 83
7 2 88 83
3 2 87 81
1 2 87 83
3 2 85 92
3 2 90 91
6 2 90 90
4 2 90 92
2 2 87 91
3 2 89 92
8 2 88 92
1 2 86 92
2 2 85 94
8 2 84 7
8 2 88 8
8 2 84 10
6 2 91 9
4 2 87 11
3 2 84 17
7 2 92 17
4 2 92 18
3 2 85 17
8 2 84 20
6 2 91 21
8 2 84 37
8 2 85 37
3 2 85 38
8 2 87 36
5 2 87 39
6 2 86 36
3 2 88 35
8 2 85 38
5 2 85 37
7 2 90 38
5 2 89 38
8 2 88 38
1 2 84 41
5 2 84 42
2 2 85 42
4 2 84 49
5 2 86 48
2 2 85 49
1 2 84 63
2 2 87 65
1 2 87 65
8 2 89 66
7 2 88 64
8 2 83 2
7 2 93 13
3 2 83 4
6 2 83 6
5 2 83 13
2 2 87 14
4 2 89 14
5 2 93 15
1 2 90 14
5 2 91 16
2 2 85 13
6 2 87 12
4 2 86 12
7 2 83 19
1 2 95 1
7 2 93 19
5 2 83 19
7 2 83 28
6 2 86 28
3 2 83 50
6 2 83 52
5 2 83 54
4 2 83 56
1 2 85 55
8 2 90 56
6 2 87 54
6 2 85 54
5 2 83 58
8 2 83 64
4 2 83 83
3 2 88 84
8 2 84 83
4 2 83 89
8 2 91 88
8 2 93 19
7 2 90 88
6 2 91 88
4 2 83 92
6 2 83 92
7 2 83 96
3 2 83 100
8 2 82 28
3 2 82 44
3 2 85 97
7 2 84 43
1 2 83 43
3 2 84 42
8 2 83 42
5 2 82 42
4 2 82 42
6 2 84 41
3 2 82 51
1 2 82 56
6 2 84 57
7 2 82 58
1 2 82 64
8 2 85 63
7 2 84 63
6 2 84 62
4 2 82 87
5 2 94 86
7 2 93 86
5 2 91 45
6 2 85 86
2 2 90 87
2 2 89 85
1 2 88 85
2 2 82 92
1 2 82 94
1 2 81 10
2 2 82 10
7 2 84 11
5 2 84 12
1 2 81 13
5 2 81 27
6 2 84 25
4 2 83 27
6 2 82 26
7 2 81 35
1 2 81 45
3 2 83 46
6 2 82 46
7 2 81 45
5 2 87 44
2 2 84 44
4 2 81 51
4 2 81 62
1 2 81 68
5 2 81 68
4 2 81 73
7 2 81 85
8 2 82 85
5 2 84 87
7 2 81 96
6 2 82 97
8 2 86 84
8 2 87 85
6 2 88 87
8 2 82 98
1 2 82 97
2 2 82 99
8 2 80 2
3 2 80 1
4 2 80 3
8 2 80 4
4 2 80 27
4 2 80 34
4 2 80 38
6 2 80 56
1 2 80 59
5 2 80 63
4 2 80 69
8 2 80 72
5 2 80 74
3 2 80 80
5 2 87 79
1 2 80 84
6 2 86 86
8 2 80 99
1 2 79 4
4 2 85 3
4 2 84 4
6 2 85 5
1 2 84 3
5 2 84 6
1 2 83 6
8 2 81 5
3 2 82 4
5 2 82 6
3 2 83 7
1 2 79 8
2 2 79 20
3 2 90 79
3 2 92 18
2 2 84 20
1 2 89 22
4 2 91 21
5 2 88 22
3 2 85 21
4 2 79 24
3 2 87 24
4 2 93 23
1 2 92 23
1 2 79 34
2 2 84 35
6 2 87 34
8 2 79 33
6 2 86 31
8 2 79 45
7 2 79 81
6 2 85 80
7 2 92 79
4 2 88 79
6 2 88 78
8 2 82 82
2 2 79 88
5 2 92 90
3 2 82 87
1 2 87 86
3 2 86 86
3 2 85 88
6 2 85 89
7 2 85 89
5 2 85 90
3 2 80 89
8 2 81 90
5 2 86 89
7 2 80 90
4 2 80 90
5 2 82 89
1 2 81 91
6 2 80 91
3 2 79 93
5 2 81 92
6 2 79 95
7 2 87 94
3 2 87 96
2 2 79 97
3 2 78 26
7 2 80 27
5 2 78 49
7 2 79 49
6 2 78 49
7 2 83 48
3 2 78 64
6 2 78 66
1 2 79 66
5 2 84 65
2 2 84 66
8 2 83 67
7 2 78 73
7 2 81 71
4 2 89 70
6 2 84 72
3 2 80 72
7 2 82 71
6 2 84 71
2 2 82 71
7 2 78 84
8 2 78 94
7 2 78 96
4 2 77 13
5 2 89 15
4 2 88 15
5 2 87 14
4 2 79 15
3 2 86 14
1 2 81 15
7 2 80 14
1 2 85 16
8 2 83 12
8 2 81 14
3 2 81 15
2 2 80 15
1 2 82 16
1 2 80 15
6 2 77 16
2 2 84 16
6 2 82 17
5 2 79 14
7 2 77 17
7 2 77 25
6 2 85 24
5 2 85 25
3 2 88 24
2 2 87 24
2 2 82 25
8 2 84 24
1 2 84 24
4 2 84 24
8 2 87 23
3 2 85 23
6 2 86 24
1 2 85 22
4 2 85 23
3 2 83 24
7 2 81 25
8 2 81 25
1 2 80 25
5 2 81 24
2 2 79 25
7 2 79 24
5 2 77 42
6 2 78 41
3 2 77 48
2 2 82 49
6 2 81 48
8 2 82 47
5 2 80 47
6 2 80 46
2 2 80 48
3 2 77 50
7 2 77 53
4 2 77 67
8 2 80 66
6 2 83 65
6 2 81 66
2 2 77 70
7 2 79 69
4 2 78 69
2 2 78 68
5 2 77 69
8 2 77 79
4 2 81 78
1 2 87 77
2 2 88 76
7 2 77 81
8 2 85 80
2 2 84 81
4 2 78 80
5 2 79 81
2 2 77 83
6 2 77 84
5 2 79 85
3 2 77 90
6 2 77 97
3 2 79 96
6 2 79 95
4 2 78 95
2 2 77 95
7 2 82 94
1 2 81 95
7 2 77 99
7 2 76 2
6 2 82 1
3 2 76 4
7 2 80 3
3 2 76 6
5 2 78 6
3 2 78 5
3 2 76 10
5 2 84 9
4 2 82 11
8 2 76 25
2 2 77 27
2 2 76 39
3 2 82 38
2 2 85 37
3 2 80 38
4 2 76 57
7 2 87 58
4 2 86 58
2 2 83 58
8 2 81 58
5 2 80 56
4 2 82 55
3 2 81 55
8 2 81 55
2 2 80 57
5 2 78 58
7 2 77 56
3 2 76 61
6 2 85 60
6 2 78 62
8 2 77 62
6 2 84 61
1 2 83 62
5 2 79 62
5 2 81 61
4 2 83 60
4 2 81 61
7 2 81 60
5 2 76 94
2 2 80 94
7 2 76 93
3 2 78 94
5 2 79 93
6 2 78 93
8 2 76 96
3 2 76 96
2 2 76 100
2 2 86 99
6 2 85 99
8 2 83 99
1 2 80 99
7 2 83 100
3 2 80 98
7 2 75 6
5 2 75 9
5 2 81 8
6 2 80 8
5 2 80 9
6 2 75 15
8 2 75 14
3 2 78 13
5 2 81 12
7 2 80 12
5 2 75 31
8 2 87 30
8 2 85 31
2 2 84 31
2 2 75 43
1 2 75 43
4 2 75 43
3 2 75 68
6 2 76 68
1 2 78 69
3 2 75 70
3 2 75 74
2 2 82 74
5 2 82 75
4 2 89 74
2 2 75 82
2 2 74 6
2 2 74 9
7 2 75 9
8 2 82 9
3 2 74 13
1 2 78 12
7 2 74 14
4 2 76 13
6 2 75 14
1 2 74 14
2 2 74 21
8 2 85 20
6 2 77 20
3 2 82 20
1 2 80 21
2 2 74 32
7 2 79 30
2 2 81 31
4 2 84 30
7 2 77 31
5 2 74 34
2 2 74 35
5 2 85 35
6 2 75 35
2 2 79 36
8 2 79 37
5 2 78 38
2 2 79 37
3 2 75 36
3 2 77 36
8 2 75 36
6 2 76 35
8 2 80 35
2 2 80 34
2 2 77 34
2 2 74 37
5 2 74 43
2 2 74 48
5 2 76 48
4 2 74 47
2 2 74 55
2 2 74 72
3 2 74 95
7 2 77 94
5 2 73 15
6 2 73 16
1 2 73 32
3 2 74 32
6 2 77 31
8 2 76 31
6 2 75 31
2 2 73 42
4 2 73 43
6 2 74 42
2 2 73 50
5 2 84 50
8 2 83 50
8 2 73 55
2 2 73 56
7 2 78 57
6 2 78 56
5 2 78 57
3 2 79 56
7 2 77 55
3 2 76 58
2 2 73 74
7 2 82 74
3 2 73 80
4 2 80 79
2 2 73 92
4 2 75 93
5 2 73 95
4 2 72 1
1 2 72 17
5 2 78 18
2 2 74 18
8 2 81 17
3 2 72 31
7 2 74 29
5 2 74 28
1 2 72 37
4 2 78 37
2 2 72 60
3 2 80 59
4 2 79 59
6 2 76 59
7 2 72 62
4 2 76 63
2 2 75 63
7 2 77 65
5 2 72 61
4 2 72 65
7 2 72 68
7 2 75 68
3 2 74 68
3 2 72 76
5 2 83 76
1 2 83 77
3 2 72 95
1 2 72 96
4 2 72 97
3 2 71 20
6 2 80 20
3 2 82 19
6 2 81 20
2 2 80 21
5 2 83 22
1 2 81 23
1 2 80 21
7 2 79 20
5 2 79 20
3 2 71 24
8 2 75 23
7 2 85 22
8 2 77 22
5 2 73 23
2 2 71 26
1 2 72 26
6 2 71 27
2 2 71 28
2 2 77 28
3 2 71 35
3 2 76 34
8 2 75 34
7 2 71 37
5 2 71 45
1 2 73 46
4 2 73 45
7 2 81 46
3 2 71 52
5 2 74 52
4 2 71 54
8 2 71 56
4 2 76 55
7 2 72 56
6 2 71 61
4 2 76 60
7 2 74 60
1 2 71 75
3 2 78 76
7 2 82 77
6 2 81 77
1 2 78 75
5 2 76 76
3 2 80 75
3 2 78 76
8 2 77 77
5 2 77 77
2 2 80 78
4 2 75 76
8 2 78 75
6 2 71 84
4 2 75 83
4 2 79 84
3 2 70 2
4 2 74 2
1 2 75 2
8 2 76 1
2 2 70 3
7 2 74 4
7 2 71 2
3 2 74 1
4 2 70 15
2 2 72 14
7 2 70 30
2 2 70 31
5 2 74 30
3 2 75 30
8 2 70 45
1 2 70 56
8 2 70 58
2 2 70 65
3 2 79 64
7 2 70 71
3 2 70 80
8 2 73 81
4 2 72 79
1 2 80 78
1 2 70 79
3 2 75 78
1 2 74 78
3 2 74 79
3 2 75 80
7 2 70 78
3 2 70 83
7 2 70 83
4 2 70 85
3 2 77 86
4 2 78 87
2 2 77 85
4 2 73 86
7 2 80 78
1 2 78 88
1 2 74 88
2 2 77 88
5 2 77 89
2 2 78 89
7 2 77 89
3 2 69 7
8 2 70 6
8 2 69 17
3 2 70 6
7 2 69 24
1 2 69 29
8 2 69 30
5 2 69 57
8 2 69 73
7 2 77 72
6 2 69 83
1 2 68 19
3 2 68 53
3 2 69 54
4 2 68 65
5 2 71 66
3 2 70 64
6 2 71 66
8 2 73 54
6 2 68 64
7 2 73 64
5 2 68 65
8 2 67 12
4 2 71 11
1 2 71 10
3 2 77 9
8 2 69 66
2 2 70 12
1 2 67 21
4 2 67 23
2 2 68 24
5 2 67 34
1 2 70 35
8 2 71 37
3 2 70 38
4 2 73 34
8 2 73 38
1 2 72 34
1 2 70 67
5 2 69 36
6 2 69 67
6 2 67 37
7 2 68 36
6 2 70 37
1 2 71 38
3 2 68 37
8 2 67 36
1 2 67 46
8 2 81 47
8 2 76 39
8 2 82 44
7 2 75 39
1 2 67 58
3 2 68 59
4 2 70 60
1 2 73 61
1 2 67 61
2 2 67 62
4 2 75 63
5 2 67 81
5 2 78 82
8 2 67 94
7 2 72 93
2 2 73 93
4 2 69 95
8 2 77 96
1 2 72 96
7 2 74 97
4 2 67 94
3 2 70 93
4 2 72 92
7 2 76 92
5 2 73 91
3 2 78 90
4 2 74 90
1 2 72 91
2 2 71 91
6 2 67 97
5 2 70 96
1 2 66 24
2 2 66 32
6 2 66 33
3 2 66 44
7 2 66 43
2 2 66 60
5 2 67 59
1 2 66 77
3 2 66 76
8 2 70 75
3 2 82 74
2 2 83 40
1 2 68 75
4 2 70 74
4 2 67 77
8 2 66 80
8 2 71 78
3 2 70 78
7 2 68 81
8 2 71 81
2 2 67 79
8 2 68 80
3 2 66 81
8 2 66 84
6 2 70 83
8 2 66 99
5 2 71 81
6 2 70 99
6 2 72 98
8 2 65 3
2 2 74 3
3 2 70 99
6 2 73 98
1 2 74 98
5 2 74 99
6 2 72 2
4 2 70 99
7 2 65 6
6 2 70 5
5 2 72 3
5 2 73 2
5 2 70 5
8 2 72 4
2 2 69 5
4 2 68 5
5 2 69 5
4 2 70 7
5 2 67 6
8 2 65 13
1 2 68 12
6 2 65 14
5 2 68 15
4 2 65 39
7 2 73 100
8 2 67 40
6 2 74 39
7 2 73 41
1 2 72 42
2 2 75 41
2 2 68 39
5 2 72 40
4 2 65 43
3 2 68 40
7 2 68 40
8 2 66 42
7 2 65 42
3 2 65 53
7 2 65 65
2 2 69 64
3 2 65 73
5 2 65 76
7 2 70 52
6 2 71 53
2 2 77 53
6 2 71 76
2 2 70 77
2 2 67 75
7 2 70 74
6 2 65 85
8 2 73 85
7 2 69 84
6 2 65 87
5 2 73 87
6 2 72 86
8 2 78 85
4 2 78 87
7 2 77 85
3 2 73 85
1 2 71 87
5 2 64 2
8 2 68 1
6 2 68 2
5 2 67 1
3 2 66 4
2 2 64 2
4 2 67 2
4 2 64 12
7 2 64 13
1 2 64 16
1 2 69 16
7 2 68 17
6 2 67 16
4 2 65 16
2 2 71 17
1 2 64 21
6 2 64 20
4 2 64 28
6 2 69 27
5 2 73 28
5 2 64 29
6 2 67 28
3 2 64 42
5 2 65 42
2 2 65 41
6 2 68 40
7 2 70 39
6 2 69 39
4 2 71 40
2 2 68 40
8 2 67 41
4 2 67 40
1 2 67 39
5 2 66 41
7 2 66 42
3 2 65 43
5 2 64 43
4 2 73 44
1 2 72 45
6 2 64 46
1 2 64 49
5 2 70 49
8 2 64 54
5 2 64 71
8 2 69 71
5 2 72 72
5 2 69 71
7 2 74 70
5 2 66 71
4 2 69 70
2 2 66 70
4 2 70 69
4 2 69 70
2 2 64 95
3 2 64 96
2 2 63 12
8 2 70 14
5 2 65 11
6 2 76 11
5 2 70 11
2 2 69 9
8 2 63 22
4 2 69 21
2 2 72 22
6 2 68 21
7 2 71 22
4 2 72 22
5 2 65 21
7 2 68 21
1 2 69 23
5 2 64 22
7 2 63 23
8 2 68 24
5 2 63 35
2 2 65 36
7 2 63 40
6 2 63 51
8 2 63 51
2 2 79 51
8 2 68 50
4 2 72 49
7 2 70 49
4 2 67 50
1 2 67 51
8 2 65 52
1 2 63 55
4 2 71 54
1 2 66 54
6 2 63 95
2 2 67 97
4 2 67 97
5 2 66 97
1 2 62 23
5 2 68 24
8 2 64 24
8 2 71 25
4 2 64 25
7 2 70 26
3 2 66 27
5 2 66 26
6 2 63 25
3 2 62 42
8 2 62 43
2 2 62 54
8 2 62 62
1 2 62 64
2 2 62 74
2 2 67 73
5 2 66 73
5 2 62 75
8 2 69 76
8 2 66 75
6 2 70 61
1 2 68 75
8 2 62 81
2 2 65 81
1 2 68 82
5 2 64 81
7 2 62 97
1 2 64 98
7 2 66 98
2 2 64 98
4 2 64 99
7 2 70 98
8 2 61 1
7 2 62 2
5 2 61 20
7 2 73 74
2 2 61 49
7 2 65 50
1 2 76 51
3 2 74 19
3 2 64 48
2 2 69 47
6 2 64 51
7 2 61 61
3 2 62 61
6 2 61 61
4 2 66 63
1 2 65 63
6 2 62 60
7 2 61 78
4 2 65 61
6 2 65 77
7 2 64 61
2 2 66 61
1 2 65 60
3 2 61 84
7 2 68 84
2 2 66 83
5 2 61 86
5 2 62 86
5 2 61 98
1 2 60 14
1 2 63 14
4 2 62 14
2 2 60 14
5 2 63 15
7 2 60 18
8 2 69 17
7 2 74 18
2 2 73 18
3 2 68 18
4 2 70 78
1 2 65 17
4 2 60 22
7 2 64 16
7 2 63 21
7 2 60 26
8 2 60 31
4 2 60 36
2 2 62 37
2 2 61 35
7 2 66 38
3 2 60 39
5 2 65 38
4 2 60 42
1 2 60 42
6 2 60 41
6 2 65 40
5 2 63 40
1 2 60 40
4 2 60 41
2 2 60 45
2 2 60 53
1 2 60 52
8 2 61 51
4 2 60 51
4 2 68 34
6 2 67 34
2 2 67 34
5 2 66 35
3 2 65 50
1 2 61 52
7 2 70 50
8 2 69 50
1 2 65 52
5 2 62 52
2 2 60 67
8 2 60 79
2 2 60 83
6 2 60 98
2 2 60 99
4 2 59 4
1 2 68 5
3 2 59 6
2 2 65 5
2 2 63 6
4 2 64 6
7 2 63 5
8 2 66 4
3 2 59 18
2 2 70 52
1 2 66 17
8 2 65 18
2 2 63 17
5 2 68 18
3 2 67 18
1 2 59 23
4 2 64 24
8 2 60 23
4 2 59 34
5 2 60 34
3 2 65 33
1 2 59 47
6 2 59 52
5 2 59 58
8 2 68 57
8 2 63 58
3 2 66 57
1 2 68 58
8 2 67 58
6 2 59 60
8 2 66 59
3 2 64 59
3 2 63 60
7 2 60 61
6 2 59 67
7 2 66 66
8 2 70 19
4 2 69 19
6 2 66 68
4 2 59 77
8 2 62 77
7 2 59 78
7 2 63 77
4 2 59 79
3 2 59 81
5 2 59 91
7 2 69 90
2 2 65 67
5 2 63 92
1 2 63 91
3 2 61 91
1 2 59 92
6 2 69 93
1 2 66 91
6 2 65 91
1 2 65 93
7 2 62 91
2 2 65 93
7 2 60 90
8 2 62 90
6 2 58 5
5 2 62 89
1 2 63 4
7 2 64 5
4 2 61 90
5 2 58 4
8 2 58 18
2 2 60 6
3 2 58 24
8 2 60 17
3 2 63 16
7 2 58 27
5 2 59 28
4 2 65 27
3 2 63 23
2 2 58 29
4 2 65 29
6 2 58 34
4 2 62 33
1 2 64 32
5 2 67 31
2 2 58 61
6 2 61 33
2 2 61 62
7 2 68 63
5 2 58 70
6 2 62 70
2 2 61 69
3 2 60 70
6 2 63 69
8 2 58 71
7 2 62 71
7 2 59 71
5 2 63 70
8 2 64 69
1 2 69 68
8 2 69 67
1 2 58 75
7 2 62 75
2 2 64 75
2 2 62 76
1 2 61 74
8 2 58 79
8 2 63 78
2 2 63 79
7 2 63 79
3 2 58 83
3 2 66 85
7 2 61 84
1 2 58 99
8 2 57 6
4 2 58 7
6 2 58 7
3 2 58 6
7 2 66 7
5 2 65 8
5 2 70 32
1 2 60 7
1 2 57 5
8 2 57 4
7 2 57 10
8 2 73 9
8 2 57 38
4 2 59 8
6 2 59 39
1 2 63 38
4 2 64 37
3 2 62 39
8 2 58 8
5 2 57 39
8 2 58 38
8 2 57 40
5 2 57 50
2 2 63 49
3 2 62 49
5 2 61 50
7 2 58 50
2 2 57 49
7 2 63 48
8 2 71 47
4 2 58 48
4 2 66 47
8 2 60 47
5 2 57 63
8 2 57 63
6 2 63 64
6 2 65 65
2 2 62 64
4 2 57 90
8 2 57 90
8 2 63 89
7 2 74 88
4 2 71 88
7 2 68 88
6 2 57 94
1 2 64 94
6 2 56 2
4 2 61 1
3 2 61 1
3 2 63 3
4 2 59 2
6 2 58 3
4 2 59 3
2 2 58 3
1 2 56 15
4 2 58 15
6 2 58 17
5 2 60 18
5 2 59 16
6 2 60 17
2 2 59 16
7 2 57 17
4 2 57 18
4 2 56 14
3 2 64 15
7 2 60 13
3 2 60 12
1 2 60 11
2 2 63 10
1 2 56 26
6 2 61 10
3 2 64 27
8 2 56 44
7 2 66 9
1 2 56 43
8 2 58 42
7 2 57 43
6 2 56 50
5 2 56 58
6 2 64 57
3 2 56 64
2 2 64 64
7 2 56 63
1 2 56 62
6 2 56 68
1 2 64 67
2 2 56 69
3 2 56 82
6 2 59 82
1 2 58 83
4 2 56 85
2 2 56 89
7 2 68 45
4 2 67 88
8 2 64 89
7 2 61 88
2 2 62 86
2 2 56 97
1 2 57 96
8 2 64 94
8 2 62 96
2 2 59 95
3 2 61 93
4 2 63 93
6 2 60 94
8 2 55 2
1 2 55 3
2 2 55 12
2 2 66 12
8 2 65 13
7 2 62 11
4 2 55 12
2 2 55 14
7 2 55 26
4 2 58 26
7 2 59 27
6 2 59 27
6 2 55 40
4 2 55 41
4 2 55 57
3 2 56 56
5 2 69 87
8 2 68 88
2 2 58 54
8 2 55 57
1 2 55 58
6 2 55 66
4 2 58 57
8 2 55 65
3 2 55 67
7 2 55 76
5 2 61 76
1 2 62 66
6 2 60 76
7 2 59 75
2 2 58 75
8 2 57 75
5 2 56 76
6 2 54 2
3 2 54 1
3 2 54 24
2 2 55 23
2 2 56 24
4 2 56 23
8 2 55 23
8 2 54 25
6 2 55 89
7 2 58 24
2 2 54 37
1 2 59 36
6 2 54 41
4 2 54 54
1 2 63 56
5 2 58 55
5 2 65 88
2 2 56 56
2 2 54 58
3 2 55 53
8 2 56 52
1 2 54 60
3 2 54 62
8 2 54 68
7 2 56 69
5 2 54 84
5 2 58 70
1 2 54 83
1 2 54 95
8 2 57 82
5 2 57 95
3 2 53 4
3 2 57 95
4 2 54 3
4 2 53 9
4 2 53 27
7 2 53 35
6 2 55 34
7 2 57 4
4 2 53 43
5 2 53 47
2 2 57 33
6 2 65 32
1 2 57 46
3 2 53 48
4 2 60 48
7 2 53 48
3 2 58 47
6 2 58 48
7 2 57 47
3 2 53 57
7 2 56 57
1 2 55 57
2 2 65 55
5 2 55 56
1 2 53 70
3 2 53 82
7 2 55 82
3 2 53 86
6 2 63 87
4 2 56 87
5 2 64 88
7 2 52 5
1 2 57 4
5 2 57 7
4 2 52 4
5 2 54 3
1 2 54 2
2 2 53 3
3 2 53 4
7 2 53 5
8 2 52 13
7 2 54 12
4 2 59 11
6 2 66 32
3 2 59 10
6 2 54 14
1 2 52 15
7 2 52 24
5 2 53 23
7 2 54 22
1 2 62 22
7 2 57 21
4 2 64 20
8 2 62 20
3 2 52 28
6 2 59 28
8 2 60 28
2 2 58 28
3 2 55 29
7 2 70 10
8 2 64 29
6 2 63 29
5 2 65 31
5 2 63 30
8 2 52 33
5 2 55 28
4 2 55 33
4 2 64 32
2 2 52 35
7 2 52 39
6 2 52 40
2 2 53 32
4 2 54 30
8 2 52 41
3 2 52 41
6 2 51 2
3 2 52 44
6 2 54 45
1 2 51 5
6 2 52 4
8 2 52 5
2 2 51 5
3 2 51 12
6 2 53 11
1 2 51 18
3 2 56 1
7 2 55 17
6 2 53 16
8 2 53 17
6 2 51 21
7 2 51 33
2 2 61 32
2 2 56 20
5 2 58 32
8 2 62 31
3 2 68 30
7 2 67 31
2 2 51 37
6 2 51 44
5 2 51 43
8 2 56 44
7 2 61 45
5 2 68 45
3 2 51 44
6 2 66 45
8 2 65 46
4 2 52 45
1 2 67 44
2 2 51 57
5 2 51 67
6 2 51 81
5 2 60 82
1 2 50 3
8 2 50 16
4 2 50 16
2 2 50 15
1 2 56 14
5 2 51 14
7 2 51 16
5 2 50 20
3 2 54 20
6 2 58 20
5 2 55 21
5 2 52 20
2 2 57 19
1 2 57 18
5 2 58 19
5 2 50 22
1 2 50 55
7 2 57 54
4 2 50 59
4 2 54 60
5 2 50 61
3 2 50 86
7 2 50 94
7 2 55 95
8 2 60 96
7 2 56 94
1 2 51 93
4 2 51 95
2 2 50 93
7 2 57 92
8 2 56 92
2 2 52 93
4 2 56 92
8 2 49 3
8 2 49 10
2 2 50 9
7 2 50 10
1 2 50 11
4 2 49 12
7 2 50 13
6 2 49 19
8 2 49 21
8 2 52 22
3 2 50 22
6 2 52 23
6 2 49 37
5 2 56 36
8 2 55 36
4 2 52 36
4 2 49 43
1 2 50 42
2 2 50 44
7 2 49 51
1 2 54 52
5 2 54 53
6 2 56 54
8 2 62 54
5 2 61 55
2 2 57 53
2 2 49 66
4 2 62 85
3 2 52 65
6 2 52 64
1 2 51 65
5 2 57 65
1 2 49 71
2 2 49 72
5 2 58 72
4 2 61 72
6 2 61 73
4 2 49 73
1 2 53 64
4 2 53 74
5 2 52 64
4 2 49 82
6 2 49 83
2 2 55 74
6 2 56 76
4 2 55 77
7 2 49 91
6 2 56 91
7 2 55 92
7 2 48 3
6 2 48 16
7 2 48 17
6 2 50 18
3 2 48 20
3 2 48 30
7 2 48 47
3 2 54 47
5 2 57 46
5 2 56 48
8 2 54 46
1 2 55 47
1 2 53 46
4 2 55 47
2 2 58 84
1 2 48 49
2 2 49 48
6 2 51 49
8 2 48 51
2 2 48 59
8 2 55 59
8 2 48 58
6 2 50 59
2 2 56 59
7 2 56 58
8 2 56 60
8 2 48 62
3 2 52 62
1 2 57 61
8 2 54 61
6 2 50 63
8 2 50 63
5 2 50 62
5 2 53 61
5 2 48 64
4 2 53 64
7 2 49 64
3 2 49 63
2 2 48 63
5 2 48 74
3 2 54 73
8 2 48 81
3 2 48 99
2 2 48 98
1 2 55 97
8 2 55 99
5 2 48 99
1 2 47 24
3 2 47 25
5 2 52 26
7 2 47 27
2 2 51 26
8 2 51 28
3 2 51 28
8 2 47 54
1 2 59 54
2 2 52 53
1 2 52 54
5 2 47 70
3 2 53 69
1 2 54 70
6 2 52 70
7 2 47 99
5 2 53 99
1 2 51 98
6 2 47 99
1 2 58 97
1 2 56 99
8 2 46 6
1 2 46 21
4 2 46 21
2 2 48 21
4 2 49 20
4 2 47 21
1 2 46 29
1 2 59 28
3 2 54 28
1 2 53 29
6 2 51 28
5 2 49 30
6 2 60 46
3 2 52 31
7 2 58 32
3 2 53 31
8 2 46 37
7 2 51 38
7 2 46 39
3 2 56 32
7 2 51 40
6 2 46 53
6 2 48 52
3 2 52 53
8 2 57 38
7 2 56 39
4 2 47 55
2 2 46 55
7 2 46 64
8 2 46 67
3 2 47 67
1 2 48 64
8 2 46 80
4 2 50 79
6 2 58 78
2 2 53 66
1 2 52 80
1 2 51 78
8 2 51 80
3 2 50 79
2 2 54 78
1 2 46 82
2 2 46 89
1 2 46 98
5 2 50 80
6 2 52 80
1 2 53 80
4 2 50 98
2 2 45 7
7 2 46 6
1 2 49 7
8 2 49 7
7 2 48 8
7 2 50 7
8 2 45 8
2 2 45 28
8 2 50 27
8 2 46 27
6 2 45 27
5 2 45 29
3 2 45 33
7 2 55 8
1 2 45 38
1 2 45 46
2 2 45 45
4 2 45 54
3 2 45 55
6 2 45 66
2 2 45 71
5 2 50 69
6 2 48 72
4 2 46 72
4 2 51 71
2 2 45 80
3 2 45 81
8 2 45 82
8 2 55 33
4 2 45 90
1 2 45 95
3 2 50 95
5 2 47 94
5 2 49 93
1 2 45 100
3 2 47 99
2 2 44 2
6 2 46 1
5 2 46 4
6 2 47 3
3 2 44 31
6 2 56 81
6 2 55 31
3 2 44 42
4 2 50 41
7 2 44 46
3 2 48 45
2 2 56 30
8 2 48 44
5 2 46 47
5 2 44 50
5 2 46 49
1 2 49 48
2 2 50 47
3 2 44 51
7 2 44 50
5 2 46 51
2 2 45 51
8 2 44 58
4 2 50 57
3 2 45 59
4 2 44 63
7 2 44 75
3 2 54 76
3 2 49 77
1 2 53 77
6 2 52 76
2 2 51 76
4 2 51 77
3 2 47 76
4 2 45 74
8 2 44 79
8 2 44 97
1 2 49 96
5 2 48 96
1 2 47 97
1 2 44 96
3 2 45 95
3 2 51 96
7 2 50 97
2 2 44 96
2 2 49 95
3 2 43 25
6 2 51 26
8 2 47 26
8 2 44 25
5 2 46 24
1 2 46 25
8 2 43 32
6 2 43 35
4 2 51 34
8 2 47 34
3 2 47 33
3 2 50 34
7 2 47 35
2 2 43 59
3 2 46 58
6 2 47 57
5 2 46 57
3 2 52 58
7 2 43 70
6 2 50 70
7 2 57 69
8 2 48 68
4 2 43 70
6 2 54 70
5 2 51 69
5 2 54 68
5 2 52 69
8 2 43 70
8 2 43 75
3 2 47 74
6 2 45 75
6 2 47 74
1 2 43 80
1 2 46 80
7 2 52 79
2 2 45 80
3 2 46 81
8 2 55 82
4 2 43 81
2 2 44 81
6 2 43 84
1 2 54 85
7 2 62 44
5 2 61 86
7 2 43 83
4 2 53 84
8 2 52 85
2 2 61 86
3 2 61 86
5 2 43 93
3 2 44 85
3 2 46 92
1 2 45 87
2 2 52 86
4 2 52 88
8 2 52 87
4 2 54 87
1 2 52 88
1 2 59 88
8 2 49 86
1 2 44 85
6 2 44 86
7 2 46 87
6 2 45 93
2 2 47 88
8 2 50 87
1 2 47 89
8 2 49 90
2 2 46 90
8 2 43 95
5 2 45 96
4 2 44 96
8 2 44 97
3 2 42 3
2 2 47 2
3 2 49 1
8 2 42 2
4 2 45 1
8 2 44 1
1 2 44 1
3 2 43 1
5 2 43 2
6 2 42 21
2 2 50 22
6 2 47 20
7 2 51 19
1 2 47 22
7 2 50 23
7 2 47 22
4 2 42 52
4 2 44 52
5 2 42 60
6 2 44 59
2 2 51 58
1 2 44 61
2 2 47 61
4 2 46 61
1 2 45 61
6 2 47 60
7 2 42 74
1 2 46 73
3 2 51 73
4 2 56 72
3 2 53 72
5 2 42 89
8 2 48 88
3 2 42 90
1 2 51 93
7 2 42 91
3 2 42 92
5 2 46 91
5 2 53 90
2 2 51 90
7 2 44 91
5 2 42 97
5 2 41 5
8 2 41 18
4 2 41 19
7 2 43 18
4 2 43 93
1 2 46 20
3 2 41 23
5 2 41 24
1 2 47 25
8 2 46 25
8 2 41 25
1 2 49 27
7 2 43 24
4 2 43 26
8 2 41 31
4 2 49 94
8 2 45 30
6 2 47 31
3 2 48 31
7 2 42 30
2 2 45 29
8 2 45 29
5 2 44 31
5 2 49 28
2 2 48 28
7 2 45 33
6 2 43 29
8 2 41 39
1 2 43 40
4 2 42 30
1 2 42 29
2 2 43 40
8 2 41 42
3 2 41 47
5 2 41 61
5 2 45 30
5 2 41 70
1 2 46 62
1 2 44 72
2 2 41 84
3 2 41 83
4 2 41 87
2 2 41 92
5 2 47 93
8 2 41 91
8 2 43 90
6 2 41 99
2 2 40 17
7 2 44 16
5 2 41 16
3 2 47 16
6 2 46 16
6 2 41 16
6 2 48 69
5 2 49 15
1 2 40 33
2 2 47 33
4 2 40 36
7 2 45 37
5 2 42 37
3 2 43 38
3 2 40 54
1 2 40 55
5 2 49 55
3 2 47 55
6 2 40 59
4 2 40 59
4 2 40 67
5 2 47 66
7 2 44 66
2 2 45 67
5 2 40 78
2 2 44 78
4 2 50 78
6 2 41 69
4 2 48 69
1 2 44 67
8 2 44 69
4 2 43 69
1 2 42 68
2 2 42 69
1 2 40 78
8 2 44 77
2 2 39 3
7 2 39 6
1 2 48 7
7 2 40 90
8 2 48 90
3 2 47 90
4 2 47 89
1 2 42 90
5 2 39 20
8 2 41 21
8 2 39 19
5 2 39 32
3 2 39 46
8 2 39 50
3 2 47 49
4 2 44 49
8 2 49 48
1 2 43 51
5 2 39 53
8 2 40 53
8 2 39 54
6 2 39 53
1 2 39 58
6 2 39 64
3 2 41 64
8 2 39 66
1 2 39 68
1 2 41 69
8 2 39 73
1 2 39 98
8 2 40 98
7 2 44 99
6 2 38 3
2 2 38 12
6 2 50 8
4 2 39 13
8 2 45 12
4 2 42 12
3 2 44 12
8 2 38 26
3 2 45 13
1 2 40 25
7 2 38 29
4 2 38 35
6 2 47 26
2 2 40 34
6 2 47 35
5 2 38 56
8 2 42 55
7 2 41 55
8 2 45 57
2 2 38 56
8 2 38 58
4 2 39 57
3 2 38 72
6 2 41 73
1 2 44 75
4 2 48 74
8 2 41 72
6 2 40 71
7 2 40 72
7 2 37 9
5 2 48 10
4 2 37 9
4 2 44 8
2 2 46 8
1 2 43 8
4 2 37 12
8 2 42 12
6 2 40 12
5 2 37 14
8 2 37 21
1 2 37 22
2 2 37 30
8 2 37 37
5 2 47 36
2 2 46 36
6 2 39 37
3 2 44 38
3 2 41 37
6 2 47 36
6 2 41 37
7 2 46 38
5 2 37 83
8 2 40 36
7 2 39 84
5 2 39 85
8 2 39 86
5 2 43 88
3 2 38 86
8 2 38 86
5 2 56 85
8 2 46 82
8 2 37 96
6 2 42 96
8 2 40 95
3 2 41 94
2 2 40 94
3 2 36 2
8 2 45 1
1 2 36 9
5 2 44 8
2 2 42 10
2 2 36 19
7 2 39 18
6 2 36 25
1 2 44 26
3 2 43 26
6 2 38 25
8 2 36 26
5 2 41 27
1 2 37 26
2 2 40 28
4 2 36 33
1 2 36 41
3 2 46 40
7 2 45 41
6 2 45 41
5 2 46 40
2 2 46 39
7 2 45 41
5 2 42 40
3 2 46 41
7 2 43 42
2 2 44 42
2 2 39 40
1 2 39 39
5 2 46 38
3 2 39 42
7 2 48 43
7 2 37 42
7 2 36 50
5 2 42 49
6 2 44 48
6 2 41 50
8 2 42 49
3 2 44 48
5 2 43 48
2 2 42 48
1 2 38 49
6 2 46 48
5 2 36 51
5 2 36 66
6 2 43 65
6 2 37 65
5 2 36 81
1 2 36 80
7 2 43 81
2 2 39 79
6 2 48 78
2 2 41 78
8 2 38 80
7 2 39 80
4 2 41 79
3 2 51 78
2 2 46 78
5 2 41 81
5 2 40 79
8 2 38 82
8 2 48 82
3 2 46 82
8 2 36 90
2 2 38 90
5 2 39 91
7 2 36 95
4 2 39 96
2 2 36 98
7 2 37 99
6 2 35 5
2 2 39 5
6 2 47 6
6 2 42 6
7 2 36 5
4 2 41 4
1 2 37 4
3 2 39 5
7 2 38 6
1 2 35 6
4 2 38 7
1 2 35 14
4 2 44 13
6 2 38 13
2 2 38 14
2 2 39 15
3 2 35 21
7 2 35 24
2 2 35 27
5 2 35 32
7 2 39 32
8 2 35 52
2 2 40 51
2 2 35 57
3 2 35 72
5 2 39 71
4 2 42 73
6 2 56 73
6 2 56 85
3 2 55 74
4 2 35 75
3 2 39 70
3 2 35 77
2 2 44 74
7 2 35 78
8 2 37 78
6 2 35 90
6 2 37 91
3 2 35 91
1 2 35 100
6 2 34 2
5 2 34 6
6 2 34 33
8 2 34 35
7 2 35 34
4 2 44 76
3 2 38 35
4 2 39 36
5 2 37 35
5 2 34 35
4 2 40 34
5 2 35 36
1 2 36 36
6 2 34 36
7 2 34 45
3 2 36 35
8 2 38 34
1 2 35 36
8 2 35 44
6 2 37 45
1 2 34 48
3 2 34 61
8 2 35 63
7 2 34 71
1 2 37 69
5 2 36 47
2 2 38 49
3 2 37 49
1 2 38 48
3 2 35 47
5 2 35 47
8 2 34 81
3 2 34 82
3 2 37 83
8 2 36 83
1 2 35 84
2 2 36 83
2 2 34 86
7 2 34 87
8 2 41 72
8 2 34 90
5 2 48 91
1 2 33 1
7 2 33 2
4 2 34 3
1 2 33 5
8 2 33 7
8 2 49 85
3 2 33 16
7 2 38 15
5 2 35 17
4 2 47 18
7 2 49 18
2 2 40 17
5 2 37 17
1 2 37 17
4 2 36 17
3 2 34 17
1 2 33 18
8 2 43 18
4 2 33 19
3 2 34 19
7 2 33 28
3 2 33 38
2 2 36 37
4 2 36 39
7 2 33 53
3 2 38 52
8 2 38 51
8 2 33 60
2 2 37 61
3 2 39 60
7 2 46 58
1 2 45 58
3 2 42 61
7 2 36 59
1 2 33 63
7 2 33 65
2 2 38 65
8 2 38 64
8 2 33 74
1 2 43 75
1 2 44 76
2 2 38 73
4 2 33 83
5 2 35 84
4 2 35 85
5 2 33 88
8 2 44 89
7 2 36 88
6 2 39 88
8 2 47 87
3 2 33 98
4 2 32 7
2 2 32 17
2 2 32 20
6 2 32 26
8 2 32 46
8 2 32 55
1 2 32 57
1 2 36 57
7 2 32 95
3 2 36 56
8 2 34 95
4 2 33 94
3 2 33 93
3 2 33 96
6 2 31 13
2 2 37 13
2 2 40 12
5 2 36 13
3 2 37 14
5 2 35 94
5 2 32 12
3 2 36 11
6 2 32 11
8 2 36 13
7 2 34 10
7 2 31 13
8 2 37 12
7 2 36 14
1 2 36 15
4 2 35 14
1 2 31 22
7 2 34 21
4 2 32 21
1 2 31 38
1 2 39 38
5 2 38 39
6 2 37 39
2 2 40 11
5 2 37 39
8 2 38 40
8 2 31 38
6 2 31 43
4 2 34 43
6 2 39 44
2 2 35 43
2 2 31 58
3 2 31 62
6 2 31 67
1 2 40 39
2 2 31 66
6 2 32 65
6 2 41 64
8 2 31 73
5 2 34 75
5 2 32 74
8 2 31 84
8 2 39 83
6 2 33 83
2 2 31 91
1 2 38 92
3 2 30 5
8 2 34 4
2 2 33 4
1 2 37 3
8 2 31 4
3 2 32 5
7 2 31 3
3 2 30 26
3 2 35 25
2 2 35 26
8 2 34 27
6 2 30 32
3 2 33 32
6 2 38 31
8 2 39 32
5 2 43 33
1 2 42 33
2 2 30 33
4 2 38 32
7 2 30 34
7 2 35 35
2 2 30 35
6 2 30 38
3 2 35 39
7 2 30 37
2 2 30 46
1 2 37 45
2 2 32 47
4 2 30 48
7 2 30 47
8 2 30 59
7 2 34 59
3 2 30 79
2 2 34 78
7 2 35 79
4 2 34 80
3 2 31 80
4 2 40 81
1 2 33 79
5 2 38 78
7 2 43 77
5 2 41 77
5 2 36 79
8 2 33 81
3 2 30 96
5 2 30 99
3 2 39 97
8 2 29 6
7 2 29 7
3 2 34 7
2 2 36 7
8 2 34 8
8 2 32 6
3 2 34 7
7 2 33 7
3 2 29 31
2 2 32 32
1 2 29 40
8 2 32 40
2 2 31 41
6 2 40 41
4 2 31 42
5 2 29 43
1 2 29 49
3 2 30 48
1 2 37 49
3 2 35 49
7 2 34 49
2 2 29 53
2 2 35 53
7 2 34 53
2 2 34 53
1 2 29 75
2 2 29 75
6 2 32 76
5 2 33 77
1 2 31 76
3 2 28 23
7 2 35 22
5 2 31 23
2 2 34 24
4 2 29 22
5 2 28 31
1 2 28 44
3 2 29 43
4 2 47 68
2 2 28 55
2 2 49 44
8 2 48 44
3 2 50 44
6 2 41 55
3 2 29 55
2 2 34 55
3 2 34 54
1 2 28 55
2 2 33 54
5 2 41 54
7 2 31 57
4 2 41 57
7 2 29 56
7 2 28 58
2 2 40 57
4 2 28 60
7 2 30 61
2 2 32 62
5 2 34 63
3 2 35 63
5 2 32 63
6 2 31 60
2 2 28 65
8 2 30 64
7 2 30 66
8 2 28 84
6 2 31 85
3 2 43 85
1 2 31 85
7 2 30 84
7 2 28 89
2 2 28 98
5 2 32 97
1 2 28 99
7 2 27 3
1 2 32 4
3 2 31 2
8 2 31 2
8 2 27 11
6 2 48 10
4 2 28 11
2 2 49 52
2 2 45 10
8 2 53 10
5 2 34 10
8 2 50 9
1 2 51 8
2 2 34 9
2 2 27 19
2 2 27 22
8 2 27 28
8 2 29 28
2 2 29 27
1 2 29 28
4 2 28 27
7 2 27 27
5 2 27 39
7 2 33 9
1 2 27 51
7 2 27 52
1 2 27 70
8 2 31 70
7 2 33 37
4 2 27 74
8 2 27 75
8 2 34 76
2 2 27 91
2 2 35 69
1 2 30 89
3 2 27 92
6 2 33 92
1 2 35 93
3 2 35 94
1 2 32 92
8 2 27 94
5 2 35 92
1 2 35 94
5 2 34 95
5 2 29 94
2 2 32 93
8 2 29 93
4 2 33 92
1 2 27 97
4 2 29 94
5 2 26 4
2 2 30 96
4 2 28 2
5 2 30 1
4 2 26 3
4 2 26 7
1 2 30 7
1 2 32 9
6 2 26 23
8 2 30 24
5 2 29 2
7 2 29 24
3 2 30 23
4 2 29 24
2 2 26 27
8 2 30 24
5 2 28 26
6 2 26 34
3 2 28 28
1 2 27 33
1 2 27 35
5 2 26 45
7 2 33 44
2 2 28 35
2 2 26 51
2 2 33 44
4 2 30 50
1 2 29 51
6 2 28 50
4 2 27 50
4 2 32 49
8 2 26 55
4 2 26 55
8 2 26 69
3 2 30 68
4 2 26 72
6 2 28 54
5 2 32 53
2 2 30 53
4 2 30 54
8 2 29 53
3 2 29 53
7 2 28 72
2 2 32 71
6 2 32 72
3 2 43 71
3 2 27 72
8 2 35 71
5 2 26 72
8 2 26 90
5 2 32 71
3 2 28 89
4 2 35 88
6 2 27 89
2 2 34 88
2 2 27 88
7 2 26 92
6 2 26 94
6 2 26 96
5 2 26 96
2 2 32 95
7 2 28 93
7 2 29 93
6 2 28 93
8 2 27 94
8 2 26 95
7 2 26 97
4 2 27 99
8 2 25 41
3 2 27 39
5 2 29 38
7 2 29 39
3 2 25 41
7 2 33 40
5 2 26 40
6 2 25 42
3 2 30 43
6 2 27 43
6 2 30 43
3 2 25 54
7 2 29 55
8 2 28 56
6 2 25 53
1 2 28 52
1 2 25 67
6 2 33 97
8 2 27 68
4 2 25 67
7 2 25 72
1 2 33 71
3 2 33 70
7 2 30 74
4 2 25 96
6 2 24 5
6 2 30 5
3 2 31 6
2 2 30 7
3 2 24 4
5 2 24 25
5 2 29 26
5 2 28 24
4 2 28 27
2 2 27 24
4 2 24 46
6 2 25 45
3 2 24 46
5 2 29 47
5 2 24 57
8 2 31 58
1 2 31 72
2 2 30 58
4 2 33 57
2 2 24 65
6 2 24 66
1 2 24 73
4 2 24 72
2 2 27 73
2 2 24 76
4 2 27 77
7 2 33 76
4 2 32 78
7 2 30 58
1 2 30 59
5 2 30 60
6 2 26 77
1 2 24 83
2 2 24 86
7 2 29 86
3 2 24 87
5 2 24 98
3 2 24 99
1 2 23 1
8 2 23 12
1 2 28 12
8 2 25 82
4 2 23 15
7 2 28 12
3 2 29 15
8 2 27 15
7 2 26 15
4 2 28 14
1 2 30 15
3 2 24 15
1 2 31 11
7 2 29 16
6 2 27 16
6 2 23 48
4 2 23 50
6 2 23 58
4 2 23 66
7 2 29 66
8 2 23 77
3 2 30 77
1 2 32 76
6 2 34 75
4 2 23 94
5 2 25 94
7 2 23 93
7 2 22 21
1 2 30 21
5 2 28 20
5 2 25 20
8 2 24 20
6 2 22 25
8 2 27 26
1 2 24 26
5 2 25 28
6 2 25 28
3 2 26 30
1 2 22 25
3 2 25 24
6 2 25 24
4 2 32 23
6 2 31 23
2 2 31 24
7 2 23 26
3 2 24 25
4 2 22 47
4 2 24 48
7 2 22 50
8 2 24 51
8 2 22 70
3 2 23 70
6 2 24 70
7 2 30 70
7 2 22 72
3 2 29 73
5 2 22 80
3 2 32 79
7 2 27 80
6 2 25 80
2 2 23 80
6 2 28 79
3 2 23 79
4 2 23 80
8 2 21 7
7 2 23 6
5 2 21 8
7 2 21 22
1 2 21 29
4 2 21 43
5 2 24 42
5 2 21 47
1 2 24 46
3 2 21 70
6 2 21 71
5 2 32 72
5 2 21 70
8 2 22 71
5 2 21 86
2 2 21 91
8 2 22 90
8 2 24 89
2 2 42 88
4 2 41 88
6 2 26 88
7 2 24 89
2 2 23 89
1 2 32 89
1 2 20 4
3 2 30 3
5 2 25 3
1 2 24 3
7 2 21 2
1 2 20 7
1 2 43 65
1 2 28 8
8 2 29 7
1 2 20 11
3 2 24 10
7 2 21 6
3 2 27 7
2 2 23 11
3 2 29 8
8 2 28 12
5 2 27 10
6 2 27 11
8 2 20 14
8 2 20 39
6 2 20 54
3 2 20 61
1 2 26 38
8 2 26 60
8 2 24 61
2 2 27 59
4 2 30 61
2 2 20 76
4 2 20 98
4 2 19 22
4 2 19 42
8 2 19 61
6 2 22 61
8 2 22 61
7 2 19 63
8 2 27 60
1 2 20 62
7 2 24 64
8 2 29 62
8 2 20 61
2 2 19 70
8 2 19 78
2 2 19 87
2 2 23 69
6 2 23 85
8 2 20 86
1 2 25 88
5 2 33 68
3 2 24 85
8 2 21 87
3 2 19 88
8 2 20 88
2 2 20 89
3 2 31 88
3 2 18 10
5 2 26 10
4 2 22 9
6 2 19 94
1 2 18 25
1 2 22 9
1 2 23 24
7 2 22 10
4 2 28 9
5 2 26 9
3 2 32 9
7 2 27 10
3 2 26 11
6 2 31 9
4 2 21 24
7 2 19 24
8 2 18 26
2 2 18 60
6 2 18 74
4 2 19 60
6 2 19 61
4 2 20 72
5 2 18 88
5 2 18 92
2 2 21 94
2 2 18 98
6 2 25 63
1 2 25 97
1 2 20 99
5 2 20 99
2 2 20 98
7 2 18 100
1 2 19 97
6 2 19 99
3 2 17 1
8 2 18 1
7 2 20 95
7 2 18 1
2 2 17 17
4 2 28 17
5 2 27 16
4 2 26 18
1 2 27 18
2 2 27 17
6 2 25 18
8 2 27 17
6 2 26 18
6 2 29 19
4 2 22 17
6 2 22 16
5 2 23 17
3 2 25 18
7 2 24 19
6 2 17 23
4 2 19 24
5 2 20 25
5 2 17 41
4 2 17 81
8 2 17 91
6 2 16 17
7 2 16 17
5 2 16 20
2 2 31 19
8 2 30 1
5 2 30 19
2 2 25 21
3 2 24 21
8 2 16 31
7 2 29 1
7 2 23 31
6 2 29 30
8 2 28 30
6 2 27 30
7 2 17 32
7 2 27 34
5 2 27 35
7 2 25 33
8 2 29 34
3 2 16 52
6 2 26 52
7 2 21 51
5 2 29 50
1 2 30 49
8 2 20 51
2 2 16 51
3 2 22 52
1 2 32 30
7 2 31 31
8 2 16 69
7 2 21 70
3 2 16 71
1 2 19 72
4 2 36 51
4 2 24 73
3 2 20 74
8 2 21 74
7 2 16 83
7 2 21 74
1 2 21 75
7 2 24 82
5 2 24 81
3 2 16 82
3 2 25 83
2 2 23 83
7 2 21 83
6 2 28 77
4 2 23 82
5 2 23 84
6 2 22 84
5 2 20 83
1 2 19 83
4 2 20 82
3 2 17 81
2 2 16 91
3 2 20 84
8 2 16 93
8 2 19 94
4 2 22 95
3 2 21 96
6 2 15 9
8 2 23 9
1 2 23 90
5 2 21 9
6 2 17 9
5 2 15 14
6 2 23 13
5 2 17 15
4 2 18 15
2 2 16 15
8 2 15 16
2 2 20 15
1 2 18 15
4 2 20 14
1 2 22 13
3 2 19 14
6 2 15 15
2 2 18 16
3 2 15 20
6 2 29 20
7 2 15 27
4 2 20 26
4 2 22 28
6 2 20 28
3 2 19 28
1 2 28 28
3 2 27 28
5 2 27 29
6 2 17 27
1 2 15 46
1 2 35 10
7 2 19 45
4 2 29 44
7 2 15 53
2 2 16 46
7 2 24 53
5 2 15 58
4 2 26 59
4 2 24 58
6 2 22 58
8 2 21 58
5 2 15 80
8 2 21 80
1 2 16 80
4 2 18 79
2 2 20 78
7 2 19 78
7 2 21 77
1 2 18 78
8 2 20 79
6 2 15 82
4 2 16 82
2 2 15 85
2 2 15 97
7 2 18 96
7 2 22 97
8 2 21 97
3 2 18 95
6 2 17 98
3 2 15 99
2 2 15 100
4 2 14 2
1 2 25 1
3 2 23 1
6 2 21 1
8 2 18 1
1 2 14 1
4 2 17 2
2 2 14 5
2 2 23 3
2 2 17 5
4 2 16 4
6 2 14 17
8 2 21 18
6 2 34 45
7 2 17 18
1 2 14 30
2 2 14 35
4 2 15 18
3 2 17 35
1 2 23 37
1 2 20 19
3 2 14 36
7 2 25 37
4 2 23 37
2 2 25 37
8 2 21 35
7 2 20 35
1 2 19 36
5 2 17 36
8 2 22 37
8 2 14 36
5 2 14 62
4 2 14 66
2 2 29 65
5 2 16 62
5 2 23 62
3 2 18 63
8 2 17 64
4 2 15 62
6 2 19 62
5 2 14 74
2 2 20 73
4 2 17 74
1 2 14 79
5 2 14 94
4 2 14 95
4 2 13 10
3 2 13 16
1 2 15 15
7 2 14 15
3 2 15 14
7 2 16 13
6 2 30 13
4 2 14 14
1 2 18 13
8 2 14 15
5 2 13 15
2 2 13 22
8 2 14 22
2 2 14 22
3 2 13 28
4 2 15 26
4 2 13 28
8 2 22 28
5 2 14 27
2 2 13 30
3 2 30 66
1 2 17 29
2 2 24 30
1 2 13 29
5 2 13 28
2 2 13 27
1 2 13 42
7 2 21 43
1 2 14 43
8 2 24 41
4 2 24 40
2 2 15 43
1 2 16 43
3 2 13 43
8 2 13 49
3 2 13 55
4 2 13 56
5 2 28 56
4 2 27 57
3 2 22 56
2 2 23 58
7 2 22 58
1 2 13 67
2 2 29 40
3 2 28 41
2 2 25 67
5 2 18 66
8 2 17 67
6 2 14 66
4 2 13 82
3 2 17 81
6 2 16 81
3 2 19 67
7 2 20 68
7 2 22 82
3 2 13 92
5 2 13 99
6 2 12 1
2 2 12 1
8 2 13 2
3 2 15 4
6 2 16 6
7 2 17 7
3 2 16 7
5 2 18 6
6 2 17 6
5 2 14 1
6 2 14 5
3 2 13 3
7 2 21 3
8 2 12 14
5 2 18 13
5 2 13 13
8 2 16 12
3 2 12 23
8 2 19 22
4 2 16 24
7 2 12 35
1 2 26 34
1 2 19 36
8 2 12 37
5 2 15 38
8 2 23 39
2 2 22 40
4 2 21 39
4 2 22 38
2 2 16 39
2 2 21 38
6 2 20 38
7 2 14 39
7 2 19 41
1 2 16 40
7 2 13 37
4 2 16 36
6 2 13 36
8 2 18 35
4 2 17 35
5 2 16 37
4 2 12 38
6 2 12 55
2 2 35 56
6 2 25 55
3 2 18 54
4 2 23 53
8 2 13 54
1 2 16 53
7 2 16 54
5 2 12 58
5 2 14 58
1 2 17 59
1 2 18 60
8 2 18 61
1 2 22 62
2 2 13 59
1 2 11 1
2 2 18 2
6 2 17 2
7 2 11 5
8 2 12 4
3 2 12 5
4 2 15 7
8 2 16 7
5 2 25 8
4 2 32 9
5 2 11 8
7 2 11 27
7 2 12 28
4 2 17 29
8 2 12 29
1 2 11 47
7 2 21 48
7 2 19 46
7 2 15 48
6 2 28 49
7 2 20 48
7 2 13 47
4 2 19 47
1 2 30 46
3 2 13 47
4 2 11 49
8 2 16 50
1 2 11 57
4 2 20 56
2 2 19 57
1 2 18 57
4 2 11 99
2 2 10 1
6 2 10 18
2 2 10 20
3 2 10 22
7 2 10 34
4 2 11 33
3 2 33 32
2 2 11 36
5 2 10 33
2 2 10 34
5 2 15 33
1 2 10 45
6 2 10 74
7 2 27 73
8 2 25 75
2 2 14 73
8 2 10 78
7 2 13 77
6 2 16 76
5 2 10 80
3 2 14 79
1 2 10 97
7 2 15 98
4 2 17 96
7 2 14 96
5 2 10 99
2 2 9 4
5 2 12 3
8 2 9 9
6 2 37 10
5 2 13 8
3 2 9 9
2 2 14 8
3 2 9 13
5 2 9 12
7 2 14 12
7 2 20 11
2 2 22 10
1 2 12 13
7 2 12 13
4 2 9 20
4 2 36 19
2 2 14 19
5 2 17 18
3 2 9 19
6 2 9 33
7 2 11 32
3 2 9 32
6 2 9 32
4 2 17 32
3 2 9 36
6 2 13 36
3 2 14 37
3 2 11 36
8 2 9 37
2 2 9 37
2 2 9 41
7 2 14 41
7 2 9 42
8 2 13 42
5 2 17 43
6 2 22 42
8 2 21 42
4 2 14 43
4 2 39 44
1 2 21 44
2 2 20 44
5 2 9 42
3 2 13 41
2 2 12 42
5 2 20 41
4 2 9 50
4 2 15 50
8 2 16 50
8 2 20 49
6 2 15 51
3 2 16 50
2 2 23 51
3 2 22 52
7 2 16 51
5 2 12 49
2 2 17 49
3 2 12 51
5 2 14 53
8 2 14 53
5 2 12 52
7 2 9 52
1 2 14 51
4 2 19 50
7 2 9 54
1 2 11 55
4 2 9 57
5 2 9 63
4 2 29 64
6 2 14 62
5 2 26 63
6 2 15 63
4 2 11 63
4 2 18 62
7 2 26 64
8 2 17 63
8 2 10 61
1 2 13 60
8 2 9 66
6 2 9 70
4 2 13 67
7 2 16 65
7 2 14 67
1 2 15 66
5 2 38 67
5 2 24 67
4 2 23 66
3 2 17 71
8 2 16 71
8 2 14 66
5 2 12 67
6 2 13 70
1 2 17 69
6 2 17 71
5 2 16 68
7 2 11 71
1 2 11 70
3 2 9 75
8 2 15 74
5 2 13 70
5 2 14 74
3 2 20 69
7 2 13 74
8 2 12 75
8 2 9 76
7 2 11 76
3 2 9 79
4 2 10 76
5 2 10 75
1 2 10 78
3 2 10 79
7 2 9 81
1 2 9 90
3 2 18 89
6 2 13 89
6 2 17 90
5 2 13 89
8 2 9 93
3 2 12 75
7 2 10 92
8 2 11 91
2 2 17 93
4 2 11 92
6 2 9 93
2 2 20 92
6 2 21 90
5 2 9 97
4 2 9 99
6 2 8 12
1 2 12 96
7 2 13 12
3 2 8 25
5 2 13 25
6 2 13 95
8 2 11 24
7 2 8 32
3 2 8 46
6 2 12 45
6 2 13 46
3 2 18 47
8 2 15 23
3 2 15 45
6 2 14 45
4 2 8 52
3 2 9 53
1 2 8 59
2 2 8 59
2 2 10 45
4 2 10 58
1 2 12 47
6 2 18 60
4 2 17 60
8 2 13 47
8 2 9 58
3 2 8 66
8 2 21 46
8 2 8 81
2 2 11 82
2 2 10 80
3 2 10 82
8 2 10 83
2 2 8 82
5 2 14 84
6 2 13 85
1 2 20 85
4 2 25 65
1 2 24 65
3 2 24 66
6 2 23 66
5 2 16 85
8 2 11 81
8 2 8 95
8 2 7 5
2 2 13 85
1 2 37 86
3 2 13 84
3 2 7 6
5 2 9 7
1 2 7 11
3 2 12 10
3 2 13 7
6 2 7 13
5 2 7 34
8 2 7 41
4 2 14 9
4 2 14 40
5 2 7 49
3 2 8 49
1 2 7 49
7 2 7 56
7 2 7 62
2 2 14 63
7 2 13 64
1 2 12 65
5 2 10 63
8 2 8 63
6 2 7 86
3 2 15 87
2 2 13 87
3 2 19 40
6 2 15 86
5 2 8 85
1 2 10 85
3 2 8 84
4 2 6 2
5 2 6 5
2 2 14 5
7 2 14 4
2 2 8 5
6 2 7 4
2 2 6 6
2 2 10 6
8 2 9 7
6 2 6 9
1 2 12 10
8 2 8 8
2 2 8 7
1 2 6 16
2 2 12 17
4 2 11 16
5 2 10 17
5 2 6 16
2 2 9 15
5 2 7 17
3 2 8 16
7 2 6 18
2 2 6 38
7 2 14 38
6 2 8 38
8 2 9 38
8 2 17 39
5 2 6 42
4 2 8 41
4 2 16 42
6 2 6 44
8 2 6 49
1 2 10 48
6 2 15 47
8 2 9 49
2 2 9 48
6 2 6 48
5 2 6 52
2 2 7 51
5 2 9 52
8 2 6 53
4 2 12 54
5 2 16 55
3 2 6 52
7 2 20 88
1 2 6 60
1 2 6 71
4 2 13 70
8 2 19 69
1 2 12 70
6 2 13 72
4 2 8 70
1 2 6 76
4 2 13 76
7 2 22 51
3 2 12 76
5 2 11 76
2 2 6 75
3 2 6 83
8 2 6 94
1 2 8 96
2 2 7 94
6 2 6 97
3 2 10 95
7 2 6 97
4 2 5 5
7 2 6 7
3 2 8 8
1 2 7 8
8 2 5 30
2 2 15 29
7 2 15 30
2 2 10 29
3 2 12 29
5 2 11 29
1 2 9 29
6 2 11 30
7 2 5 60
7 2 5 69
4 2 5 83
2 2 5 84
1 2 5 85
1 2 11 86
2 2 5 89
6 2 8 90
7 2 12 90
8 2 12 90
6 2 6 88
8 2 4 9
7 2 7 10
3 2 4 15
2 2 10 14
5 2 7 14
1 2 4 37
2 2 11 38
5 2 15 39
5 2 4 38
7 2 17 40
3 2 4 41
1 2 11 40
8 2 4 47
4 2 4 73
6 2 7 73
1 2 6 74
4 2 4 88
3 2 6 87
2 2 4 96
7 2 7 96
2 2 8 97
4 2 6 95
3 2 3 1
1 2 3 9
2 2 3 14
8 2 5 15
8 2 3 14
1 2 3 21
1 2 8 23
7 2 11 23
5 2 3 26
2 2 5 25
1 2 12 26
3 2 3 26
3 2 10 26
1 2 10 25
2 2 3 27
3 2 3 47
6 2 3 49
1 2 6 49
7 2 6 50
4 2 5 48
1 2 3 49
5 2 3 52
7 2 3 62
5 2 10 63
7 2 9 63
7 2 3 71
7 2 3 73
1 2 3 76
4 2 11 75
3 2 7 77
7 2 6 75
2 2 6 77
6 2 7 78
3 2 3 80
5 2 3 81
3 2 3 88
7 2 8 88
3 2 8 89
3 2 6 88
6 2 14 86
2 2 3 88
6 2 15 88
3 2 15 88
8 2 3 91
5 2 14 92
2 2 2 17
6 2 11 18
8 2 12 18
4 2 17 19
1 2 2 18
1 2 8 19
4 2 7 19
6 2 16 20
8 2 15 20
2 2 14 20
2 2 2 21
6 2 3 20
7 2 7 21
1 2 5 22
5 2 3 22
2 2 12 22
5 2 10 23
8 2 2 21
6 2 4 21
4 2 2 23
3 2 4 24
8 2 2 48
5 2 2 50
7 2 2 56
2 2 2 58
7 2 2 60
5 2 9 59
6 2 8 59
8 2 2 59
3 2 2 61
1 2 2 62
5 2 19 75
6 2 6 63
2 2 9 65
3 2 5 63
6 2 2 87
1 2 4 88
2 2 5 86
5 2 2 91
4 2 6 92
7 2 2 92
1 2 9 91
3 2 10 90
8 2 7 89
7 2 5 94
6 2 4 94
6 2 6 94
2 2 2 94
2 2 1 4
2 2 7 3
5 2 1 4
3 2 1 7
2 2 1 9
8 2 1 11
5 2 2 13
1 2 4 12
6 2 1 13
6 2 7 91
1 2 1 21
3 2 3 21
2 2 1 25
7 2 9 25
7 2 6 25
8 2 4 25
8 2 1 26
5 2 4 26
6 2 7 28
2 2 10 12
4 2 3 27
2 2 1 31
2 2 7 31
4 2 10 29
7 2 1 33
8 2 2 33
7 2 3 32
4 2 3 34
5 2 1 37
1 2 3 36
4 2 1 41
2 2 6 40
1 2 12 42
4 2 1 45
7 2 13 44
3 2 12 45
1 2 11 45
4 2 7 44
5 2 1 45
4 2 1 59
2 2 1 69
7 2 7 69
3 2 14 68
2 2 13 68
4 2 3 70
3 2 5 69
6 2 2 70
1 2 1 70
2 2 1 73
5 2 1 81
6 2 7 80
5 2 5 82
7 2 1 83
2 2 4 82
1 2 9 83
6 2 3 82
1 2 1 96
8 2 6 97
4 2 6 98
2 2 6 99
8 2 5 99
5 2 18 46
1 2 8 99
2 2 9 98
5 2 2 96
8 2 2 95
5 2 3 94
1 2 2 95
3 2 4 99
5 2 5 98
8 2 12 99
7 3 34 56
2 3 30 11
3 2 29 11
3 3 30 23
2 3 30 56
3 3 29 68
2 3 29 79
2 3 29 92
6 3 28 73
5 3 27 19
3 3 27 65
2 3 26 54
6 3 26 79
4 3 25 30
3 3 25 44
5 3 25 67
7 3 24 20
2 3 24 23
7 3 24 78
5 2 23 78
4 3 24 91
4 3 23 86
7 3 22 8
1 3 21 20
3 3 21 22
8 3 21 73
1 3 21 85
5 3 21 98
3 3 20 11
2 3 20 23
8 3 19 8
4 3 19 60
5 3 19 87
8 3 18 10
2 3 20 34
2 3 17 39
3 3 17 48
1 3 17 53
6 3 17 98
8 3 16 82
6 3 15 16
5 3 15 36
2 3 15 54
2 3 16 54
3 3 15 75
7 3 15 80
3 3 15 87
7 3 14 39
4 2 15 39
3 2 14 39
3 3 14 44
4 3 14 59
4 3 13 4
5 3 13 6
3 3 13 18
6 3 13 48
6 3 12 50
5 3 12 64
1 3 12 87
6 3 11 7
2 2 11 7
1 3 11 22
3 3 13 21
4 3 11 23
7 3 11 53
6 3 16 52
6 3 11 53
1 3 11 91
3 3 24 92
4 3 11 97
6 3 11 98
4 2 10 98
3 3 10 4
2 3 10 21
5 3 10 45
1 3 23 46
2 3 10 48
5 3 10 71
7 2 12 71
1 2 23 72
7 3 9 30
2 3 19 31
6 3 9 59
3 3 9 99
4 3 9 100
7 3 8 10
7 3 16 10
6 2 16 9
3 2 15 9
7 3 10 11
6 3 18 12
5 3 8 26
4 3 8 66
2 2 7 67
7 3 18 69
3 3 8 66
7 3 19 65
5 2 18 65
7 3 8 68
8 2 18 67
1 3 24 11
1 3 8 69
7 2 7 69
8 2 7 68
3 3 7 48
2 3 7 78
7 3 6 2
3 3 6 12
4 3 8 85
8 2 9 11
6 2 8 11
8 3 6 23
7 3 6 43
4 3 6 52
3 3 13 51
1 3 5 28
7 2 5 28
2 3 5 54
4 2 7 55
8 2 13 55
3 2 13 57
4 3 10 55
1 3 10 57
7 3 5 98
3 2 5 97
8 2 4 98
1 2 5 97
2 2 5 97
5 3 5 97
8 3 4 50
6 2 3 51
7 2 9 50
1 3 4 62
3 2 9 61
7 3 18 63
5 3 4 83
2 3 6 84
5 3 3 1
4 2 3 1
8 2 2 1
2 2 4 1
4 2 9 1
2 3 5 1
2 2 8 1
7 3 4 84
5 3 3 50
2 2 2 52
6 3 3 67
6 2 5 66
3 2 4 66
3 2 11 65
4 2 4 65
2 2 3 67
1 2 4 67
7 3 12 66
3 2 11 66
1 3 2 14
6 3 2 60
2 2 1 60
8 2 2 59
4 2 3 58
7 2 4 57
5 3 2 73
7 2 3 73
6 2 6 73
1 3 6 74
3 3 2 85
3 2 7 86
6 3 1 1
1 3 1 5
1 2 3 5
5 2 2 5
4 2 9 6
2 3 1 7
7 3 1 18
2 2 3 19
5 2 3 18
1 3 13 20
6 3 4 19
6 2 9 18
4 3 1 35
3 2 1 34
3 3 1 43
6 3 1 62
2 2 7 64
8 2 7 63
6 2 11 61
3 3 1 62
7 3 1 67
8 2 2 68
4 2 3 69
6 2 1 67
5 3 16 3
4 2 15 3
8 4 23 46
5 4 22 47
4 4 22 78
8 2 21 78
4 4 20 32
6 4 19 8
6 4 19 72
2 4 19 85
5 4 19 86
2 4 17 46
3 4 16 57
2 4 16 65
6 4 15 54
5 4 14 11
2 4 14 50
5 4 14 56
6 4 14 73
8 2 11 74
7 4 16 75
2 4 13 20
4 4 13 43
6 4 12 57
2 4 11 38
7 2 11 38
4 4 10 10
2 4 10 24
5 2 9 24
4 4 10 85
2 4 9 3
3 2 8 3
8 2 7 3
1 4 9 43
3 4 9 63
3 4 8 33
8 4 8 41
2 4 7 44
7 4 7 71
2 4 7 85
2 4 7 93
5 4 9 93
5 4 6 2
2 4 6 13
2 4 5 8
3 2 8 10
1 4 5 25
2 4 5 89
6 4 5 99
1 4 5 99
8 4 6 99
5 4 4 22
4 2 3 22
7 3 3 21
8 2 3 22
6 2 2 23
3 2 2 23
2 2 1 23
1 3 2 23
6 2 1 23
4 2 2 24
6 3 1 25
8 2 5 26
3 4 4 52
8 4 4 51
2 4 4 70
3 4 4 81
6 4 3 56
2 2 11 56
8 2 10 56
5 4 3 69
3 4 2 2
1 2 8 3
7 4 2 40
5 4 2 55
8 2 4 54
1 4 3 55
3 2 14 54
2 4 6 53
7 4 5 58
8 4 1 37
3 2 3 37
4 2 2 39
2 2 1 39
8 4 1 75
4 2 1 75
3 2 1 74
5 2 2 76
5 2 4 77
7 3 4 77
1 2 2 78
6 2 1 78
5 2 6 78
2 2 5 77
5 4 6 73
4 4 1 80
2 2 5 79
8 2 4 79
6 4 1 82
2 2 1 84
4 2 6 86
5 4 2 86
8 2 4 85
6 5 18 34
8 5 18 34
7 5 17 44
4 5 13 31
5 2 12 31
1 2 13 31
7 2 12 31
2 5 12 64
7 2 10 65
8 2 10 65
8 5 11 47
3 2 11 47
1 5 9 50
8 5 9 79
3 5 8 28
2 5 8 34
1 5 8 59
4 5 8 64
5 2 9 65
7 5 7 68
2 2 10 68
5 5 7 85
4 5 6 50
1 2 3 51
5 2 5 50
8 5 6 84
7 5 5 15
2 5 5 20
6 3 5 20
6 5 10 19
1 2 10 18
3 5 5 28
7 3 15 29
7 4 10 29
3 3 16 30
6 5 5 69
6 5 5 71
3 5 4 55
7 3 3 56
1 2 5 54
4 5 3 11
2 2 6 10
5 2 5 11
6 2 4 11
2 2 4 11
5 5 8 12
7 5 3 18
4 5 3 84
5 2 2 84
3 4 9 83
2 2 8 83
6 5 3 96
4 5 2 12
3 2 2 12
1 2 2 11
8 2 2 10
2 5 2 77
2 2 7 79
2 6 17 87
6 6 13 89
8 6 10 87
8 6 9 53
7 6 7 89
5 2 7 90
5 6 6 58
7 6 5 36
3 6 4 8
7 2 9 8
5 2 3 8
3 6 4 83
7 6 4 93
8 6 3 51
6 6 3 56
2 6 2 42
6 2 4 41
7 2 3 41
4 2 3 43
3 3 2 42
4 2 6 45
7 2 6 45
3 3 12 45
3 4 16 46
4 5 7 46
5 2 14 45
2 6 2 62
2 2 6 62
5 2 6 61
2 6 2 73
1 2 2 72
8 2 2 71
7 2 2 74
7 6 4 75
4 6 1 67
1 2 1 67
4 7 14 45
2 2 15 46
6 7 11 95
4 7 6 29
6 2 6 28
1 2 12 31
8 2 6 29
5 2 5 29
2 2 12 29
8 4 7 31
4 7 5 71
2 2 4 71
8 2 4 72
7 7 5 86
8 2 6 87
6 7 3 26
3 7 3 77
6 7 1 7
4 8 11 45
6 8 6 64
7 2 5 65
1 8 3 34
1 2 7 33
3 8 8 34
7 2 3 34
4 2 4 33
3 2 5 32
8 9 8 32
1 2 9 33
7 2 8 33
8 9 7 44
1 2 6 45
6 9 4 86
4 6 8 32
6 2 7 33
8 2 7 33
4 9 3 4
2 9 2 81
1 2 2 80
4 10 7 16
2 11 7 53
6 11 4 38
7 2 4 40
5 3 3 40
7 2 9 89
3 12 6 29
7 2 6 31
2 2 6 32
4 12 1 67
8 2 1 66
2 2 1 65
8 2 1 65
1 14 5 8
2 2 3 8
3 2 3 8
7 2 2 9
3 15 3 13
2 2 3 14
8 2 3 15
4 2 2 16
2 2 1 16
6 18 6 78
7 2 1 79
5 2 3 79
7 2 2 79
1 2 9 77
7 22 4 60
8 2 2 63
4 3 1 62
6 2 4 61
7 12 10 89
8 2 10 89
3 2 9 89
