84003
3222
5 2 99 27
4 2 99 28
2 2 99 51
8 2 99 88
1 2 98 7
5 2 98 47
3 2 97 11
1 2 97 13
1 2 97 53
8 2 97 90
1 2 97 93
6 2 96 12
3 2 96 13
6 2 96 13
1 2 96 41
1 2 96 48
6 2 98 47
2 2 96 47
5 2 96 49
6 2 96 72
7 2 96 73
6 2 96 74
6 2 96 94
6 2 99 94
4 2 97 95
8 2 98 96
2 2 96 99
8 2 95 15
3 2 95 31
6 2 95 56
2 2 96 56
2 2 94 7
6 2 100 9
8 2 98 8
2 2 95 6
6 2 94 6
5 2 94 14
2 2 94 38
6 2 100 39
5 2 94 39
2 2 94 39
5 2 94 74
6 2 95 74
1 2 94 79
6 2 98 78
2 2 97 78
6 2 96 78
7 2 94 93
3 2 95 93
1 2 94 99
5 2 93 7
3 2 93 15
4 2 93 34
6 2 100 32
4 2 93 47
3 2 95 48
7 2 93 97
7 2 92 7
4 2 92 16
2 2 96 16
3 2 92 17
6 2 92 38
2 2 96 37
6 2 100 35
8 2 97 36
6 2 95 38
5 2 92 41
8 2 94 40
7 2 92 77
6 2 100 75
3 2 92 79
3 2 92 97
1 2 92 100
1 2 91 35
4 2 97 36
2 2 94 35
4 2 91 36
4 2 91 44
6 2 100 45
8 2 90 2
2 2 90 28
8 2 90 42
5 2 90 43
2 2 96 44
4 2 96 43
4 2 90 50
8 2 93 51
4 2 94 52
3 2 96 53
2 2 95 53
6 2 90 54
6 2 92 52
6 2 91 54
2 2 90 59
4 2 94 60
4 2 97 59
1 2 90 83
2 2 94 83
4 2 94 84
8 2 90 93
8 2 94 95
1 2 90 93
5 2 89 1
7 2 89 31
2 2 95 85
6 2 96 30
6 2 94 86
2 2 93 86
8 2 89 33
6 2 92 29
2 2 94 32
4 2 93 28
8 2 94 27
2 2 91 30
4 2 95 29
2 2 91 33
8 2 89 60
2 2 95 59
2 2 94 28
6 2 94 29
8 2 89 66
3 2 89 82
6 2 98 61
2 2 97 62
6 2 96 62
8 2 89 86
6 2 92 84
6 2 90 86
3 2 88 21
2 2 94 20
4 2 98 19
6 2 90 21
2 2 96 22
4 2 97 23
6 2 98 22
8 2 98 24
6 2 95 22
2 2 94 22
4 2 91 20
2 2 96 19
2 2 89 22
6 2 88 22
8 2 88 21
8 2 92 20
8 2 94 19
6 2 93 20
7 2 88 44
2 2 88 43
5 2 88 45
6 2 90 45
2 2 89 46
5 2 88 69
6 2 100 70
2 2 94 68
4 2 98 67
6 2 90 69
4 2 91 68
2 2 96 67
6 2 95 69
2 2 94 70
7 2 94 70
2 2 89 70
6 2 88 70
7 2 88 81
1 2 92 80
1 2 90 81
7 2 88 84
8 2 89 82
2 2 88 83
8 2 87 15
4 2 93 83
8 2 90 16
8 2 94 16
2 2 87 14
2 2 88 13
6 2 90 14
1 2 87 27
4 2 88 15
4 2 88 27
4 2 89 26
8 2 87 28
4 2 87 63
2 2 94 63
6 2 87 64
8 2 92 63
3 2 91 63
1 2 87 67
8 2 92 67
4 2 87 84
1 2 91 83
6 2 88 83
8 2 87 84
8 2 87 88
6 2 95 63
3 2 91 89
2 2 96 87
3 2 89 88
4 2 93 88
6 2 92 87
3 2 91 87
8 2 91 87
2 2 88 88
4 2 87 88
3 2 87 96
1 2 91 95
1 2 86 22
5 2 86 47
8 2 91 47
2 2 86 47
5 2 86 71
2 2 87 70
1 2 86 82
2 2 86 88
3 2 85 5
4 2 94 89
7 2 85 5
6 2 96 4
4 2 95 4
3 2 85 13
5 2 85 16
6 2 92 15
8 2 85 28
5 2 88 29
4 2 92 30
2 2 91 30
2 2 88 30
8 2 91 31
6 2 84 10
8 2 93 11
6 2 84 16
4 2 90 15
2 2 84 52
2 2 94 4
2 2 87 53
8 2 88 52
6 2 86 54
6 2 84 54
2 2 88 51
5 2 84 88
5 2 83 19
4 2 86 20
7 2 83 31
2 2 83 67
3 2 91 66
7 2 83 71
6 2 88 71
8 2 96 72
4 2 95 55
8 2 90 72
4 2 83 84
3 2 83 84
2 2 88 85
6 2 84 86
3 2 88 85
1 2 87 85
6 2 83 84
2 2 82 20
5 2 82 51
1 2 82 54
2 2 82 63
6 2 83 63
1 2 82 74
7 2 82 75
2 2 86 75
7 2 95 72
8 2 89 77
4 2 86 76
2 2 87 77
3 2 89 78
6 2 86 78
2 2 85 78
2 2 82 84
4 2 82 90
8 2 85 89
8 2 83 90
2 2 81 10
6 2 94 76
6 2 81 33
2 2 86 32
4 2 81 40
4 2 94 39
1 2 88 41
4 2 88 40
1 2 91 39
2 2 88 39
1 2 81 69
6 2 83 68
6 2 81 82
6 2 82 82
1 2 81 81
8 2 93 80
4 2 94 79
2 2 92 79
6 2 91 83
8 2 87 80
4 2 85 80
6 2 81 93
2 2 90 92
6 2 90 93
2 2 86 92
7 2 95 10
8 2 81 94
6 2 82 93
2 2 87 95
4 2 88 95
7 2 87 94
1 2 89 95
8 2 89 96
2 2 81 94
5 2 80 53
6 2 80 80
2 2 89 80
8 2 81 80
8 2 86 79
2 2 80 80
5 2 79 6
7 2 91 4
6 2 91 6
7 2 89 7
1 2 96 9
1 2 94 8
2 2 86 7
4 2 81 7
2 2 80 5
8 2 92 4
7 2 88 4
8 2 81 4
4 2 82 3
4 2 88 4
6 2 87 4
6 2 82 4
5 2 79 35
2 2 86 35
4 2 86 36
2 2 87 37
6 2 86 38
2 2 85 38
6 2 79 40
8 2 86 39
7 2 87 38
4 2 82 39
2 2 87 40
2 2 79 59
8 2 91 59
7 2 93 60
6 2 92 60
2 2 86 59
4 2 86 60
2 2 87 61
6 2 79 60
6 2 79 74
5 2 79 75
4 2 93 75
8 2 79 76
2 2 90 76
1 2 79 83
3 2 80 82
2 2 78 19
8 2 80 20
4 2 78 20
6 2 83 20
4 2 78 49
5 2 84 48
8 2 83 48
8 2 88 48
5 2 82 49
4 2 84 47
2 2 84 48
6 2 83 48
2 2 82 48
2 2 78 48
8 2 78 47
2 2 79 46
2 2 80 45
4 2 90 44
8 2 91 43
7 2 90 43
6 2 90 44
8 2 81 44
4 2 82 43
6 2 79 46
5 2 78 55
8 2 83 55
2 2 78 64
8 2 78 63
4 2 81 64
6 2 85 64
4 2 85 63
2 2 79 62
2 2 80 61
5 2 80 60
6 2 82 61
2 2 81 62
6 2 86 61
2 2 85 62
8 2 78 96
2 2 77 2
1 2 77 41
7 2 85 40
6 2 84 40
4 2 83 40
1 2 77 61
4 2 77 77
3 2 77 94
2 2 80 96
6 2 76 16
3 2 90 18
6 2 76 37
8 2 87 36
1 2 76 56
5 2 76 57
5 2 83 57
7 2 76 61
6 2 76 80
8 2 75 3
2 2 78 3
4 2 78 4
4 2 75 28
4 2 75 40
8 2 78 39
2 2 76 40
8 2 75 43
2 2 87 43
8 2 75 63
8 2 80 63
6 2 74 18
5 2 74 22
2 2 74 24
8 2 94 23
2 2 95 24
6 2 94 24
6 2 84 22
5 2 74 27
8 2 76 26
2 2 74 46
5 2 74 62
2 2 74 68
8 2 79 68
6 2 76 69
8 2 89 68
2 2 78 69
4 2 77 68
4 2 86 67
8 2 83 70
6 2 82 70
2 2 80 67
2 2 75 70
4 2 74 79
6 2 84 78
5 2 74 82
6 2 74 82
7 2 74 83
1 2 74 87
2 2 78 87
4 2 74 98
4 2 93 99
8 2 85 99
8 2 77 99
6 2 90 98
7 2 73 5
7 2 73 45
4 2 78 44
4 2 76 45
6 2 86 46
6 2 75 44
4 2 81 44
2 2 75 46
7 2 73 63
5 2 81 63
2 2 80 64
4 2 72 24
4 2 82 23
2 2 86 23
4 2 85 24
4 2 87 23
1 2 72 28
6 2 84 29
8 2 83 27
4 2 79 27
2 2 72 27
5 2 72 29
1 2 74 29
4 2 74 28
6 2 82 29
6 2 79 27
2 2 78 28
6 2 77 28
3 2 73 29
8 2 72 28
6 2 72 30
1 2 75 31
2 2 72 47
8 2 74 48
5 2 72 49
4 2 72 64
2 2 79 64
8 2 78 64
6 2 73 64
3 2 71 9
2 2 84 10
5 2 80 10
4 2 77 8
8 2 78 7
6 2 76 7
2 2 77 6
5 2 71 22
2 2 72 21
8 2 73 20
2 2 77 21
5 2 76 21
6 2 76 22
4 2 74 19
8 2 71 24
6 2 71 47
3 2 71 57
8 2 92 56
2 2 83 56
4 2 75 56
2 2 74 56
6 2 85 56
1 2 71 83
2 2 70 4
8 2 76 3
5 2 76 5
2 2 71 5
4 2 70 17
6 2 70 22
2 2 71 22
8 2 70 30
2 2 78 31
5 2 77 31
4 2 77 31
2 2 80 32
2 2 76 30
5 2 70 31
8 2 70 50
5 2 70 51
2 2 89 51
6 2 89 52
7 2 79 52
1 2 83 51
2 2 70 51
6 2 76 53
6 2 74 52
1 2 86 51
3 2 76 52
4 2 77 52
8 2 81 51
6 2 79 51
4 2 80 53
4 2 78 52
8 2 74 52
4 2 70 52
2 2 71 53
2 2 72 54
2 2 83 55
8 2 83 56
4 2 82 56
2 2 77 55
4 2 73 55
8 2 78 56
6 2 77 56
8 2 70 90
1 2 70 91
2 2 70 91
4 2 78 92
4 2 70 92
6 2 76 94
3 2 79 93
1 2 78 93
8 2 75 91
1 2 75 95
4 2 82 95
4 2 85 96
3 2 81 95
6 2 80 94
2 2 79 94
2 2 71 93
6 2 74 92
2 2 72 94
4 2 73 95
4 2 78 96
8 2 74 96
5 2 69 9
2 2 76 8
4 2 69 14
5 2 69 17
7 2 83 16
4 2 69 34
5 2 69 49
4 2 76 48
2 2 69 56
7 2 69 67
6 2 71 68
5 2 69 69
6 2 68 13
4 2 91 12
5 2 83 13
6 2 75 13
8 2 77 12
5 2 79 13
2 2 77 13
8 2 76 14
2 2 74 14
6 2 83 13
8 2 73 12
4 2 74 11
6 2 68 30
7 2 68 32
8 2 73 31
5 2 82 32
8 2 74 32
6 2 73 32
3 2 72 31
2 2 72 32
2 2 69 33
5 2 68 53
7 2 68 69
8 2 75 69
1 2 68 93
4 2 67 16
4 2 74 15
1 2 67 35
4 2 79 36
8 2 79 36
4 2 85 35
8 2 81 36
6 2 83 38
2 2 82 38
2 2 70 35
3 2 75 36
4 2 77 35
8 2 75 35
4 2 70 36
7 2 78 35
3 2 80 34
2 2 77 36
6 2 79 37
6 2 80 38
4 2 76 38
4 2 74 37
4 2 67 36
4 2 71 35
8 2 67 47
6 2 67 47
4 2 67 71
8 2 87 71
2 2 88 72
2 2 82 71
4 2 86 72
2 2 78 71
5 2 69 71
4 2 80 71
4 2 77 71
1 2 67 75
6 2 78 75
4 2 81 75
8 2 89 76
6 2 82 77
2 2 70 75
6 2 76 77
4 2 70 76
8 2 75 75
2 2 71 77
2 2 72 78
6 2 82 79
3 2 81 79
8 2 69 74
7 2 88 73
6 2 76 72
8 2 75 72
1 2 66 30
2 2 69 30
4 2 66 38
4 2 73 39
6 2 74 40
6 2 68 36
6 2 67 38
2 2 70 39
2 2 66 38
5 2 66 55
1 2 66 70
5 2 66 91
8 2 65 17
3 2 65 67
1 2 66 95
8 2 70 68
7 2 65 71
4 2 65 88
4 2 79 87
2 2 71 95
8 2 70 87
2 2 71 86
6 2 76 84
1 2 71 89
3 2 75 85
8 2 79 84
1 2 79 85
4 2 75 88
2 2 77 84
6 2 70 86
7 2 70 95
3 2 65 98
2 2 84 99
3 2 78 87
1 2 70 99
5 2 88 98
3 2 64 21
6 2 66 21
4 2 67 20
2 2 72 19
5 2 73 18
8 2 69 99
2 2 65 22
6 2 64 22
3 2 65 21
2 2 64 22
6 2 67 22
3 2 73 17
2 2 66 22
4 2 65 23
3 2 64 75
8 2 66 24
6 2 64 76
6 2 68 76
2 2 64 76
4 2 69 75
5 2 64 96
1 2 73 96
3 2 72 96
7 2 68 77
8 2 74 76
6 2 73 76
8 2 73 75
1 2 74 97
2 2 72 76
2 2 64 95
4 2 69 94
2 2 67 78
1 2 64 97
2 2 70 96
6 2 63 18
4 2 63 18
3 2 63 17
7 2 63 19
8 2 67 16
8 2 68 19
2 2 66 16
5 2 71 15
4 2 63 40
8 2 68 39
2 2 64 40
8 2 63 80
2 2 64 80
4 2 66 79
1 2 62 2
6 2 84 1
4 2 70 1
7 2 69 2
8 2 69 3
2 2 68 40
3 2 62 3
2 2 62 3
4 2 62 4
4 2 62 13
2 2 70 12
2 2 72 11
6 2 71 12
5 2 83 1
1 2 62 22
4 2 62 58
7 2 77 59
5 2 62 59
6 2 76 60
4 2 75 59
8 2 76 60
6 2 82 59
3 2 75 61
2 2 74 60
2 2 62 59
4 2 70 60
4 2 62 60
4 2 71 59
8 2 72 60
8 2 67 59
4 2 62 92
4 2 86 11
1 2 62 99
7 2 71 98
4 2 80 99
2 2 62 99
6 2 61 4
4 2 63 3
2 2 61 14
1 2 61 17
1 2 61 36
5 2 70 37
3 2 67 38
8 2 66 36
6 2 66 38
2 2 72 39
3 2 65 34
4 2 62 38
6 2 61 41
6 2 75 42
4 2 61 42
4 2 71 42
1 2 61 57
5 2 64 56
5 2 62 57
8 2 61 67
8 2 61 82
8 2 60 4
8 2 60 24
3 2 60 25
6 2 80 24
6 2 60 38
6 2 60 45
6 2 67 45
2 2 66 46
8 2 65 44
4 2 66 43
6 2 65 46
3 2 63 43
6 2 76 45
3 2 62 45
2 2 62 44
2 2 76 43
2 2 63 43
6 2 62 44
6 2 69 44
1 2 68 43
6 2 61 46
3 2 60 60
5 2 60 61
6 2 60 72
4 2 68 71
3 2 60 100
2 2 70 99
5 2 59 23
2 2 59 38
4 2 59 44
8 2 71 42
4 2 59 100
2 2 58 3
6 2 67 4
3 2 73 5
7 2 58 6
6 2 58 38
1 2 58 39
3 2 58 38
4 2 58 95
6 2 58 94
8 2 59 95
1 2 57 9
8 2 81 7
2 2 69 10
5 2 57 21
8 2 57 20
4 2 58 19
4 2 57 45
3 2 57 59
7 2 75 58
6 2 65 60
2 2 67 61
6 2 68 63
2 2 69 64
8 2 69 63
6 2 66 62
2 2 65 62
1 2 57 89
8 2 63 88
7 2 85 89
8 2 74 87
6 2 73 88
2 2 64 87
4 2 66 88
3 2 68 87
2 2 62 88
1 2 66 87
6 2 66 86
6 2 83 85
2 2 65 86
4 2 65 86
2 2 72 85
6 2 71 86
2 2 70 86
6 2 69 86
2 2 65 88
2 2 57 90
2 2 57 94
3 2 62 94
6 2 56 8
7 2 81 7
2 2 64 7
1 2 56 17
8 2 70 15
2 2 69 16
8 2 74 15
4 2 65 16
2 2 61 18
6 2 56 22
4 2 58 22
6 2 56 28
3 2 56 29
2 2 64 27
4 2 68 28
6 2 58 28
2 2 68 29
8 2 69 28
8 2 62 27
7 2 72 26
1 2 71 27
2 2 61 29
5 2 60 29
2 2 69 29
6 2 68 30
6 2 56 42
2 2 58 43
6 2 56 75
4 2 62 76
8 2 65 78
8 2 69 78
2 2 68 78
3 2 68 78
4 2 56 80
8 2 65 80
3 2 69 80
1 2 66 79
8 2 62 79
3 2 55 9
5 2 57 9
2 2 56 10
8 2 55 11
2 2 62 11
5 2 55 23
6 2 78 23
8 2 77 24
4 2 55 55
6 2 58 54
8 2 65 55
8 2 59 55
1 2 55 67
8 2 71 67
3 2 55 87
6 2 60 85
8 2 65 84
4 2 66 83
6 2 66 84
8 2 73 83
5 2 54 10
5 2 54 30
6 2 58 30
2 2 54 34
5 2 54 35
5 2 63 35
2 2 54 35
4 2 61 36
4 2 54 36
2 2 55 37
6 2 54 38
2 2 54 44
8 2 54 67
1 2 54 95
8 2 62 96
6 2 56 94
6 2 55 96
2 2 56 96
4 2 53 7
6 2 66 6
2 2 65 6
3 2 53 63
3 2 52 33
2 2 62 32
8 2 62 31
6 2 60 31
4 2 60 32
3 2 59 33
2 2 54 32
6 2 72 31
1 2 53 33
1 2 52 36
3 2 58 36
7 2 57 37
4 2 55 35
3 2 54 35
4 2 76 34
5 2 52 37
1 2 52 42
6 2 52 44
8 2 66 43
6 2 65 44
6 2 52 56
4 2 56 55
5 2 57 56
2 2 53 56
6 2 52 69
6 2 61 70
2 2 60 70
2 2 62 71
6 2 59 70
6 2 72 68
2 2 71 68
2 2 63 69
8 2 52 92
3 2 74 91
1 2 73 91
7 2 65 92
8 2 59 92
5 2 59 91
4 2 73 92
7 2 72 93
3 2 59 92
2 2 63 91
5 2 51 2
1 2 51 31
3 2 51 44
5 2 51 74
1 2 51 91
2 2 50 7
4 2 57 8
4 2 63 7
6 2 51 7
8 2 50 8
8 2 59 7
8 2 51 7
8 2 64 8
5 2 50 39
2 2 50 96
7 2 64 96
8 2 60 95
6 2 62 96
6 2 54 95
1 2 52 97
4 2 53 96
2 2 52 96
6 2 62 96
1 2 50 96
8 2 50 98
4 2 62 99
4 2 60 98
1 2 50 99
2 2 54 99
5 2 49 17
2 2 49 18
6 2 65 19
6 2 56 16
8 2 55 16
4 2 58 15
2 2 54 16
4 2 49 22
6 2 55 22
2 2 53 22
3 2 53 22
8 2 61 23
4 2 67 24
2 2 62 24
6 2 61 24
2 2 71 24
5 2 49 57
2 2 49 81
2 2 54 80
4 2 58 79
6 2 60 77
2 2 59 78
8 2 54 79
8 2 55 80
3 2 72 81
8 2 49 82
5 2 49 97
3 2 48 37
8 2 50 38
6 2 50 38
6 2 67 39
7 2 63 39
8 2 63 40
3 2 62 39
7 2 61 39
4 2 64 39
8 2 51 39
3 2 59 40
7 2 48 40
4 2 48 49
3 2 63 47
2 2 62 48
6 2 71 47
3 2 70 47
5 2 69 47
4 2 70 47
7 2 68 47
4 2 65 47
2 2 64 48
6 2 59 48
2 2 63 47
1 2 62 48
6 2 48 51
3 2 62 51
7 2 77 50
3 2 76 51
2 2 64 52
7 2 65 52
6 2 64 52
3 2 63 50
8 2 63 52
6 2 51 51
6 2 58 51
8 2 55 52
7 2 48 100
2 2 47 1
3 2 47 17
8 2 54 15
2 2 61 15
6 2 58 14
2 2 57 14
4 2 47 19
4 2 61 19
8 2 59 19
2 2 54 19
2 2 56 20
4 2 54 20
6 2 54 20
4 2 68 19
1 2 47 23
7 2 51 24
4 2 47 59
2 2 54 59
2 2 56 60
7 2 62 59
8 2 62 60
1 2 61 59
4 2 54 60
5 2 47 87
6 2 63 86
6 2 56 86
6 2 50 86
8 2 56 87
4 2 60 88
6 2 59 88
8 2 58 88
6 2 58 88
5 2 58 89
4 2 56 88
8 2 51 87
2 2 49 86
2 2 56 85
7 2 51 86
2 2 62 84
2 2 64 83
6 2 70 82
4 2 62 83
2 2 50 86
6 2 48 86
4 2 47 99
1 2 46 3
2 2 81 2
2 2 46 3
4 2 54 4
6 2 52 5
8 2 49 5
8 2 61 4
1 2 52 5
4 2 46 4
2 2 52 3
6 2 58 3
2 2 47 5
2 2 50 6
6 2 49 6
6 2 46 6
1 2 46 18
3 2 54 18
3 2 46 19
1 2 46 38
1 2 46 78
6 2 56 78
6 2 63 79
8 2 46 90
3 2 45 1
1 2 53 1
4 2 45 9
3 2 45 21
6 2 50 21
8 2 45 25
7 2 58 26
4 2 57 25
4 2 54 25
3 2 67 25
2 2 67 24
4 2 66 24
2 2 53 24
2 2 46 24
2 2 45 29
3 2 58 30
2 2 52 29
6 2 51 29
4 2 55 28
2 2 54 28
8 2 55 28
8 2 49 28
4 2 50 27
2 2 48 30
4 2 49 31
8 2 57 32
8 2 53 32
6 2 47 30
3 2 45 61
8 2 54 61
2 2 53 62
6 2 50 61
6 2 61 62
2 2 49 62
2 2 46 60
8 2 52 59
6 2 55 58
6 2 51 60
2 2 61 59
4 2 50 60
6 2 46 60
1 2 44 5
6 2 44 6
3 2 44 9
7 2 60 9
4 2 49 8
5 2 44 65
6 2 52 63
4 2 67 64
2 2 46 64
2 2 66 63
7 2 44 69
2 2 64 69
5 2 44 84
2 2 56 83
8 2 51 83
5 2 70 82
4 2 65 84
2 2 48 84
6 2 51 85
7 2 43 25
1 2 44 24
8 2 51 23
3 2 43 25
4 2 43 28
4 2 45 28
6 2 43 64
7 2 43 87
3 2 43 99
4 2 42 6
2 2 54 7
7 2 56 7
3 2 53 7
4 2 60 7
1 2 42 7
2 2 66 8
8 2 54 7
8 2 43 7
6 2 47 8
8 2 42 28
2 2 42 50
3 2 47 48
2 2 55 48
5 2 42 51
1 2 42 70
1 2 57 69
4 2 42 86
1 2 41 5
3 2 51 4
1 2 41 25
6 2 43 26
2 2 41 26
6 2 41 29
2 2 46 30
2 2 44 28
4 2 46 27
7 2 46 28
6 2 43 28
1 2 41 65
3 2 41 75
6 2 57 74
4 2 55 75
8 2 41 81
6 2 41 89
2 2 51 89
2 2 46 88
8 2 41 90
3 2 40 8
6 2 50 8
3 2 60 8
1 2 40 9
7 2 41 9
8 2 40 12
2 2 67 13
2 2 56 12
6 2 56 12
8 2 55 12
8 2 57 12
8 2 60 11
2 2 44 12
8 2 46 11
2 2 47 13
2 2 63 14
6 2 62 14
6 2 46 14
6 2 51 15
3 2 50 15
3 2 54 15
3 2 49 13
3 2 47 14
6 2 54 12
2 2 45 14
5 2 52 13
6 2 44 14
2 2 40 11
2 2 46 10
8 2 42 12
3 2 40 48
6 2 56 48
4 2 55 48
2 2 53 49
5 2 40 49
3 2 50 49
4 2 53 48
1 2 50 48
1 2 40 57
8 2 53 56
2 2 50 56
2 2 58 55
4 2 52 55
2 2 54 54
2 2 52 54
6 2 52 54
6 2 54 53
3 2 40 88
4 2 46 87
8 2 44 87
7 2 44 86
8 2 41 88
2 2 40 87
4 2 44 88
3 2 39 1
4 2 39 12
4 2 53 11
4 2 39 36
5 2 43 35
8 2 51 36
6 2 50 36
4 2 45 36
2 2 39 37
8 2 40 36
6 2 41 37
1 2 41 36
2 2 40 35
3 2 50 34
3 2 39 54
5 2 39 71
4 2 64 71
8 2 73 72
2 2 68 73
6 2 65 72
2 2 64 72
4 2 73 72
5 2 72 73
6 2 73 73
3 2 63 71
8 2 59 71
2 2 72 72
4 2 61 72
5 2 39 91
2 2 38 10
7 2 38 29
7 2 41 28
2 2 38 28
2 2 40 27
6 2 39 28
6 2 38 38
2 2 38 38
2 2 38 50
5 2 38 51
4 2 47 91
2 2 38 64
6 2 52 52
2 2 51 52
2 2 48 63
7 2 58 63
2 2 58 63
2 2 38 90
8 2 38 94
4 2 49 95
8 2 53 96
4 2 50 96
2 2 48 93
2 2 55 92
4 2 61 91
4 2 59 63
6 2 47 94
4 2 41 95
8 2 42 96
4 2 54 97
6 2 46 96
6 2 42 95
2 2 46 94
6 2 51 93
6 2 47 95
2 2 45 95
2 2 40 93
3 2 62 92
2 2 61 92
7 2 68 92
5 2 67 93
1 2 66 92
8 2 54 92
6 2 39 94
1 2 37 97
6 2 36 7
3 2 36 17
2 2 38 16
8 2 46 15
1 2 36 52
3 2 47 52
5 2 36 53
6 2 36 76
8 2 57 75
8 2 62 77
7 2 36 77
2 2 40 75
4 2 44 76
7 2 35 16
2 2 40 15
4 2 35 20
6 2 44 21
2 2 35 21
2 2 40 19
2 2 40 22
4 2 41 23
6 2 39 22
4 2 37 20
8 2 49 19
8 2 38 19
8 2 40 20
7 2 37 21
3 2 35 35
7 2 35 57
4 2 55 57
2 2 55 56
2 2 46 56
8 2 56 56
6 2 53 56
2 2 38 56
6 2 53 56
2 2 41 56
1 2 46 56
4 2 45 56
2 2 42 57
3 2 44 56
3 2 41 57
6 2 53 56
5 2 40 57
8 2 35 56
4 2 39 55
3 2 35 75
8 2 35 96
6 2 35 98
2 2 35 98
8 2 35 99
2 2 38 99
4 2 37 100
2 2 34 15
5 2 34 18
5 2 34 43
3 2 49 44
5 2 41 43
3 2 47 44
2 2 38 43
2 2 51 45
8 2 48 44
2 2 46 42
5 2 45 45
7 2 47 44
2 2 45 44
2 2 47 43
2 2 43 42
3 2 42 43
4 2 38 44
7 2 40 43
2 2 39 45
6 2 38 46
2 2 37 46
5 2 34 58
5 2 34 78
6 2 44 79
4 2 44 80
6 2 42 77
2 2 54 79
1 2 34 83
4 2 48 83
2 2 38 83
4 2 38 84
2 2 39 85
6 2 38 86
8 2 40 85
2 2 37 86
2 2 34 84
8 2 36 83
2 2 33 2
7 2 33 6
4 2 33 7
8 2 34 8
3 2 34 7
2 2 33 8
8 2 33 11
1 2 37 11
6 2 40 11
8 2 33 98
6 2 32 6
1 2 33 6
8 2 33 7
1 2 32 44
6 2 34 43
8 2 34 44
4 2 40 43
8 2 35 43
4 2 53 42
2 2 32 43
3 2 47 42
5 2 32 45
6 2 33 44
6 2 32 58
3 2 32 59
8 2 45 60
3 2 39 59
2 2 38 59
2 2 40 60
4 2 32 60
4 2 32 80
4 2 49 80
5 2 48 80
6 2 36 78
2 2 40 80
2 2 38 77
7 2 44 78
8 2 39 76
8 2 41 75
8 2 37 79
7 2 45 80
4 2 38 80
2 2 35 78
6 2 34 78
7 2 32 81
6 2 34 80
6 2 32 82
2 2 32 82
1 2 35 83
6 2 35 84
2 2 32 97
2 2 43 97
8 2 31 16
4 2 47 15
1 2 41 15
6 2 33 16
3 2 35 16
8 2 33 16
4 2 31 44
2 2 31 47
6 2 34 47
8 2 34 48
2 2 31 49
4 2 35 48
6 2 41 48
2 2 31 73
2 2 60 72
4 2 35 73
4 2 49 72
4 2 50 73
4 2 51 72
7 2 50 72
4 2 52 72
7 2 36 73
2 2 42 72
1 2 50 71
6 2 31 76
1 2 31 79
1 2 31 99
8 2 30 46
3 2 30 62
2 2 43 63
4 2 47 63
6 2 58 64
8 2 46 64
3 2 30 82
5 2 29 33
2 2 46 32
2 2 57 31
8 2 46 31
2 2 38 32
4 2 37 34
4 2 35 33
5 2 29 45
8 2 36 44
6 2 29 46
3 2 29 47
2 2 29 84
8 2 40 85
1 2 32 85
3 2 28 25
2 2 38 24
8 2 38 23
5 2 28 49
6 2 51 49
7 2 28 85
6 2 28 86
4 2 33 87
8 2 34 88
6 2 34 87
4 2 37 88
8 2 35 86
1 2 32 87
7 2 28 88
2 2 31 87
2 2 32 88
1 2 28 89
1 2 30 89
1 2 27 31
6 2 44 30
4 2 41 30
6 2 34 30
8 2 35 31
2 2 33 30
6 2 40 30
6 2 32 30
2 2 32 29
8 2 33 28
8 2 38 27
4 2 41 26
4 2 40 27
4 2 37 28
6 2 34 29
2 2 33 30
7 2 27 65
2 2 40 63
8 2 32 65
8 2 41 64
4 2 39 64
6 2 38 64
4 2 41 63
4 2 49 63
4 2 38 64
4 2 27 67
2 2 38 67
7 2 65 66
8 2 48 68
4 2 38 68
2 2 39 69
1 2 27 71
6 2 34 70
6 2 37 70
1 2 52 69
6 2 36 68
4 2 62 67
8 2 36 67
2 2 36 70
6 2 35 70
5 2 44 69
3 2 43 69
4 2 46 67
2 2 41 70
8 2 35 71
8 2 29 70
5 2 41 70
4 2 39 70
2 2 26 8
2 2 52 8
7 2 26 25
1 2 26 26
7 2 37 26
2 2 43 27
5 2 26 51
6 2 48 50
2 2 30 51
4 2 36 52
4 2 30 52
2 2 31 53
2 2 32 54
4 2 33 55
1 2 26 66
3 2 26 69
6 2 38 70
2 2 37 70
6 2 27 68
1 2 26 91
4 2 50 91
8 2 63 92
6 2 62 92
1 2 36 91
2 2 30 91
8 2 47 90
4 2 30 92
2 2 31 93
2 2 32 94
8 2 42 95
4 2 33 95
3 2 25 3
2 2 38 3
8 2 46 4
4 2 38 4
6 2 32 2
6 2 29 3
2 2 40 4
8 2 39 4
1 2 44 4
4 2 42 3
2 2 38 3
6 2 40 3
3 2 25 9
1 2 39 9
7 2 32 9
2 2 25 10
6 2 35 10
8 2 25 33
6 2 32 32
3 2 32 33
4 2 42 32
6 2 41 32
8 2 40 32
2 2 46 31
2 2 39 32
5 2 32 34
5 2 33 35
5 2 31 32
8 2 61 32
7 2 31 33
2 2 30 32
3 2 25 49
3 2 44 49
8 2 25 68
4 2 32 67
2 2 29 69
8 2 30 68
2 2 30 67
8 2 25 73
8 2 31 72
4 2 32 71
1 2 30 72
4 2 29 72
2 2 24 15
6 2 34 14
2 2 33 14
7 2 38 13
7 2 35 14
6 2 32 14
4 2 28 16
5 2 24 92
2 2 41 91
4 2 31 91
8 2 39 92
6 2 38 92
2 2 24 91
4 2 42 92
7 2 30 92
2 2 29 92
8 2 26 92
1 2 24 93
8 2 23 16
7 2 23 35
6 2 23 72
8 2 55 71
8 2 39 71
3 2 26 71
2 2 28 71
4 2 23 92
6 2 23 92
1 2 22 18
3 2 22 19
4 2 38 19
6 2 37 20
2 2 22 23
8 2 30 24
4 2 22 34
4 2 22 54
5 2 22 55
6 2 26 54
8 2 27 55
2 2 32 56
2 2 25 54
8 2 41 53
2 2 22 55
1 2 22 58
5 2 30 59
4 2 37 59
7 2 24 57
1 2 22 95
2 2 36 94
2 2 34 95
6 2 26 94
2 2 25 94
2 2 22 95
6 2 26 96
5 2 29 96
1 2 21 13
2 2 30 12
4 2 33 11
2 2 32 11
6 2 26 13
2 2 25 14
2 2 31 14
6 2 30 14
7 2 21 19
6 2 21 34
4 2 21 38
4 2 31 38
7 2 33 38
4 2 41 39
8 2 46 40
8 2 42 40
6 2 42 39
2 2 43 40
6 2 35 38
4 2 33 39
6 2 32 38
1 2 32 39
5 2 34 39
2 2 38 40
4 2 38 40
6 2 21 58
7 2 22 59
2 2 22 59
1 2 21 73
2 2 22 72
6 2 48 73
8 2 24 72
4 2 21 72
6 2 22 72
4 2 33 72
2 2 32 72
8 2 21 78
5 2 20 25
6 2 58 24
4 2 35 24
4 2 31 24
3 2 53 23
2 2 31 23
4 2 24 24
7 2 31 23
3 2 20 36
4 2 32 36
4 2 21 36
1 2 20 40
5 2 20 57
8 2 22 56
6 2 20 86
2 2 24 85
4 2 42 84
8 2 25 84
1 2 20 97
5 2 19 79
6 2 28 77
4 2 35 76
7 2 44 75
2 2 27 78
8 2 28 78
6 2 48 79
1 2 28 77
3 2 23 80
8 2 19 80
1 2 24 81
4 2 22 80
2 2 19 86
1 2 28 87
3 2 27 87
8 2 19 88
2 2 24 88
8 2 21 87
4 2 27 88
8 2 25 88
1 2 22 86
1 2 26 84
8 2 46 83
4 2 22 88
4 2 19 97
8 2 22 96
7 2 18 22
6 2 28 20
3 2 18 23
3 2 47 24
6 2 32 22
2 2 18 58
7 2 19 57
8 2 34 56
8 2 18 57
5 2 18 59
8 2 35 59
6 2 34 60
4 2 38 60
6 2 23 59
2 2 24 60
6 2 28 62
4 2 33 63
2 2 27 62
8 2 26 59
4 2 29 60
2 2 18 98
1 2 18 99
4 2 45 99
8 2 38 99
5 2 17 28
2 2 32 27
6 2 27 28
2 2 27 29
6 2 26 30
2 2 23 29
8 2 24 28
7 2 29 27
4 2 28 28
8 2 29 27
2 2 24 30
4 2 25 31
6 2 22 30
6 2 19 28
4 2 18 27
5 2 22 28
6 2 25 28
4 2 20 28
1 2 19 29
3 2 18 29
4 2 17 81
2 2 20 80
8 2 17 82
6 2 16 24
2 2 22 24
4 2 16 32
4 2 36 31
6 2 35 32
6 2 20 30
8 2 21 31
6 2 26 32
2 2 19 30
6 2 16 36
1 2 16 40
8 2 33 39
2 2 32 40
2 2 38 40
2 2 16 39
6 2 35 40
4 2 30 40
6 2 29 40
8 2 26 38
3 2 16 59
6 2 25 60
4 2 19 59
3 2 18 59
8 2 25 60
7 2 19 59
6 2 33 61
2 2 32 62
8 2 18 60
6 2 26 62
2 2 25 62
6 2 27 62
2 2 26 62
5 2 16 61
6 2 16 64
6 2 20 62
6 2 39 63
8 2 38 61
8 2 38 64
2 2 24 64
8 2 21 63
2 2 35 64
6 2 34 64
8 2 34 63
2 2 29 64
2 2 22 62
4 2 22 64
3 2 67 66
2 2 16 63
4 2 16 73
3 2 21 71
3 2 19 73
8 2 36 73
1 2 16 100
2 2 16 99
4 2 15 4
6 2 28 5
6 2 35 5
3 2 15 23
3 2 28 22
7 2 15 37
2 2 16 35
4 2 15 36
6 2 15 48
6 2 46 48
7 2 26 48
2 2 41 48
4 2 15 100
8 2 40 99
2 2 14 24
5 2 14 26
3 2 14 27
2 2 14 27
8 2 17 28
5 2 14 31
2 2 16 32
5 2 20 33
8 2 15 32
4 2 16 31
4 2 14 32
6 2 14 38
3 2 20 38
2 2 14 60
5 2 14 66
4 2 14 73
3 2 25 75
6 2 37 75
1 2 14 75
8 2 26 75
2 2 14 75
4 2 14 76
2 2 23 77
2 2 33 78
6 2 32 78
1 2 24 79
6 2 25 78
1 2 22 78
2 2 15 77
2 2 16 78
6 2 23 79
8 2 25 80
2 2 24 80
1 2 14 91
2 2 14 91
8 2 28 92
4 2 14 92
7 2 32 94
8 2 19 91
2 2 15 93
4 2 23 95
4 2 24 96
8 2 25 95
4 2 21 94
6 2 33 92
6 2 21 94
2 2 20 94
2 2 16 94
4 2 17 95
4 2 25 96
8 2 18 96
6 2 16 96
2 2 27 96
3 2 16 96
7 2 13 9
2 2 28 8
1 2 26 8
2 2 22 8
2 2 42 6
6 2 41 6
2 2 40 6
7 2 58 5
6 2 39 6
4 2 24 8
8 2 30 7
8 2 22 7
2 2 23 6
6 2 22 6
2 2 21 6
4 2 13 24
6 2 23 23
6 2 28 22
8 2 14 23
4 2 13 46
7 2 13 49
2 2 24 47
7 2 13 51
4 2 14 52
8 2 27 51
4 2 17 51
7 2 23 49
4 2 23 48
5 2 23 53
6 2 22 48
6 2 36 47
2 2 22 48
8 2 21 48
4 2 29 47
5 2 21 52
3 2 35 52
2 2 15 53
2 2 16 54
8 2 13 86
6 2 16 86
5 2 15 86
2 2 15 86
6 2 16 87
6 2 14 86
1 2 12 32
6 2 12 31
8 2 28 32
5 2 12 33
7 2 12 69
6 2 31 69
3 2 30 69
3 2 28 69
4 2 37 68
2 2 22 68
6 2 22 69
7 2 28 68
2 2 24 67
6 2 18 69
6 2 20 71
4 2 19 68
8 2 27 67
2 2 17 70
2 2 20 69
7 2 19 69
2 2 18 70
2 2 14 68
8 2 22 67
6 2 12 94
6 2 42 93
1 2 11 27
6 2 14 26
1 2 11 47
1 2 11 87
8 2 11 88
4 2 14 88
2 2 15 89
6 2 10 10
8 2 29 11
8 2 21 11
1 2 32 13
1 2 30 12
8 2 24 12
6 2 20 12
4 2 24 11
5 2 10 35
4 2 10 38
6 2 18 38
3 2 18 37
4 2 33 36
8 2 19 38
2 2 34 39
5 2 14 39
8 2 32 40
6 2 12 36
8 2 12 35
4 2 20 34
2 2 12 36
5 2 18 35
4 2 14 35
3 2 17 35
6 2 11 38
5 2 10 67
1 2 55 66
8 2 10 94
1 2 10 95
8 2 11 95
5 2 9 13
4 2 12 13
1 2 19 14
7 2 23 15
2 2 9 14
1 2 11 12
4 2 36 11
2 2 12 13
1 2 11 15
8 2 18 16
6 2 22 16
4 2 22 15
1 2 21 15
6 2 18 15
1 2 9 13
4 2 28 12
8 2 12 12
4 2 17 11
5 2 9 53
8 2 18 52
6 2 12 54
3 2 20 56
2 2 11 54
2 2 35 55
7 2 9 55
8 2 11 55
2 2 10 56
4 2 14 56
4 2 9 56
8 2 20 56
4 2 18 55
7 2 9 71
2 2 19 71
1 2 17 71
5 2 15 72
2 2 14 72
5 2 13 71
8 2 9 78
3 2 17 77
6 2 8 34
6 2 17 35
8 2 8 34
7 2 8 36
7 2 16 35
2 2 15 36
6 2 15 35
2 2 8 35
2 2 8 66
7 2 8 65
4 2 13 64
6 2 24 64
8 2 14 63
3 2 25 64
1 2 24 65
7 2 8 73
6 2 8 74
1 2 8 97
7 2 7 12
2 2 20 11
6 2 8 13
6 2 11 15
6 2 9 14
2 2 8 14
4 2 7 15
8 2 19 15
5 2 11 15
6 2 7 18
4 2 7 18
4 2 7 36
4 2 7 43
6 2 21 44
1 2 33 43
1 2 50 42
6 2 22 44
2 2 32 43
3 2 31 43
3 2 45 42
7 2 44 43
6 2 12 45
4 2 7 55
6 2 38 55
6 2 35 54
5 2 7 70
8 2 14 71
8 2 11 71
2 2 8 69
3 2 8 70
1 2 7 79
6 2 10 78
8 2 11 79
8 2 7 80
2 2 8 80
1 2 7 83
4 2 22 84
4 2 25 83
1 2 25 84
2 2 23 83
8 2 20 84
8 2 17 85
1 2 18 84
8 2 21 83
1 2 6 14
2 2 12 13
5 2 6 39
3 2 18 39
5 2 16 40
3 2 27 41
2 2 6 39
3 2 25 41
4 2 14 40
4 2 15 41
8 2 10 40
8 2 6 40
8 2 6 94
1 2 6 99
2 2 6 99
2 2 5 4
8 2 33 4
4 2 37 3
2 2 19 3
6 2 32 4
5 2 32 4
2 2 22 3
1 2 32 2
2 2 39 1
4 2 22 4
6 2 28 5
7 2 5 6
6 2 20 4
8 2 20 3
6 2 20 7
4 2 20 8
6 2 18 6
1 2 17 5
2 2 30 4
6 2 29 4
3 2 5 15
7 2 5 14
4 2 9 15
4 2 5 15
3 2 5 17
2 2 5 18
8 2 5 21
4 2 27 20
2 2 22 20
4 2 39 19
8 2 26 19
2 2 25 20
8 2 29 20
1 2 22 19
8 2 23 20
6 2 10 21
4 2 11 20
5 2 19 19
2 2 12 21
2 2 9 22
6 2 9 22
7 2 30 21
4 2 5 22
7 2 19 22
3 2 13 22
2 2 28 23
6 2 25 21
2 2 5 24
2 2 23 24
7 2 5 75
4 2 10 76
2 2 6 75
4 2 6 76
8 2 5 75
2 2 5 94
2 2 7 94
6 2 4 21
8 2 12 20
4 2 16 20
8 2 15 20
6 2 14 20
3 2 4 25
5 2 4 73
5 2 4 100
6 2 9 99
4 2 3 12
6 2 18 11
1 2 3 95
7 2 7 96
4 2 8 96
2 2 7 96
8 2 6 96
6 2 3 95
3 2 6 94
6 2 9 95
4 2 12 96
4 2 3 100
8 2 10 99
3 2 2 7
6 2 12 8
4 2 16 7
6 2 34 8
1 2 16 6
6 2 10 6
2 2 6 7
3 2 11 9
1 2 2 26
4 2 2 42
5 2 2 43
4 2 19 43
6 2 25 44
8 2 25 43
1 2 2 66
7 2 2 67
1 2 1 21
1 2 1 61
6 2 10 61
6 2 12 63
8 2 22 64
7 2 14 65
4 2 11 60
6 2 19 60
7 2 17 62
2 2 16 62
6 2 28 63
1 2 13 60
8 2 14 59
4 2 13 60
7 2 10 61
3 2 9 61
2 2 9 62
2 2 6 60
6 2 4 62
6 2 3 60
8 2 6 59
4 2 4 60
2 2 3 62
2 2 7 62
6 2 6 62
5 2 1 76
4 2 11 75
1 2 31 76
3 2 22 74
2 2 9 78
6 2 8 75
8 2 7 76
4 2 2 75
4 2 22 76
3 2 1 98
8 2 13 99
4 2 6 99
6 2 8 99
2 2 7 100
2 2 39 99
5 2 5 99
7 2 4 99
4 2 39 99
7 2 13 99
4 2 10 99
6 2 8 99
2 2 68 91
5 3 71 2
4 3 69 50
2 3 66 11
5 3 65 58
6 3 60 54
2 3 59 11
2 3 59 65
3 3 56 65
6 3 55 68
2 3 52 41
3 3 51 27
8 3 51 55
3 3 50 23
4 3 50 51
7 3 50 77
1 3 49 2
3 3 48 53
7 3 48 81
7 3 47 71
2 3 46 25
2 3 46 100
2 3 45 81
4 2 44 81
5 3 44 87
7 3 43 55
3 2 42 55
5 2 41 55
4 3 42 11
3 3 42 31
7 2 41 31
2 3 41 92
5 3 40 74
7 3 40 79
8 3 39 15
8 3 38 84
2 2 37 84
6 2 36 84
7 3 38 93
4 3 37 65
2 3 37 100
1 3 36 83
2 3 36 94
2 3 35 4
3 3 35 5
7 2 34 5
3 3 35 23
3 3 35 25
6 3 35 30
3 3 34 31
7 2 33 31
5 2 32 31
7 3 33 1
6 3 33 6
2 2 32 6
7 3 33 39
8 3 33 47
4 3 33 49
1 3 33 86
7 3 32 37
7 3 32 61
3 2 31 61
7 3 32 79
2 3 32 94
5 3 30 16
7 3 29 27
8 3 29 56
7 3 29 67
2 2 31 67
7 2 50 66
3 3 28 29
3 3 28 35
2 2 27 35
7 3 28 93
5 2 27 93
3 2 26 93
2 3 27 62
2 3 27 68
3 3 26 11
7 2 25 11
7 3 26 13
3 3 26 19
2 3 26 46
8 3 26 84
5 3 25 72
7 3 25 83
2 3 25 88
3 3 24 39
1 2 23 39
4 3 23 12
4 3 23 47
7 2 22 47
5 2 25 46
2 3 22 4
8 2 22 4
8 2 30 3
6 3 22 63
7 2 21 63
7 3 21 75
7 3 27 75
7 3 21 97
2 3 21 100
6 3 20 14
3 3 20 17
3 3 20 23
7 3 20 79
3 2 19 79
4 2 21 79
2 3 19 70
6 2 18 70
2 2 17 70
7 3 19 71
1 3 18 16
3 3 18 21
1 2 17 21
6 3 27 21
3 3 18 27
7 3 18 67
1 2 17 67
4 2 23 67
1 2 49 66
4 3 17 7
6 2 33 7
2 3 17 24
8 2 16 24
6 2 15 24
8 2 15 24
6 2 22 24
4 2 21 24
8 3 17 39
6 3 17 62
2 2 16 62
7 3 17 87
5 2 16 87
3 3 15 15
3 3 15 23
8 3 15 72
6 3 15 77
2 2 27 76
3 3 15 95
4 3 14 20
3 3 14 83
6 2 28 83
8 3 14 84
2 2 16 84
2 3 14 100
7 3 13 13
6 3 13 46
2 2 21 45
6 2 21 45
6 3 13 62
6 3 31 63
8 3 12 47
4 3 12 71
7 2 11 71
4 3 11 48
2 2 10 48
3 2 13 48
3 2 25 48
1 2 24 48
6 3 20 48
3 2 20 47
8 3 10 7
3 3 10 21
3 2 13 20
4 3 10 47
2 2 12 48
6 2 11 48
7 2 11 49
3 3 9 6
2 3 8 3
2 3 8 22
6 2 7 22
6 2 8 22
8 2 8 24
6 2 11 22
2 3 8 72
6 2 8 72
1 3 9 72
2 2 8 72
2 3 13 72
1 3 7 19
1 2 12 19
3 3 7 33
6 3 7 56
2 2 15 56
5 2 19 57
2 3 6 22
3 3 6 35
7 2 7 34
6 3 6 38
6 3 6 70
2 2 5 70
1 3 6 74
4 3 5 1
3 3 5 57
6 3 22 56
4 2 21 56
2 3 11 56
6 3 4 13
3 3 26 13
2 3 4 64
8 2 3 64
7 2 9 65
7 3 12 63
7 3 3 83
6 2 15 84
3 3 1 27
4 2 7 27
1 2 12 26
2 3 15 28
6 2 14 28
6 3 1 82
8 2 5 81
6 4 69 10
7 4 55 51
7 4 54 37
3 4 52 9
4 4 52 26
3 4 52 65
7 4 51 91
2 4 50 54
2 4 48 9
5 4 48 11
8 4 47 17
6 4 46 46
7 4 46 83
8 4 45 68
7 4 45 75
2 4 43 12
7 4 43 79
6 4 41 46
7 4 41 65
3 2 43 65
2 4 40 68
3 4 39 37
4 4 39 76
2 2 38 76
2 4 38 6
3 4 37 51
2 4 37 51
3 4 34 93
7 2 33 93
7 4 33 9
8 4 33 92
8 3 37 91
8 3 34 92
1 4 31 87
7 2 30 87
2 4 30 20
6 4 27 6
3 4 27 21
2 4 27 30
2 4 26 92
2 4 25 4
4 4 25 55
7 4 25 73
5 4 24 29
3 2 23 29
3 4 23 9
8 4 22 84
2 4 22 100
5 4 21 58
1 4 29 57
7 2 28 57
3 2 27 57
3 4 19 65
6 4 16 53
8 2 24 52
2 2 14 54
1 4 15 86
5 4 21 86
3 4 14 13
7 4 14 61
2 4 14 64
3 4 14 79
1 2 17 79
2 4 13 30
1 4 16 29
7 2 15 29
6 2 15 30
2 4 13 76
8 4 28 76
2 2 27 76
6 2 26 76
4 2 25 76
3 4 12 24
1 4 12 40
1 4 12 92
4 2 15 91
8 2 22 90
8 4 17 92
2 2 16 92
3 4 11 29
7 2 9 31
4 4 37 32
5 4 11 39
6 4 10 94
2 2 9 94
6 3 17 92
4 2 16 92
3 4 8 37
2 4 13 38
6 2 12 38
7 4 8 67
8 2 19 67
4 4 7 19
8 2 6 19
3 3 49 19
7 4 7 61
4 4 6 11
2 2 12 10
8 4 6 31
1 2 10 30
2 2 11 29
2 4 4 14
6 4 4 14
5 4 4 40
8 2 9 39
2 4 2 59
2 2 4 59
7 2 16 58
6 2 3 60
1 2 25 59
8 3 1 60
6 4 2 61
7 4 1 6
6 2 1 6
4 2 5 7
7 2 4 7
7 4 8 9
2 2 8 8
6 2 15 8
8 2 14 8
8 4 1 52
7 2 17 52
2 2 6 53
4 2 2 51
6 2 2 52
6 2 8 52
8 2 10 52
2 2 7 52
2 2 1 54
2 2 14 51
4 2 26 51
7 4 17 51
2 3 72 98
2 5 52 26
2 5 52 91
4 5 46 91
2 5 33 15
6 5 32 74
7 5 30 65
5 5 28 43
5 5 27 1
3 5 27 27
4 5 25 65
5 2 24 65
4 5 25 71
6 5 24 78
8 5 23 37
2 5 23 75
4 5 19 68
6 2 18 68
2 2 17 68
1 2 18 69
2 5 16 28
8 5 15 31
6 5 15 53
2 4 14 54
2 3 15 54
2 5 26 52
6 5 14 14
2 5 14 94
2 5 13 12
2 5 13 44
2 5 13 84
5 5 12 15
2 2 10 16
4 2 9 16
4 5 11 68
8 5 11 99
4 5 10 28
8 2 10 28
6 5 10 77
8 2 13 76
6 5 9 25
5 2 8 25
6 2 17 24
2 2 16 24
8 2 21 23
4 5 8 76
2 4 12 76
6 2 11 76
6 5 4 62
2 2 3 62
7 5 4 64
4 2 8 63
1 5 2 1
8 2 12 3
5 2 10 1
4 2 8 3
8 2 9 4
2 5 12 3
4 2 13 3
5 5 2 85
4 2 9 87
6 2 8 87
4 2 9 87
6 2 1 85
8 2 8 84
2 2 7 86
2 2 6 84
8 2 10 83
4 2 8 84
6 2 2 85
6 2 3 86
6 2 4 86
2 3 1 86
2 3 8 88
8 2 7 88
2 2 6 88
4 3 5 88
8 2 14 88
2 5 1 60
6 5 1 60
7 2 26 59
5 2 12 59
2 2 26 58
5 2 6 59
7 2 7 58
5 2 22 59
7 2 21 59
1 2 20 60
3 2 21 59
3 2 1 59
7 2 2 60
1 2 8 59
7 2 8 59
3 2 13 59
5 3 16 59
3 2 19 59
2 6 37 78
8 2 33 79
6 6 35 53
5 6 31 12
2 6 31 54
4 6 29 31
7 6 28 57
3 6 28 78
7 2 27 78
8 6 23 15
7 6 21 23
6 6 20 58
4 6 15 42
1 6 14 29
3 2 13 29
5 2 12 29
1 2 11 29
6 6 11 9
2 6 10 19
2 3 16 21
3 2 15 21
8 6 10 35
5 2 9 35
5 2 11 37
3 6 9 90
7 2 7 92
5 2 14 89
2 6 6 95
6 2 5 95
6 6 4 67
8 2 4 66
4 2 4 71
7 2 3 66
2 2 3 69
4 2 5 67
2 6 4 95
6 6 1 25
4 2 7 24
6 2 6 24
4 2 15 23
1 2 14 23
2 2 14 24
5 6 1 29
6 2 3 30
2 2 5 30
6 2 4 30
4 2 4 29
2 2 2 30
2 5 6 32
1 6 1 57
8 2 8 59
7 2 10 59
3 7 52 18
2 7 47 3
2 7 27 76
5 2 26 76
5 7 23 6
3 7 20 23
7 2 19 23
1 2 18 23
2 7 6 75
6 2 5 75
8 2 4 75
6 2 6 77
2 7 5 16
8 7 2 80
6 3 4 77
4 2 9 82
2 2 8 83
1 8 43 50
8 8 33 8
6 2 32 8
5 8 25 78
2 8 23 47
2 3 26 47
2 8 18 69
3 2 16 70
2 8 17 12
7 2 20 13
4 8 11 48
4 8 9 23
6 2 7 24
2 8 7 85
6 2 6 85
6 5 55 10
6 9 56 73
8 2 55 73
4 9 26 53
8 9 24 43
2 2 29 44
2 9 22 52
1 9 21 66
3 2 22 68
7 9 20 66
6 2 13 67
3 9 14 33
2 9 6 16
6 9 4 26
3 10 22 11
3 2 25 10
3 10 10 39
7 3 9 39
4 2 13 40
1 10 5 59
8 2 4 62
7 2 5 62
3 3 4 60
5 2 10 59
8 2 9 60
2 10 3 19
7 2 1 22
4 2 1 23
4 2 2 24
2 6 8 20
5 2 11 21
2 9 2 22
6 2 1 22
3 2 13 21
7 2 2 21
8 3 3 21
2 2 3 23
7 4 10 21
4 11 8 31
2 2 14 31
2 11 7 11
8 2 6 11
3 2 9 10
6 11 4 8
7 2 6 7
1 2 1 9
8 2 3 8
3 2 4 7
5 2 3 7
4 2 4 8
2 9 5 6
6 2 3 8
5 2 4 7
3 2 3 7
6 3 4 6
6 11 4 95
4 2 1 96
6 2 8 98
2 2 7 98
4 2 14 97
6 12 17 35
2 13 32 45
6 13 4 31
2 2 5 39
2 2 3 37
3 2 3 36
1 2 1 32
4 2 4 31
4 13 1 1
4 2 7 4
6 16 30 41
3 2 31 42
7 16 30 71
1 16 17 56
2 16 4 14
2 17 26 40
5 2 25 40
6 17 19 53
2 2 18 53
6 17 1 10
6 18 35 71
2 2 29 72
6 18 2 68
6 2 9 70
2 2 8 70
2 24 15 75
3 2 16 77
6 24 6 52
4 2 11 55
2 2 10 55
2 2 8 55
8 2 22 51
2 27 7 35
6 29 3 79
7 2 6 81
4 2 2 80
2 2 2 81
4 2 8 78
3 2 1 81
6 32 20 9
5 2 20 9
6 35 20 56
6 36 4 16
5 2 11 17
4 2 8 19
3 2 7 19
7 2 3 17
7 2 10 19
1 2 9 19
7 2 8 19
5 2 7 19
6 37 11 71
1 2 20 71
5 2 18 71
7 2 10 71
1 2 25 71
7 2 18 71
1 2 15 71
7 2 14 71
7 2 6 71
2 2 1 73
8 2 1 73
7 2 17 72
1 2 17 71
3 2 24 71
5 2 7 72
3 2 18 71
1 2 21 72
5 2 18 71
5 2 15 71
3 2 20 72
5 2 9 71
7 2 9 71
1 2 9 72
8 2 8 71
3 2 7 71
3 2 14 72
3 2 10 71
4 2 9 72
3 2 1 72
8 2 8 72
7 3 6 72
5 2 7 72
6 37 7 55
2 2 2 55
2 2 1 60
5 2 4 59
1 3 4 58
3 2 3 60
8 3 5 54
6 38 4 83
2 41 10 4
6 2 2 6
4 2 1 8
5 2 8 7
7 2 7 7
1 2 5 7
5 2 3 7
3 2 3 8
4 2 9 4
1 2 8 7
7 2 9 7
6 42 19 75
6 9 3 76
1 43 13 41
6 2 10 44
6 56 18 23
6 75 9 31
1 2 21 31
5 2 16 31
1 2 14 31
7 2 8 31
3 2 6 32
7 2 17 31
1 2 14 31
7 2 11 32
7 2 13 31
8 2 10 32
1 2 14 31
7 2 9 31
8 2 7 31
8 2 6 32
7 2 13 31
7 2 4 31
5 2 3 31
3 3 8 31
1 2 8 31
1 3 4 31
5 3 6 31
4 3 2 32
8 2 3 32
5 2 4 31
3 2 3 31
1 3 3 31
2 3 2 32
8 2 2 32
3 2 3 31
7 2 2 31
6 79 13 82
2 2 11 85
5 2 18 84
3 2 17 84
6 79 10 37
3 2 16 38
8 2 9 37
7 2 8 38
2 2 13 39
5 2 7 38
5 3 13 38
7 2 12 38
1 3 11 38
6 86 18 89
3 2 14 89
7 2 13 90
7 2 23 89
3 2 22 89
7 2 16 89
5 2 15 90
5 2 19 89
3 2 16 89
1 2 15 89
1 2 13 89
2 2 12 89
8 2 11 91
6 2 10 91
8 2 10 90
7 2 3 89
3 3 10 89
7 2 10 89
6 86 1 1
7 2 25 1
3 2 19 1
5 2 12 1
7 2 11 1
1 2 9 1
3 2 7 1
7 2 5 1
8 2 1 2
4 2 23 1
1 2 17 1
3 2 16 2
7 2 24 1
5 2 21 1
7 2 20 1
8 2 2 3
6 2 1 3
4 2 8 1
3 3 19 1
7 3 12 1
5 2 16 2
8 2 11 1
5 2 12 1
1 2 11 2
2 2 11 1
6 102 4 39
4 2 21 46
2 2 3 41
6 2 2 41
2 2 1 41
6 55 23 15
6 103 5 57
7 2 25 58
5 2 24 59
7 2 20 58
8 2 22 58
8 2 11 60
2 2 10 60
8 2 7 57
5 2 17 58
3 2 13 58
1 2 10 58
5 2 8 58
6 2 6 57
5 2 5 58
2 2 4 57
3 2 4 58
7 2 7 58
3 2 6 59
3 2 2 59
4 2 1 59
2 2 4 59
3 2 9 58
5 2 6 58
3 3 5 58
7 2 6 58
1 2 5 58
4 2 4 59
5 2 28 46
