547
66
5 2 15 1
4 2 15 3
5 2 15 5
6 2 15 6
2 2 15 7
5 2 13 4
4 2 12 7
2 2 12 12
1 2 14 11
4 2 12 11
1 2 11 2
4 2 11 3
6 2 11 6
6 2 11 8
3 2 14 1
1 2 13 8
5 2 11 9
3 2 11 8
2 2 10 1
3 2 10 6
1 2 10 8
6 2 7 2
6 2 8 1
1 2 6 3
3 2 11 4
2 2 11 9
1 2 11 9
1 2 10 4
4 2 6 8
2 2 7 8
3 2 6 9
4 2 5 3
5 2 5 12
3 2 9 10
6 2 4 5
6 2 4 8
5 2 3 1
5 2 4 1
6 2 5 1
4 2 3 4
5 2 9 5
6 2 1 2
4 2 1 5
1 2 1 8
4 3 6 10
5 3 4 6
5 3 3 2
3 3 1 8
2 2 4 9
1 3 1 8
6 2 2 8
3 4 3 2
3 4 2 5
3 4 1 9
1 7 1 1
6 15 3 8
5 2 1 8
3 2 3 8
4 2 1 7
3 2 4 8
4 3 2 6
2 4 1 6
1 3 1 5
2 15 1 2
5 2 1 1
3 3 1 2
