7112
250
3 2 24 23
8 2 23 1
8 2 27 1
8 2 26 29
4 2 23 23
2 2 22 1
7 2 19 29
2 2 26 28
5 2 15 26
2 2 24 26
1 2 21 19
3 2 19 26
4 2 23 26
1 2 20 25
5 2 19 27
1 2 17 26
1 2 21 27
1 2 24 27
2 2 23 26
4 2 22 26
2 2 16 26
2 2 13 20
3 2 20 19
7 2 25 20
5 2 26 21
1 2 26 21
1 2 25 29
4 2 24 18
5 2 26 21
8 2 25 17
3 2 26 17
7 2 20 18
4 2 21 19
6 2 24 20
6 2 21 20
2 2 19 20
7 2 18 20
6 2 16 19
7 2 14 19
5 2 20 18
2 2 18 20
2 2 10 11
2 2 19 10
4 2 20 11
8 2 22 10
3 2 21 21
3 2 19 12
5 2 12 11
3 2 21 11
4 2 21 10
2 2 21 9
3 2 20 10
2 2 20 10
8 2 19 11
5 2 18 12
6 2 24 12
6 2 21 13
1 2 23 14
5 2 27 13
3 2 25 15
3 2 23 15
5 2 22 12
2 2 23 13
1 2 19 11
7 2 19 13
1 2 20 15
2 2 13 10
7 2 17 11
8 2 12 12
7 2 11 11
3 2 10 18
4 2 10 29
4 2 12 28
8 2 17 17
4 2 22 17
1 2 16 17
6 2 19 28
5 2 12 27
5 2 20 28
8 2 18 28
7 2 19 27
6 2 13 27
7 2 11 28
5 2 17 27
6 2 17 26
6 2 14 27
6 2 14 30
8 2 13 27
5 2 9 11
8 2 13 10
3 2 19 9
5 2 26 8
1 2 24 15
3 2 22 8
5 2 17 9
7 2 19 8
6 2 17 9
4 2 16 10
3 2 9 19
8 2 16 20
7 2 11 20
3 2 6 8
6 2 18 7
3 2 17 7
8 2 17 8
7 2 1 9
1 2 12 10
7 2 10 8
1 2 8 8
1 2 14 9
8 2 18 8
3 2 11 7
7 2 19 6
6 2 25 6
6 2 20 5
8 3 21 15
1 3 16 19
5 3 15 21
2 2 15 21
6 2 19 22
7 2 19 23
3 3 13 19
3 3 13 25
5 2 22 24
7 2 21 24
5 2 19 24
6 2 18 25
8 2 13 24
8 2 17 23
6 2 16 23
8 2 16 25
1 2 15 25
2 3 16 23
5 2 17 22
2 3 12 27
6 3 11 14
6 2 15 14
8 2 14 15
8 2 18 15
6 2 21 16
4 2 20 16
1 2 20 17
7 2 19 17
2 2 17 14
4 2 11 13
7 3 11 13
4 3 11 21
6 3 9 11
2 3 8 15
2 2 12 13
6 2 12 15
6 2 8 15
2 2 10 16
4 2 11 14
4 3 8 18
4 2 10 19
8 2 10 19
4 2 9 17
2 2 7 19
1 2 8 20
1 2 6 19
2 3 5 28
3 2 10 27
6 2 6 18
8 2 13 29
7 2 10 17
3 2 5 18
8 2 12 17
4 2 10 17
2 2 6 18
7 2 6 19
5 2 7 20
1 2 6 18
3 3 4 9
7 2 5 10
3 2 8 11
1 2 10 8
5 2 10 12
1 2 9 12
8 2 7 9
1 2 7 11
4 3 4 12
6 2 7 12
8 2 11 7
3 2 6 11
8 2 6 13
6 4 15 16
7 4 1 26
6 2 11 28
1 2 10 28
8 2 8 26
3 2 9 25
5 2 8 25
4 2 7 26
4 2 11 25
7 5 10 9
8 5 8 13
7 9 12 1
1 2 24 2
7 2 25 2
1 2 17 1
1 4 15 24
2 9 10 5
6 2 24 3
4 2 6 8
3 2 7 8
6 2 6 8
8 2 21 4
7 11 1 20
6 2 14 24
3 2 10 24
5 2 13 23
2 2 8 23
2 2 6 23
3 2 13 22
7 2 12 22
8 2 11 22
8 2 4 20
6 26 1 22
6 2 3 25
5 2 3 28
6 2 8 29
3 2 7 29
4 2 7 28
7 2 6 29
7 2 3 27
6 2 4 28
8 2 2 23
4 2 4 22
3 2 3 22
2 2 5 22
8 2 2 29
2 2 4 28
3 2 3 28
1 2 2 29
1 28 13 2
4 2 19 2
6 2 14 4
8 2 17 3
4 2 17 5
3 2 16 5
4 2 14 3
5 2 17 2
1 2 13 5
3 2 14 3
8 2 16 2
7 2 13 4
4 2 10 5
5 73 3 1
2 2 3 9
