10128
1841
4 2 67 4
1 2 67 10
4 2 67 13
1 2 66 2
4 2 66 18
7 2 66 20
5 2 66 19
3 2 66 29
7 2 66 31
4 2 65 16
8 2 65 33
8 2 65 46
8 2 64 6
2 2 64 34
7 2 65 33
4 2 64 36
5 2 64 48
2 2 64 57
1 2 64 67
2 2 63 8
5 2 63 22
4 2 64 21
8 2 63 29
2 2 65 30
1 2 63 35
1 2 63 40
7 2 64 40
3 2 63 50
2 2 66 32
3 2 63 52
1 2 63 55
7 2 64 55
4 2 63 59
8 2 62 1
5 2 62 18
6 2 62 38
7 2 66 38
6 2 62 44
5 2 62 55
7 2 62 58
1 2 61 8
2 2 64 8
6 2 63 8
4 2 62 7
7 2 61 14
8 2 63 14
1 2 61 21
2 2 61 22
7 2 61 23
8 2 61 38
2 2 62 37
3 2 61 37
7 2 61 37
6 2 61 51
5 2 63 50
3 2 61 54
7 2 62 53
7 2 60 1
7 2 60 9
7 2 61 8
4 2 60 10
2 2 61 11
8 2 65 12
8 2 60 11
6 2 63 10
3 2 61 10
3 2 60 31
6 2 60 38
1 2 60 46
5 2 61 45
8 2 60 45
4 2 60 49
1 2 60 51
4 2 60 53
4 2 60 64
6 2 60 65
2 2 61 54
2 2 60 66
6 2 60 67
2 2 59 2
7 2 59 15
7 2 59 20
3 2 62 19
5 2 58 12
5 2 59 33
2 2 63 32
6 2 61 13
6 2 59 33
5 2 58 37
2 2 59 36
3 2 62 34
6 2 62 35
7 2 61 35
4 2 59 35
2 2 58 51
4 2 57 6
8 2 57 17
7 2 61 35
8 2 60 16
2 2 57 25
3 2 59 25
1 2 61 25
8 2 57 24
8 2 60 25
4 2 57 26
5 2 57 27
4 2 57 28
8 2 57 46
4 2 62 47
6 2 57 51
7 2 60 51
1 2 57 56
2 2 64 28
7 2 63 56
4 2 59 55
7 2 56 2
6 2 56 17
5 2 62 15
1 2 56 20
4 2 57 21
1 2 60 20
2 2 56 35
3 2 56 47
7 2 60 47
3 2 58 46
6 2 59 45
4 2 58 46
8 2 56 47
6 2 59 48
1 2 57 48
3 2 56 59
5 2 56 66
3 2 60 66
6 2 58 65
3 2 60 64
2 2 58 64
6 2 58 63
4 2 58 62
8 2 57 65
2 2 55 44
8 2 61 43
7 2 65 57
7 2 64 42
5 2 60 43
2 2 55 50
5 2 56 49
1 2 55 55
1 2 59 54
4 2 60 45
8 2 58 54
2 2 57 54
4 2 56 54
7 2 56 54
7 2 55 62
3 2 55 66
8 2 54 17
5 2 54 35
6 2 55 35
6 2 54 41
2 2 62 40
3 2 57 56
1 2 56 40
8 2 58 39
4 2 54 42
7 2 59 42
7 2 60 44
1 2 58 43
6 2 58 42
2 2 55 41
8 2 54 42
2 2 53 2
1 2 53 29
8 2 53 38
5 2 54 54
1 2 53 47
8 2 53 50
1 2 53 65
5 2 56 39
2 2 54 66
3 2 52 12
5 2 60 10
5 2 58 12
2 2 56 13
2 2 56 66
5 2 52 25
6 2 56 25
1 2 52 40
7 2 52 43
8 2 52 46
2 2 55 48
2 2 52 48
7 2 51 2
2 2 51 4
4 2 51 3
7 2 51 25
7 2 53 25
4 2 57 13
1 2 51 26
8 2 50 9
6 2 51 36
5 2 52 10
7 2 50 16
2 2 53 17
2 2 56 18
1 2 52 17
5 2 54 16
6 2 56 15
3 2 56 37
1 2 55 15
7 2 50 23
4 2 60 23
4 2 61 22
6 2 57 14
4 2 56 15
2 2 55 15
5 2 55 23
1 2 57 23
3 2 54 15
2 2 51 22
4 2 52 21
3 2 57 20
5 2 57 19
7 2 54 22
1 2 53 22
5 2 53 21
5 2 50 30
3 2 55 31
5 2 54 32
5 2 52 31
5 2 54 30
8 2 52 32
3 2 51 32
8 2 54 31
7 2 52 31
1 2 51 32
2 2 50 30
3 2 59 29
2 2 52 29
4 2 59 28
7 2 58 28
3 2 57 28
6 2 59 28
4 2 54 28
5 2 56 29
7 2 52 28
3 2 52 27
2 2 59 26
3 2 51 30
3 2 50 37
5 2 54 38
6 2 53 39
4 2 53 39
3 2 53 38
8 2 55 37
8 2 53 38
5 2 51 38
1 2 52 37
7 2 51 37
4 2 51 36
2 2 50 38
4 2 50 40
5 2 57 41
6 2 57 41
4 2 56 41
1 2 50 44
8 2 53 44
4 2 54 43
5 2 51 43
2 2 52 44
2 2 50 54
5 2 50 53
3 2 54 52
1 2 50 56
8 2 55 55
7 2 50 55
7 2 50 65
2 2 50 67
6 2 49 10
4 2 49 13
2 2 51 11
7 2 58 13
1 2 54 12
8 2 53 13
4 2 52 13
1 2 52 12
8 2 51 12
6 2 49 25
6 2 51 24
3 2 52 23
1 2 50 23
8 2 49 30
7 2 53 29
5 2 49 32
3 2 57 33
1 2 49 34
8 2 53 34
8 2 55 33
8 2 49 38
1 2 49 40
6 2 49 41
2 2 49 44
7 2 57 45
7 2 50 43
8 2 49 47
5 2 51 46
8 2 49 62
8 2 55 62
5 2 54 61
6 2 48 3
3 2 48 3
6 2 48 5
4 2 52 6
1 2 59 24
7 2 56 7
7 2 51 5
2 2 48 5
4 2 49 4
1 2 48 4
3 2 48 12
7 2 49 11
3 2 48 15
6 2 48 15
5 2 48 16
7 2 54 16
2 2 48 20
5 2 48 20
4 2 48 35
8 2 48 55
4 2 48 58
8 2 48 64
2 2 47 9
6 2 47 33
5 2 53 33
7 2 52 34
4 2 52 34
6 2 49 32
8 2 48 33
6 2 47 35
2 2 48 35
8 2 47 35
2 2 47 60
4 2 48 61
5 2 59 7
6 2 53 60
4 2 46 3
2 2 46 18
5 2 47 66
8 2 46 28
6 2 47 29
3 2 46 30
3 2 48 19
4 2 48 31
5 2 46 47
7 2 46 54
4 2 47 53
2 2 52 52
1 2 50 19
6 2 46 53
7 2 57 53
8 2 53 52
2 2 45 4
5 2 45 7
7 2 45 10
6 2 45 22
6 2 50 21
8 2 49 23
3 2 48 24
3 2 45 23
6 2 45 31
6 2 45 37
1 2 46 38
4 2 45 46
7 2 48 45
3 2 48 44
3 2 46 46
4 2 47 47
2 2 45 66
7 2 55 67
6 2 50 67
6 2 48 65
4 2 49 64
3 2 44 32
3 2 44 35
3 2 44 37
7 2 44 51
3 2 49 51
4 2 52 51
3 2 51 51
7 2 48 51
7 2 49 51
6 2 47 51
4 2 44 61
2 2 49 61
7 2 54 52
8 2 54 60
6 2 48 62
2 2 44 62
8 2 48 61
7 2 43 1
3 2 44 64
3 2 48 62
4 2 43 7
2 2 44 8
6 2 49 7
2 2 45 8
7 2 43 31
6 2 43 34
5 2 43 35
7 2 43 40
7 2 50 41
2 2 44 39
7 2 51 40
5 2 51 39
5 2 43 43
1 2 50 42
2 2 49 42
5 2 48 43
7 2 50 42
1 2 46 44
5 2 45 44
7 2 46 45
1 2 45 46
5 2 46 46
6 2 43 55
4 2 44 56
8 2 44 55
5 2 51 56
2 2 50 56
6 2 48 57
5 2 55 1
5 2 44 57
7 2 42 8
6 2 46 7
2 2 46 6
6 2 43 7
8 2 43 7
7 2 45 7
2 2 42 13
5 2 46 14
6 2 42 13
7 2 44 12
6 2 43 12
5 2 47 11
8 2 46 11
6 2 44 13
5 2 42 25
7 2 42 37
6 2 42 38
5 2 42 52
8 2 47 51
4 2 42 54
3 2 41 3
2 2 41 6
7 2 41 12
4 2 41 11
2 2 43 12
5 2 41 13
7 2 41 31
7 2 44 32
3 2 41 33
2 2 41 34
6 2 41 49
1 2 45 48
4 2 54 57
1 2 53 58
8 2 47 49
6 2 47 49
4 2 47 49
7 2 53 49
4 2 52 48
5 2 51 48
7 2 46 50
1 2 46 50
6 2 45 50
6 2 42 48
7 2 42 49
2 2 41 51
7 2 41 56
2 2 44 55
3 2 43 55
8 2 40 19
7 2 51 19
2 2 41 19
7 2 51 48
3 2 50 18
3 2 47 18
6 2 47 20
8 2 46 19
6 2 48 18
6 2 40 32
7 2 40 36
6 2 40 37
2 2 40 38
2 2 42 40
7 2 40 40
7 2 44 40
2 2 45 39
8 2 44 40
6 2 41 40
7 2 46 41
8 2 48 42
3 2 44 41
3 2 40 42
2 2 40 60
6 2 51 18
8 2 50 19
5 2 40 67
6 2 45 66
5 2 48 65
5 2 47 66
4 2 41 66
2 2 40 66
7 2 42 65
3 2 46 64
7 2 39 9
4 2 39 11
3 2 39 11
8 2 39 28
5 2 50 27
4 2 47 27
7 2 53 26
1 2 45 27
2 2 41 28
1 2 39 37
5 2 41 36
3 2 39 37
6 2 39 45
2 2 42 46
7 2 39 44
2 2 39 45
1 2 39 47
3 2 39 53
7 2 39 59
7 2 58 58
7 2 49 59
2 2 42 60
1 2 38 2
3 2 43 1
8 2 38 5
7 2 42 5
5 2 43 4
7 2 38 6
3 2 41 5
3 2 38 5
3 2 39 6
6 2 47 8
4 2 38 8
1 2 47 9
3 2 46 9
1 2 38 18
8 2 43 16
2 2 47 15
1 2 45 15
7 2 44 17
4 2 45 18
1 2 46 19
3 2 47 20
6 2 44 16
5 2 43 18
2 2 38 21
8 2 39 22
4 2 42 24
3 2 48 57
5 2 38 39
5 2 42 39
8 2 41 39
4 2 38 41
5 2 38 43
1 2 38 45
3 2 38 45
7 2 38 47
4 2 38 46
7 2 38 57
8 2 44 57
8 2 48 58
7 2 48 57
4 2 47 58
6 2 43 58
3 2 48 57
5 2 48 58
3 2 47 59
4 2 40 58
5 2 37 4
4 2 37 5
5 2 37 13
1 2 40 14
8 2 39 14
1 2 37 23
7 2 44 21
6 2 38 22
6 2 42 23
5 2 37 22
4 2 37 28
3 2 40 29
5 2 37 37
8 2 37 40
2 2 37 41
6 2 37 46
1 2 37 49
8 2 43 49
3 2 36 1
2 2 39 1
8 2 36 5
1 2 36 7
6 2 37 8
1 2 36 10
2 2 36 9
8 2 36 19
4 2 44 19
8 2 36 22
8 2 44 22
2 2 44 21
4 2 37 24
6 2 40 25
6 2 46 29
6 2 44 26
2 2 39 25
3 2 40 24
1 2 36 27
5 2 36 29
4 2 38 25
2 2 36 34
4 2 39 34
5 2 37 33
3 2 36 33
7 2 36 42
8 2 37 42
2 2 36 42
8 2 41 43
4 2 40 30
4 2 42 31
3 2 40 44
3 2 38 43
8 2 36 46
4 2 36 47
8 2 37 48
1 2 36 57
8 2 41 44
6 2 39 56
5 2 38 56
6 2 36 63
7 2 40 64
8 2 38 58
7 2 41 60
8 2 43 61
4 2 36 66
7 2 45 65
3 2 41 65
8 2 36 66
7 2 35 12
3 2 36 12
2 2 35 13
1 2 35 12
1 2 35 31
1 2 38 31
4 2 41 30
7 2 35 37
6 2 37 36
3 2 39 35
4 2 38 36
8 2 38 35
1 2 39 34
7 2 35 48
2 2 35 53
6 2 38 52
5 2 39 51
6 2 35 58
7 2 36 58
2 2 35 60
6 2 44 61
5 2 34 14
3 2 35 63
8 2 38 63
5 2 40 62
3 2 34 15
3 2 42 16
2 2 34 41
6 2 34 54
3 2 39 40
3 2 37 55
3 2 34 58
1 2 38 55
7 2 39 59
7 2 33 2
4 2 36 1
2 2 33 6
8 2 36 7
7 2 33 18
7 2 40 56
6 2 33 18
6 2 40 17
7 2 33 20
3 2 33 33
5 2 34 32
5 2 33 36
2 2 37 34
4 2 35 38
4 2 33 39
2 2 33 38
3 2 33 40
7 2 33 40
7 2 33 59
7 2 33 63
8 2 37 62
2 2 39 61
8 2 39 60
7 2 35 63
6 2 42 63
2 2 32 1
6 2 34 1
5 2 32 7
3 2 41 6
1 2 35 8
6 2 32 6
3 2 32 7
5 2 40 6
5 2 32 27
3 2 32 38
3 2 32 41
1 2 36 42
7 2 32 43
4 2 33 42
6 2 36 44
6 2 35 42
6 2 32 43
2 2 32 46
6 2 32 45
2 2 33 45
7 2 32 45
3 2 34 44
2 2 32 50
4 2 38 50
2 2 32 58
4 2 34 59
2 2 33 57
4 2 32 66
8 2 31 13
3 2 41 63
8 2 41 62
5 2 40 63
2 2 33 12
6 2 31 13
6 2 32 12
7 2 38 11
8 2 31 25
2 2 36 26
7 2 34 24
4 2 31 33
8 2 32 33
2 2 35 33
8 2 34 33
4 2 37 35
7 2 33 34
2 2 37 32
5 2 38 31
3 2 37 31
2 2 31 35
4 2 31 51
5 2 40 50
5 2 32 50
7 2 32 49
4 2 32 48
4 2 32 52
8 2 30 17
2 2 39 16
7 2 42 14
1 2 30 20
8 2 39 16
6 2 41 15
3 2 42 14
3 2 40 15
2 2 40 20
3 2 37 21
1 2 40 21
6 2 33 20
4 2 35 19
1 2 38 19
5 2 37 19
6 2 35 21
7 2 34 19
8 2 30 44
2 2 32 45
8 2 34 44
6 2 33 46
3 2 32 47
6 2 30 54
2 2 30 53
6 2 30 57
6 2 39 56
7 2 30 63
7 2 36 62
3 2 33 64
2 2 30 64
4 2 29 4
7 2 40 3
3 2 34 4
3 2 29 24
7 2 37 25
8 2 29 29
5 2 38 28
2 2 29 39
1 2 35 39
4 2 29 48
4 2 29 52
1 2 34 51
6 2 31 52
3 2 30 51
5 2 29 51
7 2 30 52
6 2 30 52
1 2 29 64
6 2 29 65
3 2 31 67
3 2 34 67
7 2 28 1
3 2 29 2
1 2 34 3
2 2 33 4
6 2 33 4
5 2 31 1
8 2 30 1
8 2 28 5
1 2 28 12
6 2 37 11
3 2 39 10
3 2 37 11
2 2 36 12
3 2 35 11
4 2 35 10
8 2 38 8
5 2 37 8
5 2 28 21
3 2 32 22
5 2 35 21
7 2 38 20
5 2 31 19
2 2 28 21
5 2 31 22
3 2 30 20
4 2 30 20
4 2 30 22
4 2 34 22
2 2 30 21
8 2 32 22
1 2 31 23
6 2 30 22
2 2 28 24
1 2 33 25
3 2 28 44
5 2 28 49
3 2 28 67
2 2 27 4
3 2 32 3
8 2 27 12
7 2 27 14
5 2 27 35
7 2 37 36
3 2 36 36
8 2 29 34
4 2 33 33
6 2 29 35
4 2 28 34
5 2 31 33
6 2 35 32
7 2 34 32
1 2 31 33
7 2 29 33
3 2 32 32
4 2 29 35
6 2 32 37
6 2 27 56
5 2 26 18
2 2 29 16
7 2 41 15
2 2 32 15
7 2 28 16
4 2 39 16
4 2 29 17
1 2 27 17
7 2 26 18
6 2 30 16
3 2 31 15
4 2 31 19
6 2 31 19
4 2 28 18
6 2 26 20
6 2 28 19
2 2 26 27
2 2 29 26
6 2 35 15
6 2 35 27
3 2 37 27
4 2 37 29
8 2 37 30
5 2 34 27
1 2 27 27
1 2 44 26
4 2 32 28
3 2 32 29
1 2 31 26
4 2 32 25
3 2 31 27
2 2 34 24
6 2 31 30
2 2 30 25
3 2 26 29
7 2 27 27
2 2 26 29
3 2 27 28
2 2 28 27
4 2 26 28
8 2 27 27
7 2 30 26
2 2 26 38
5 2 26 58
3 2 25 1
5 2 30 28
8 2 29 28
4 2 25 5
3 2 27 4
6 2 44 6
2 2 25 18
3 2 28 17
4 2 30 16
2 2 29 16
1 2 32 16
2 2 31 16
5 2 30 15
1 2 29 16
3 2 25 17
7 2 25 25
4 2 40 26
1 2 32 24
5 2 30 24
2 2 29 24
6 2 29 25
6 2 26 26
4 2 27 25
7 2 25 29
6 2 30 30
7 2 29 30
3 2 25 31
5 2 25 35
2 2 28 37
8 2 26 34
2 2 28 34
7 2 26 36
6 2 29 35
3 2 28 36
5 2 28 36
4 2 25 40
6 2 31 40
3 2 32 41
5 2 31 41
5 2 29 40
1 2 25 39
1 2 28 38
3 2 28 40
6 2 27 41
2 2 28 41
3 2 33 42
8 2 26 38
4 2 28 37
8 2 27 39
3 2 25 38
5 2 25 40
8 2 25 41
4 2 25 51
3 2 31 50
6 2 25 55
3 2 24 43
3 2 24 62
3 2 39 61
2 2 45 1
2 2 31 61
6 2 31 62
3 2 30 63
4 2 30 62
5 2 24 64
3 2 36 65
2 2 31 66
2 2 29 63
8 2 28 63
8 2 34 64
4 2 33 64
5 2 35 64
1 2 33 65
5 2 28 64
4 2 25 64
6 2 24 64
3 2 24 66
1 2 23 1
8 2 33 1
4 2 33 1
5 2 37 2
5 2 32 2
3 2 33 2
8 2 24 1
1 2 23 19
2 2 25 19
2 2 23 55
3 2 36 56
4 2 35 57
7 2 29 54
5 2 32 55
1 2 38 54
8 2 32 56
4 2 31 57
6 2 31 57
7 2 22 2
6 2 35 1
4 2 22 6
2 2 22 16
5 2 28 15
7 2 28 14
8 2 22 18
8 2 24 18
6 2 23 17
7 2 22 29
6 2 22 36
2 2 26 35
8 2 25 35
7 2 22 37
6 2 24 37
6 2 25 36
8 2 22 43
4 2 27 44
5 2 32 45
5 2 22 45
2 2 25 46
3 2 26 46
7 2 29 47
8 2 27 47
1 2 23 45
5 2 25 46
6 2 27 47
6 2 23 46
1 2 24 45
5 2 29 44
6 2 24 47
7 2 24 48
5 2 23 48
2 2 22 45
7 2 22 53
1 2 27 53
7 2 25 53
8 2 22 58
1 2 22 64
4 2 27 63
2 2 28 63
3 2 21 1
4 2 21 3
5 2 21 3
2 2 24 2
1 2 24 1
3 2 21 4
7 2 24 5
3 2 23 5
3 2 30 6
3 2 21 11
3 2 33 9
2 2 21 14
1 2 25 13
2 2 25 12
7 2 24 12
3 2 24 16
6 2 21 18
5 2 21 18
1 2 21 21
4 2 29 20
3 2 27 20
3 2 21 25
5 2 24 24
5 2 22 24
8 2 24 23
7 2 21 34
3 2 23 34
8 2 21 67
1 2 24 66
1 2 27 65
4 2 21 66
2 2 21 65
4 2 20 1
4 2 20 13
4 2 24 14
2 2 23 14
7 2 24 14
4 2 23 14
1 2 20 14
6 2 24 15
4 2 20 21
8 2 20 30
1 2 24 31
3 2 20 53
5 2 24 52
3 2 26 51
4 2 32 50
3 2 23 52
7 2 20 60
4 2 28 61
5 2 37 60
5 2 28 61
4 2 32 61
2 2 29 61
6 2 20 62
8 2 26 63
1 2 25 63
8 2 24 62
5 2 20 67
5 2 19 5
2 2 19 7
5 2 30 7
2 2 29 7
4 2 19 16
4 2 23 16
8 2 21 16
1 2 19 19
5 2 23 19
6 2 20 19
8 2 19 24
6 2 20 23
6 2 24 23
3 2 22 24
5 2 19 25
8 2 25 26
3 2 19 37
3 2 24 38
6 2 24 39
1 2 23 37
5 2 19 36
8 2 21 34
3 2 20 37
8 2 20 36
6 2 19 52
8 2 31 51
2 2 31 50
4 2 24 54
8 2 19 61
6 2 18 12
1 2 20 11
1 2 24 10
2 2 24 10
7 2 30 8
3 2 35 9
4 2 24 10
5 2 24 9
2 2 28 8
3 2 23 11
4 2 21 10
3 2 18 12
2 2 20 11
5 2 19 11
5 2 19 14
7 2 19 15
5 2 18 12
1 2 18 15
1 2 18 31
8 2 21 30
5 2 23 29
1 2 25 28
5 2 21 32
1 2 30 32
4 2 18 33
7 2 20 32
4 2 24 31
7 2 23 31
3 2 19 32
1 2 18 38
8 2 22 39
4 2 18 40
5 2 18 43
5 2 25 41
5 2 24 44
5 2 18 51
1 2 21 52
8 2 18 58
5 2 20 59
4 2 18 64
2 2 17 10
3 2 18 9
7 2 33 8
1 2 25 9
4 2 31 8
1 2 17 11
5 2 17 18
8 2 18 17
2 2 17 29
1 2 21 29
4 2 20 30
4 2 17 35
2 2 17 51
7 2 25 50
6 2 18 52
4 2 26 52
5 2 17 58
3 2 23 58
4 2 17 58
5 2 27 59
6 2 22 59
1 2 21 59
7 2 38 59
6 2 36 59
5 2 20 57
7 2 22 56
7 2 30 55
1 2 25 57
7 2 29 56
1 2 24 55
8 2 23 57
8 2 21 56
5 2 27 56
7 2 21 56
2 2 19 57
5 2 17 61
3 2 23 62
5 2 23 61
7 2 20 62
3 2 17 66
2 2 16 5
4 2 22 7
3 2 18 6
1 2 18 5
3 2 16 9
7 2 16 20
7 2 21 21
3 2 19 21
5 2 16 23
1 2 17 22
5 2 21 23
3 2 18 23
8 2 16 22
3 2 16 27
7 2 23 27
3 2 24 26
4 2 23 26
1 2 21 27
8 2 16 41
8 2 22 42
7 2 21 43
5 2 21 42
1 2 22 41
1 2 19 42
1 2 16 60
2 2 36 59
7 2 20 60
3 2 16 61
7 2 15 7
8 2 15 15
2 2 15 14
7 2 15 22
1 2 15 24
2 2 15 39
6 2 16 38
6 2 15 43
1 2 20 41
3 2 19 41
8 2 16 44
1 2 19 43
2 2 15 47
5 2 20 47
6 2 29 48
5 2 16 47
6 2 15 46
2 2 15 53
3 2 25 53
2 2 24 53
6 2 18 53
3 2 21 54
5 2 29 55
8 2 15 53
5 2 15 53
7 2 15 58
6 2 18 57
6 2 24 56
4 2 23 57
8 2 15 60
2 2 15 66
7 2 14 14
6 2 16 14
3 2 14 22
5 2 14 51
3 2 14 50
4 2 24 50
7 2 31 49
5 2 30 49
1 2 25 49
3 2 24 49
3 2 25 49
1 2 14 65
8 2 13 7
2 2 16 7
4 2 13 10
6 2 15 10
3 2 14 8
6 2 16 7
6 2 27 8
4 2 19 6
2 2 18 6
3 2 13 16
3 2 13 24
2 2 21 25
8 2 20 26
7 2 20 25
2 2 15 25
2 2 19 27
5 2 13 25
5 2 15 26
2 2 13 42
8 2 13 59
2 2 21 60
8 2 12 4
8 2 19 5
7 2 16 5
2 2 12 27
1 2 12 26
1 2 22 27
2 2 20 28
2 2 16 25
6 2 12 25
8 2 12 24
3 2 12 30
7 2 21 30
5 2 17 30
6 2 19 29
5 2 18 30
6 2 14 31
2 2 20 31
6 2 18 32
8 2 20 32
5 2 12 30
7 2 12 35
4 2 18 36
6 2 14 34
8 2 18 33
6 2 13 36
7 2 12 38
5 2 12 50
7 2 14 51
6 2 13 52
6 2 12 50
1 2 17 49
5 2 12 53
7 2 15 53
7 2 12 55
4 2 19 56
2 2 16 55
8 2 12 54
2 2 26 53
1 2 12 56
8 2 18 57
5 2 11 7
4 2 11 27
5 2 20 27
8 2 11 38
1 2 18 39
7 2 18 40
6 2 11 43
1 2 13 42
3 2 13 41
1 2 12 41
6 2 11 48
5 2 20 48
6 2 16 48
1 2 17 47
4 2 15 47
3 2 15 48
5 2 11 65
5 2 14 64
8 2 16 63
2 2 18 62
1 2 16 63
7 2 19 65
3 2 21 65
2 2 15 63
8 2 15 63
3 2 12 64
5 2 15 63
4 2 10 32
2 2 17 33
2 2 14 32
3 2 14 32
1 2 19 33
6 2 15 31
6 2 10 37
8 2 12 36
8 2 10 43
4 2 16 44
3 2 11 42
3 2 13 42
8 2 16 43
6 2 19 44
2 2 16 44
2 2 10 43
6 2 12 42
5 2 10 49
6 2 21 50
6 2 10 60
3 2 17 59
5 2 18 60
7 2 17 60
3 2 18 60
4 2 19 60
6 2 9 12
8 2 15 13
6 2 14 12
8 2 13 12
3 2 11 13
7 2 9 19
3 2 9 18
3 2 9 43
5 2 15 44
1 2 10 45
2 2 12 46
1 2 9 43
3 2 9 46
1 2 13 47
7 2 9 57
8 2 11 58
2 2 9 63
2 2 11 65
7 2 8 1
6 2 12 2
4 2 17 61
3 2 15 2
4 2 20 1
6 2 21 2
6 2 19 1
7 2 8 11
3 2 8 31
2 2 10 11
1 2 15 30
7 2 8 32
3 2 8 53
4 2 12 53
2 2 8 54
2 2 8 66
3 2 10 65
8 2 9 65
2 2 13 65
6 2 7 3
8 2 16 11
6 2 14 1
2 2 14 2
1 2 17 3
6 2 12 3
7 2 7 6
1 2 10 7
3 2 8 6
7 2 8 5
1 2 9 5
5 2 14 4
7 2 10 6
1 2 13 8
4 2 9 6
8 2 7 11
7 2 7 29
6 2 7 28
7 2 7 27
7 2 10 27
2 2 16 27
8 2 15 26
2 2 7 47
3 2 19 48
2 2 9 48
5 2 7 52
3 2 9 53
5 2 10 52
1 2 9 54
6 2 8 53
8 2 7 59
4 2 10 60
3 2 24 1
8 2 23 1
3 2 16 60
1 2 6 5
5 2 6 8
6 2 6 15
6 2 14 17
3 2 15 17
2 2 14 17
4 2 7 14
4 2 6 16
1 2 6 36
7 2 12 37
5 2 7 37
6 2 6 39
4 2 12 40
5 2 11 41
4 2 9 40
7 2 6 46
5 2 8 45
3 2 12 44
8 2 6 56
4 2 12 55
4 2 10 56
4 2 7 56
6 2 7 57
2 2 12 56
5 2 13 55
8 2 8 56
6 2 6 65
4 2 16 59
2 2 19 60
1 2 16 60
7 2 15 60
2 2 10 64
2 2 6 64
7 2 6 65
6 2 5 6
7 2 5 10
4 2 5 20
7 2 10 19
3 2 13 20
3 2 17 20
8 2 14 20
7 2 13 20
7 2 5 24
2 2 6 9
1 2 14 8
6 2 7 8
1 2 7 23
5 2 13 22
3 2 5 27
4 2 10 28
7 2 16 28
1 2 9 26
8 2 8 28
6 2 8 28
8 2 13 29
5 2 5 37
6 2 6 36
2 2 13 35
6 2 17 34
6 2 15 35
5 2 7 35
6 2 9 36
3 2 8 36
3 2 14 35
1 2 13 34
4 2 6 36
6 2 5 51
7 2 5 56
2 2 9 55
8 2 7 56
6 2 5 62
3 2 4 3
2 2 4 8
3 2 4 10
3 2 4 23
4 2 6 22
1 2 6 22
7 2 4 32
1 2 9 32
3 2 7 32
8 2 4 36
1 2 4 37
6 2 4 36
4 2 4 47
6 2 4 56
1 2 7 57
3 2 7 58
4 2 11 59
3 2 10 59
2 2 10 60
8 2 4 58
7 2 7 59
6 2 17 8
3 2 4 62
8 2 7 63
3 2 6 63
5 2 6 63
7 2 3 22
2 2 5 21
2 2 11 21
6 2 14 20
1 2 7 20
8 2 13 19
8 2 9 21
1 2 11 20
8 2 4 21
5 2 10 20
2 2 10 20
1 2 8 20
6 2 4 20
7 2 10 21
7 2 3 33
3 2 3 46
1 2 3 58
8 2 2 4
5 2 2 8
5 2 8 7
4 2 2 35
5 2 3 62
8 2 4 61
5 2 4 60
2 2 4 62
3 2 3 60
5 2 10 34
8 2 7 61
1 2 1 4
4 2 2 59
2 2 3 3
5 2 5 2
1 2 10 2
7 2 12 1
3 2 10 1
5 2 9 1
6 2 4 59
4 2 3 2
8 2 3 1
5 2 10 2
1 2 1 16
4 2 8 2
7 2 10 2
8 2 7 3
5 2 7 16
7 2 10 16
8 2 1 22
6 2 1 28
3 2 6 28
8 2 5 16
8 2 1 29
1 2 5 28
4 2 3 30
5 2 1 36
8 2 1 35
4 2 1 49
3 2 7 27
6 2 6 27
5 2 5 49
3 2 5 48
6 2 1 53
3 2 4 51
5 2 3 52
4 2 8 50
3 2 1 60
4 2 1 66
8 2 14 67
3 2 8 53
5 2 8 54
4 2 8 54
7 3 24 67
5 3 21 42
6 3 20 55
1 3 18 31
6 3 18 48
2 3 17 17
2 3 17 46
1 3 16 24
8 3 16 26
3 3 16 49
1 3 15 4
2 3 15 42
7 3 14 1
1 2 13 1
7 2 12 1
2 3 14 50
8 3 13 30
5 3 13 39
5 3 13 48
5 3 12 5
7 3 12 58
3 3 12 62
8 3 10 34
6 3 8 9
2 2 9 9
6 3 7 30
1 2 7 30
4 3 6 16
4 3 9 14
2 3 18 13
2 3 9 13
4 3 7 16
2 3 6 27
7 3 6 28
4 2 6 28
2 2 5 28
8 2 5 29
1 3 7 28
8 3 6 41
6 3 10 39
3 3 6 55
7 3 6 66
8 3 8 66
5 3 5 45
1 3 5 46
7 2 6 45
8 2 4 46
4 3 5 46
2 3 4 40
7 2 4 39
4 2 5 39
6 2 12 38
2 2 11 38
1 3 4 54
7 3 5 52
2 3 5 51
8 3 4 64
1 3 3 11
5 2 8 12
4 2 4 10
2 2 6 9
8 2 4 9
6 2 3 11
7 2 8 12
1 2 7 13
8 3 3 18
2 3 3 33
8 2 2 33
4 2 7 33
3 2 1 34
2 2 6 32
2 3 5 35
8 2 6 35
1 3 2 25
5 2 7 25
7 2 7 25
7 2 10 26
2 2 9 26
6 3 1 12
4 2 1 11
8 2 1 10
7 3 1 28
5 4 17 14
7 4 16 49
7 4 15 23
3 4 12 14
4 4 12 18
8 4 12 61
2 4 11 22
3 4 10 59
5 2 11 58
7 4 9 24
6 4 7 46
4 4 7 48
8 2 6 48
7 4 7 54
4 4 7 60
8 4 6 14
5 3 7 14
4 4 6 21
6 2 6 20
8 4 8 21
6 2 8 22
2 4 6 52
5 4 6 52
2 4 5 2
3 4 5 2
4 3 5 1
3 4 4 18
2 4 4 57
6 4 3 5
5 2 2 5
3 4 3 12
5 4 3 18
1 2 3 20
7 2 2 18
7 3 12 17
8 2 11 17
3 4 3 31
8 4 3 37
7 2 3 38
5 4 3 40
4 2 3 39
7 4 11 43
2 2 9 43
7 4 7 42
1 4 3 61
3 2 3 60
5 2 3 60
7 4 2 7
4 2 2 6
1 4 4 6
5 2 5 5
4 4 3 7
4 2 6 8
5 4 2 22
4 3 3 19
2 4 1 56
6 3 2 57
4 5 11 3
4 5 10 45
1 5 9 50
6 5 13 50
1 2 12 50
2 5 9 64
2 5 8 14
2 5 5 29
3 2 4 29
5 5 4 33
7 2 4 35
6 5 4 58
5 5 3 15
1 5 2 36
1 5 1 59
4 6 9 31
6 6 6 6
8 6 5 10
8 6 3 50
5 2 7 49
4 2 2 51
7 2 2 51
2 2 5 50
3 2 1 51
2 6 2 18
4 6 1 22
3 6 3 22
8 2 6 24
4 2 5 24
7 7 6 8
8 2 5 8
2 7 3 32
8 8 8 9
7 8 3 17
1 2 2 17
5 9 7 53
1 2 7 54
1 10 5 3
4 10 5 26
1 2 3 29
6 2 3 29
3 3 5 25
7 2 4 25
6 10 2 13
3 2 3 13
7 2 3 14
2 3 2 12
2 11 7 46
4 2 5 48
7 2 5 47
1 2 5 46
8 2 8 48
5 2 7 49
7 3 9 49
6 53 5 3
7 62 4 58
5 2 2 59
1 2 2 58
2 2 1 58
6 23 11 9
5 2 5 9
