9720
4281
1 2 100 13
7 2 100 39
2 2 99 12
7 2 99 14
5 2 99 26
7 2 99 41
6 2 99 54
8 2 99 77
6 2 99 81
6 2 98 1
5 2 98 3
8 2 98 11
7 2 98 17
8 2 99 16
1 2 98 23
7 2 98 27
5 2 98 29
6 2 98 41
2 2 98 50
7 2 98 52
5 2 98 56
4 2 98 61
5 2 99 62
5 2 98 71
5 2 98 83
3 2 98 82
7 2 98 90
3 2 99 91
3 2 98 89
6 2 98 94
3 2 97 5
5 2 99 6
7 2 99 7
4 2 97 39
7 2 97 49
6 2 98 50
2 2 97 52
3 2 97 59
6 2 99 58
6 2 97 58
2 2 97 78
5 2 97 89
5 2 97 91
2 2 97 98
2 2 98 99
1 2 96 6
4 2 97 99
8 2 96 6
2 2 96 8
8 2 96 52
7 2 96 60
8 2 96 64
5 2 97 65
6 2 96 65
1 2 96 79
4 2 99 63
3 2 98 63
2 2 97 79
4 2 96 79
7 2 96 99
8 2 95 3
4 2 95 3
5 2 96 2
7 2 95 27
7 2 95 37
4 2 96 36
6 2 95 50
4 2 97 51
6 2 95 53
4 2 95 57
2 2 96 58
3 2 95 70
4 2 95 73
2 2 97 80
7 2 94 25
1 2 94 28
8 2 98 30
2 2 94 35
7 2 97 33
5 2 98 74
8 2 94 47
1 2 94 49
5 2 96 49
2 2 94 48
1 2 94 71
3 2 94 78
6 2 94 81
2 2 94 83
4 2 94 90
6 2 95 89
5 2 94 93
1 2 93 2
7 2 93 9
6 2 96 7
8 2 93 16
3 2 98 15
6 2 96 16
4 2 95 14
5 2 95 16
8 2 94 17
4 2 94 16
3 2 93 15
7 2 93 19
8 2 97 21
2 2 97 22
1 2 93 18
7 2 97 19
2 2 93 21
2 2 93 37
5 2 95 38
8 2 93 42
3 2 93 41
6 2 93 45
3 2 93 44
3 2 93 50
7 2 93 64
1 2 93 99
8 2 94 99
5 2 92 5
3 2 94 6
1 2 92 8
2 2 95 8
6 2 92 10
5 2 93 10
3 2 92 13
3 2 92 20
8 2 92 20
7 2 92 27
4 2 92 37
7 2 92 43
8 2 92 70
4 2 97 69
2 2 99 32
2 2 92 70
2 2 93 69
6 2 93 70
5 2 93 72
4 2 92 69
7 2 92 82
8 2 97 84
5 2 93 80
4 2 92 80
6 2 92 97
6 2 95 97
2 2 97 96
8 2 96 95
8 2 94 97
3 2 92 100
1 2 91 1
5 2 91 11
1 2 91 10
5 2 96 11
3 2 91 26
2 2 91 34
5 2 94 34
1 2 95 33
4 2 94 33
3 2 91 36
1 2 91 45
2 2 97 47
5 2 94 46
1 2 96 45
2 2 95 45
4 2 92 47
6 2 93 48
4 2 91 45
3 2 93 44
4 2 96 43
3 2 95 43
2 2 93 46
6 2 91 44
6 2 91 50
5 2 93 51
4 2 91 54
2 2 98 55
6 2 92 53
1 2 91 56
6 2 94 56
7 2 91 68
1 2 91 70
6 2 91 79
6 2 94 78
2 2 91 95
4 2 96 95
6 2 91 94
7 2 96 93
3 2 91 97
6 2 90 4
3 2 93 4
3 2 90 4
8 2 90 10
7 2 90 18
1 2 90 27
2 2 95 25
6 2 96 24
8 2 92 28
8 2 90 43
6 2 90 46
6 2 91 47
3 2 92 48
1 2 90 49
5 2 90 48
7 2 90 56
5 2 90 65
1 2 90 66
5 2 93 65
6 2 90 69
7 2 90 74
2 2 90 76
4 2 90 81
5 2 91 82
1 2 89 7
2 2 89 7
8 2 91 7
2 2 91 6
8 2 91 6
1 2 89 14
7 2 90 14
7 2 89 22
5 2 91 20
2 2 91 23
6 2 90 24
3 2 94 23
3 2 89 32
3 2 93 30
6 2 90 33
4 2 89 33
8 2 92 34
7 2 89 47
6 2 89 48
1 2 89 49
4 2 92 51
3 2 89 64
5 2 89 77
5 2 90 78
2 2 90 79
6 2 89 84
5 2 98 67
1 2 89 83
4 2 88 22
3 2 90 21
4 2 88 31
2 2 96 30
5 2 88 37
6 2 88 36
3 2 88 52
4 2 92 53
1 2 90 53
5 2 88 51
7 2 88 65
5 2 88 75
6 2 96 74
8 2 94 75
1 2 92 76
2 2 88 83
7 2 88 88
1 2 96 87
2 2 88 99
5 2 90 99
3 2 87 5
4 2 90 6
7 2 87 13
8 2 88 14
2 2 87 23
1 2 89 23
4 2 92 24
7 2 91 24
1 2 87 26
8 2 87 37
3 2 87 38
2 2 87 41
7 2 94 42
5 2 90 40
4 2 87 45
7 2 89 44
3 2 89 43
7 2 87 48
5 2 89 47
5 2 87 55
5 2 90 54
2 2 88 54
2 2 87 60
5 2 95 61
7 2 92 61
1 2 89 59
6 2 93 58
7 2 88 58
1 2 95 60
5 2 94 60
1 2 88 60
6 2 87 59
2 2 87 69
7 2 87 73
4 2 95 73
2 2 94 73
8 2 93 73
1 2 87 87
7 2 96 88
5 2 87 93
4 2 94 93
8 2 93 92
7 2 87 100
1 2 87 99
4 2 86 7
5 2 88 8
8 2 90 8
3 2 86 10
7 2 86 15
2 2 86 17
1 2 92 16
4 2 90 16
5 2 90 18
8 2 86 16
8 2 88 15
5 2 86 15
5 2 87 16
1 2 86 18
3 2 92 19
6 2 88 17
1 2 86 24
2 2 86 27
3 2 90 28
4 2 92 29
6 2 86 46
3 2 88 45
8 2 86 48
7 2 86 53
1 2 90 52
2 2 91 51
8 2 89 52
3 2 88 53
7 2 86 64
2 2 93 63
4 2 92 63
8 2 88 63
7 2 94 62
1 2 90 64
7 2 86 68
3 2 90 67
2 2 89 67
3 2 89 67
8 2 88 68
4 2 86 71
5 2 89 71
7 2 87 70
8 2 86 83
7 2 86 85
6 2 89 84
6 2 85 1
2 2 85 15
6 2 90 14
2 2 85 24
3 2 87 23
6 2 88 22
7 2 86 23
1 2 85 31
5 2 92 85
8 2 90 31
6 2 85 30
2 2 85 35
7 2 87 35
1 2 85 37
1 2 85 40
7 2 91 31
8 2 85 40
1 2 87 42
3 2 85 39
3 2 89 38
8 2 85 46
7 2 85 51
8 2 85 64
7 2 85 98
2 2 84 1
8 2 84 7
1 2 86 7
7 2 84 9
2 2 86 8
3 2 85 8
5 2 84 13
6 2 90 12
2 2 87 12
5 2 85 12
8 2 88 13
8 2 85 13
7 2 87 12
6 2 84 14
4 2 84 22
1 2 87 21
2 2 86 21
1 2 84 28
2 2 84 32
3 2 84 31
3 2 88 32
7 2 88 33
5 2 85 30
2 2 84 30
7 2 84 29
6 2 85 28
8 2 84 29
3 2 89 28
4 2 84 34
5 2 84 47
2 2 84 62
8 2 91 61
5 2 90 63
5 2 88 62
4 2 86 61
3 2 85 61
1 2 84 75
3 2 91 76
5 2 83 18
4 2 84 18
6 2 91 20
6 2 89 19
5 2 87 19
1 2 84 18
7 2 85 19
1 2 83 29
7 2 89 29
3 2 83 44
4 2 83 53
8 2 85 54
1 2 83 68
1 2 92 41
3 2 91 67
2 2 83 68
3 2 83 73
7 2 83 74
8 2 85 72
2 2 84 72
5 2 83 72
5 2 83 76
4 2 83 83
1 2 83 85
5 2 85 76
1 2 84 77
8 2 90 86
1 2 91 77
4 2 84 85
6 2 83 84
8 2 89 83
4 2 83 91
6 2 94 90
3 2 85 83
5 2 85 90
6 2 83 94
6 2 89 96
4 2 91 97
7 2 82 8
5 2 84 7
1 2 83 7
4 2 83 9
6 2 82 7
4 2 82 22
8 2 84 21
6 2 82 28
3 2 82 30
7 2 82 40
2 2 82 45
3 2 82 48
7 2 85 49
4 2 82 47
8 2 82 49
6 2 83 48
1 2 82 52
3 2 82 51
7 2 87 50
2 2 82 73
8 2 82 76
3 2 85 75
5 2 82 81
5 2 88 81
1 2 87 82
6 2 89 81
3 2 82 86
1 2 91 85
1 2 82 88
6 2 84 89
8 2 82 91
1 2 89 91
2 2 88 91
7 2 82 95
4 2 89 96
5 2 85 95
5 2 81 5
6 2 81 14
7 2 81 16
6 2 81 34
6 2 84 35
2 2 81 37
2 2 84 37
2 2 81 40
7 2 84 40
4 2 83 40
6 2 85 41
3 2 86 43
3 2 84 42
4 2 85 43
8 2 82 40
4 2 84 39
2 2 81 42
5 2 81 44
1 2 81 49
2 2 81 50
4 2 82 50
6 2 81 52
7 2 81 54
1 2 82 54
8 2 87 55
4 2 85 54
2 2 84 54
4 2 84 53
7 2 82 55
6 2 89 56
4 2 82 54
1 2 82 56
2 2 91 57
8 2 90 57
1 2 81 61
7 2 81 68
3 2 83 67
5 2 87 67
6 2 81 69
2 2 87 68
3 2 81 73
2 2 85 73
6 2 81 87
7 2 91 87
6 2 89 87
3 2 88 86
1 2 88 88
1 2 87 86
5 2 87 86
5 2 81 89
4 2 85 90
7 2 82 90
6 2 81 91
7 2 83 91
2 2 90 90
3 2 81 93
2 2 84 93
7 2 81 98
3 2 84 94
5 2 80 1
5 2 84 2
5 2 85 1
1 2 84 96
3 2 85 3
7 2 88 4
1 2 87 4
8 2 83 96
1 2 80 12
8 2 85 11
3 2 84 12
3 2 80 13
7 2 84 12
6 2 80 16
7 2 80 23
5 2 83 22
4 2 83 21
4 2 80 31
1 2 82 32
8 2 85 32
6 2 81 32
3 2 85 31
1 2 80 51
1 2 80 71
3 2 85 70
5 2 80 77
4 2 80 82
4 2 80 94
8 2 79 5
6 2 84 4
8 2 88 97
7 2 86 3
8 2 82 4
7 2 79 16
5 2 79 26
6 2 84 25
6 2 81 24
6 2 80 26
8 2 79 35
1 2 79 39
4 2 85 3
8 2 85 3
6 2 84 38
2 2 79 43
3 2 79 46
1 2 79 55
4 2 83 56
6 2 82 38
1 2 82 56
7 2 84 56
3 2 88 57
4 2 87 57
8 2 81 56
5 2 79 57
4 2 82 57
2 2 79 60
5 2 79 65
3 2 80 56
8 2 84 57
8 2 85 58
2 2 81 57
6 2 80 57
3 2 80 64
5 2 84 63
2 2 82 65
1 2 79 66
6 2 79 71
3 2 83 70
8 2 79 74
1 2 79 79
6 2 83 70
3 2 80 78
7 2 78 4
2 2 79 91
4 2 78 10
3 2 81 9
6 2 81 8
2 2 81 10
8 2 82 12
3 2 78 12
7 2 81 12
6 2 78 14
3 2 83 15
3 2 79 14
8 2 78 14
4 2 79 15
3 2 78 27
7 2 81 27
4 2 81 28
1 2 78 36
7 2 78 37
7 2 82 37
1 2 78 47
3 2 78 60
2 2 84 3
8 2 78 69
8 2 79 69
8 2 84 68
4 2 78 71
7 2 78 74
5 2 80 74
8 2 78 89
1 2 78 93
8 2 83 92
6 2 87 59
8 2 80 92
8 2 81 93
6 2 77 4
1 2 77 16
8 2 80 17
1 2 80 17
2 2 79 17
4 2 77 27
1 2 78 5
3 2 80 28
5 2 77 29
2 2 79 29
6 2 77 28
5 2 79 29
1 2 78 27
8 2 77 29
6 2 77 30
8 2 77 32
1 2 78 33
8 2 81 4
6 2 81 32
5 2 77 33
3 2 77 32
8 2 77 32
4 2 77 61
2 2 77 67
6 2 84 62
6 2 77 68
4 2 77 75
2 2 81 76
1 2 79 76
8 2 81 77
7 2 85 78
8 2 85 79
6 2 81 78
6 2 77 77
4 2 77 77
3 2 77 81
3 2 77 86
5 2 77 89
8 2 80 88
8 2 78 89
8 2 76 19
6 2 83 20
1 2 82 20
7 2 79 18
6 2 82 18
8 2 76 21
6 2 76 47
2 2 79 46
6 2 81 45
8 2 80 45
7 2 76 49
4 2 79 48
6 2 78 48
7 2 78 48
2 2 76 53
7 2 80 51
5 2 80 50
2 2 82 51
3 2 81 51
3 2 79 50
2 2 76 71
6 2 76 72
5 2 78 73
3 2 76 74
3 2 86 75
1 2 77 75
4 2 76 94
7 2 75 6
3 2 75 8
1 2 75 17
4 2 75 19
3 2 76 18
6 2 75 18
2 2 75 20
4 2 75 21
8 2 75 26
8 2 87 26
7 2 83 25
7 2 80 26
1 2 75 31
8 2 79 32
1 2 79 33
8 2 78 33
5 2 76 30
8 2 75 41
3 2 80 41
6 2 79 40
1 2 80 41
6 2 84 43
8 2 79 39
5 2 79 38
7 2 75 53
2 2 75 58
8 2 77 59
6 2 75 62
8 2 76 63
8 2 75 77
6 2 83 78
7 2 83 79
5 2 82 77
5 2 80 78
2 2 76 76
7 2 76 75
8 2 75 82
5 2 78 83
5 2 75 87
2 2 76 85
2 2 75 87
8 2 75 89
4 2 83 90
4 2 80 89
2 2 81 89
2 2 75 94
4 2 86 94
1 2 75 95
1 2 75 100
7 2 74 11
6 2 77 11
5 2 78 12
1 2 77 10
8 2 77 11
7 2 76 11
2 2 74 12
4 2 74 23
2 2 74 47
2 2 74 54
7 2 74 56
5 2 74 57
2 2 74 67
3 2 77 66
5 2 74 69
1 2 74 81
5 2 74 84
8 2 80 84
7 2 81 84
2 2 81 83
7 2 76 84
6 2 74 84
4 2 74 98
5 2 79 98
7 2 82 99
2 2 80 99
3 2 75 98
3 2 79 99
2 2 74 97
6 2 83 96
3 2 83 96
2 2 82 96
5 2 83 97
1 2 82 97
8 2 78 98
4 2 81 97
4 2 78 99
6 2 74 98
1 2 73 6
1 2 79 5
4 2 73 17
8 2 73 25
4 2 78 26
3 2 73 26
2 2 77 25
2 2 79 24
6 2 79 25
4 2 77 24
2 2 75 26
3 2 73 36
7 2 73 39
2 2 81 37
1 2 73 43
4 2 79 42
3 2 73 44
7 2 73 46
3 2 73 48
3 2 75 48
2 2 73 60
3 2 73 62
6 2 73 65
8 2 78 66
1 2 77 66
5 2 80 65
1 2 75 64
6 2 79 64
1 2 73 72
7 2 73 78
6 2 76 63
4 2 79 64
3 2 78 64
6 2 74 79
6 2 76 79
2 2 73 80
3 2 73 79
1 2 75 78
5 2 73 92
2 2 79 92
4 2 75 92
2 2 73 91
3 2 82 80
7 2 75 92
3 2 72 7
3 2 77 7
7 2 76 8
5 2 77 8
1 2 75 8
6 2 74 7
2 2 72 8
7 2 81 9
2 2 76 9
4 2 74 9
1 2 72 15
4 2 77 14
5 2 72 22
1 2 72 26
5 2 76 27
8 2 75 27
4 2 72 40
1 2 72 44
1 2 82 92
5 2 76 43
6 2 77 42
8 2 72 48
6 2 72 52
7 2 73 49
8 2 74 48
5 2 73 50
5 2 72 54
1 2 72 57
2 2 80 58
1 2 73 52
5 2 72 65
2 2 78 64
7 2 75 64
2 2 76 66
7 2 77 66
6 2 72 82
5 2 75 81
6 2 72 97
3 2 77 97
8 2 72 98
5 2 78 99
7 2 77 99
3 2 71 4
7 2 71 10
5 2 71 11
1 2 71 10
1 2 71 13
6 2 71 19
4 2 74 19
7 2 72 19
1 2 75 19
1 2 79 20
8 2 79 20
3 2 79 21
5 2 74 20
8 2 71 32
5 2 71 35
7 2 75 34
3 2 75 36
2 2 74 36
6 2 74 37
4 2 76 39
3 2 79 38
6 2 72 36
3 2 75 36
1 2 74 36
4 2 75 37
6 2 74 37
5 2 73 35
2 2 71 36
4 2 72 37
5 2 73 38
4 2 71 35
8 2 71 42
7 2 75 42
6 2 71 41
8 2 77 42
2 2 76 43
7 2 71 48
4 2 71 48
7 2 71 55
8 2 71 56
2 2 71 56
5 2 72 55
3 2 71 65
4 2 77 66
8 2 76 64
2 2 74 64
4 2 71 68
8 2 72 69
7 2 72 69
3 2 71 69
6 2 71 75
8 2 72 75
3 2 71 75
4 2 71 89
3 2 70 2
6 2 83 2
1 2 82 2
1 2 81 59
6 2 78 1
2 2 77 1
4 2 71 1
7 2 77 2
8 2 79 2
8 2 70 10
2 2 70 13
5 2 70 19
8 2 72 18
6 2 70 30
7 2 75 29
6 2 74 29
7 2 73 31
7 2 72 29
2 2 73 28
2 2 70 35
6 2 70 35
1 2 70 47
5 2 70 67
2 2 70 73
5 2 77 1
1 2 76 73
6 2 72 71
2 2 70 79
1 2 70 91
8 2 72 91
3 2 76 73
4 2 71 91
6 2 69 11
2 2 69 23
8 2 71 24
3 2 70 24
6 2 73 21
5 2 70 90
6 2 72 90
6 2 75 24
1 2 74 25
1 2 73 90
1 2 69 45
6 2 73 45
3 2 76 46
5 2 75 44
7 2 72 45
4 2 72 45
8 2 70 45
1 2 69 54
4 2 69 55
1 2 69 66
7 2 69 74
5 2 69 78
5 2 72 78
8 2 76 77
3 2 75 78
6 2 71 78
5 2 69 86
1 2 74 85
2 2 76 86
7 2 73 86
3 2 79 89
2 2 69 90
3 2 76 89
5 2 69 98
6 2 68 2
6 2 68 9
4 2 68 27
8 2 70 28
5 2 68 29
3 2 68 33
4 2 72 32
8 2 72 33
7 2 74 34
1 2 71 34
4 2 69 32
1 2 70 31
6 2 68 32
5 2 68 37
1 2 69 36
3 2 68 51
1 2 73 50
3 2 68 56
1 2 71 55
5 2 68 74
1 2 77 75
1 2 68 80
8 2 68 86
8 2 74 85
1 2 78 86
3 2 74 86
1 2 68 92
2 2 69 92
1 2 73 86
8 2 73 93
3 2 80 93
5 2 72 86
1 2 68 96
6 2 72 95
2 2 79 94
3 2 67 3
1 2 68 98
4 2 69 97
8 2 73 98
6 2 74 99
3 2 67 9
7 2 67 18
7 2 71 18
1 2 67 27
4 2 67 36
8 2 67 36
5 2 71 35
7 2 69 38
5 2 75 4
2 2 71 38
1 2 78 39
1 2 70 38
7 2 67 42
7 2 67 49
2 2 70 47
6 2 67 66
6 2 67 68
6 2 70 67
4 2 67 73
1 2 70 72
8 2 67 74
4 2 68 75
8 2 69 75
5 2 74 77
5 2 72 76
1 2 67 75
7 2 67 84
3 2 77 39
5 2 72 83
8 2 72 82
3 2 72 85
3 2 67 86
2 2 68 86
3 2 80 87
6 2 76 88
3 2 70 84
7 2 71 84
2 2 70 87
4 2 69 87
5 2 71 88
5 2 67 91
4 2 67 91
4 2 68 90
7 2 67 99
5 2 72 100
1 2 69 98
1 2 66 18
6 2 66 19
8 2 66 20
8 2 75 20
3 2 74 21
7 2 73 20
4 2 71 20
8 2 68 20
1 2 68 20
6 2 66 24
5 2 68 25
2 2 71 26
6 2 70 26
5 2 71 25
5 2 66 24
3 2 73 23
4 2 66 23
2 2 66 36
3 2 66 45
4 2 66 55
8 2 66 54
1 2 66 62
3 2 66 63
3 2 66 65
2 2 66 68
8 2 68 67
1 2 67 67
8 2 66 70
6 2 66 89
1 2 70 88
3 2 66 94
2 2 66 96
1 2 68 89
1 2 66 99
2 2 67 98
6 2 65 29
2 2 65 28
4 2 70 29
2 2 65 42
5 2 73 95
2 2 71 43
8 2 67 43
4 2 65 71
5 2 65 87
1 2 65 92
3 2 64 3
5 2 64 18
1 2 67 18
2 2 64 18
1 2 64 20
3 2 67 21
2 2 66 19
7 2 64 19
3 2 64 23
8 2 70 22
8 2 65 22
2 2 64 35
6 2 65 34
1 2 65 34
7 2 64 34
8 2 64 36
1 2 64 44
7 2 65 43
4 2 70 42
5 2 67 42
6 2 67 44
8 2 66 44
5 2 66 44
4 2 65 44
5 2 64 52
7 2 69 51
6 2 67 51
5 2 69 50
2 2 69 49
8 2 64 62
1 2 65 62
4 2 72 63
1 2 69 48
6 2 66 63
7 2 65 61
2 2 64 64
7 2 64 80
2 2 64 85
3 2 64 87
5 2 65 63
1 2 69 64
3 2 64 89
4 2 66 88
2 2 63 7
7 2 64 93
7 2 66 94
4 2 63 9
1 2 64 9
1 2 63 32
7 2 66 32
1 2 66 31
7 2 67 30
7 2 63 38
7 2 66 37
4 2 63 46
8 2 66 46
1 2 63 49
3 2 63 50
4 2 63 57
8 2 73 59
5 2 63 59
5 2 72 6
6 2 63 61
5 2 70 61
6 2 71 61
5 2 71 61
4 2 63 63
5 2 63 65
5 2 68 64
6 2 63 74
6 2 63 78
4 2 71 78
3 2 68 78
3 2 69 78
1 2 67 77
3 2 68 76
7 2 68 77
7 2 63 85
5 2 62 34
4 2 62 37
3 2 62 38
4 2 62 44
7 2 67 43
1 2 66 43
3 2 62 48
7 2 66 47
5 2 68 46
6 2 65 47
3 2 64 47
3 2 62 78
8 2 66 77
1 2 62 86
7 2 65 86
3 2 73 88
5 2 63 85
4 2 62 86
8 2 62 92
7 2 76 58
7 2 62 96
6 2 74 96
6 2 65 96
5 2 65 97
6 2 65 98
1 2 61 15
7 2 76 15
2 2 68 14
6 2 62 14
2 2 73 15
6 2 74 16
5 2 73 16
4 2 72 15
6 2 71 13
1 2 64 13
8 2 71 12
1 2 70 14
2 2 69 15
1 2 68 12
3 2 64 12
3 2 69 11
5 2 67 13
8 2 68 13
7 2 61 20
4 2 61 21
2 2 61 22
6 2 61 26
7 2 61 27
7 2 66 26
2 2 66 26
3 2 65 26
1 2 64 28
3 2 63 27
5 2 64 27
4 2 62 26
8 2 61 30
4 2 61 32
3 2 62 32
2 2 61 31
7 2 61 58
7 2 70 59
8 2 75 58
2 2 76 57
4 2 74 58
7 2 75 57
3 2 73 58
2 2 70 60
7 2 64 57
2 2 62 57
8 2 61 65
4 2 61 68
1 2 68 68
7 2 71 67
4 2 61 99
8 2 64 98
8 2 60 24
1 2 65 25
5 2 60 25
7 2 60 24
2 2 62 25
7 2 60 31
3 2 68 30
3 2 66 31
8 2 60 40
3 2 68 39
8 2 69 40
5 2 60 45
8 2 60 50
6 2 66 49
3 2 65 50
4 2 64 50
8 2 65 50
2 2 62 52
4 2 72 53
2 2 61 50
8 2 60 58
5 2 62 57
3 2 69 58
1 2 69 59
6 2 69 59
6 2 64 57
1 2 63 57
4 2 61 58
8 2 63 59
5 2 65 60
1 2 61 59
7 2 60 64
5 2 60 67
6 2 60 72
5 2 64 71
6 2 66 70
7 2 73 72
5 2 67 70
4 2 60 93
2 2 60 95
6 2 61 94
7 2 60 99
5 2 62 99
7 2 59 6
6 2 71 4
8 2 71 3
7 2 72 4
2 2 66 94
4 2 66 95
4 2 65 5
1 2 65 6
4 2 71 3
3 2 72 4
8 2 59 6
6 2 69 6
5 2 61 7
6 2 59 5
7 2 65 4
1 2 69 4
4 2 65 3
6 2 65 7
1 2 64 7
5 2 63 8
1 2 59 7
8 2 60 8
4 2 62 7
2 2 61 7
3 2 61 6
5 2 67 2
6 2 62 6
8 2 60 6
8 2 59 16
5 2 61 8
4 2 60 17
2 2 67 17
8 2 64 16
6 2 62 16
7 2 62 15
1 2 59 18
8 2 59 18
3 2 59 20
7 2 59 21
5 2 59 21
1 2 60 22
3 2 65 16
3 2 59 23
3 2 59 26
2 2 59 38
7 2 59 38
4 2 59 50
7 2 60 51
8 2 60 50
4 2 61 26
4 2 59 70
3 2 63 69
5 2 61 70
7 2 65 69
2 2 63 71
4 2 59 75
4 2 69 51
5 2 65 76
7 2 59 76
6 2 61 77
2 2 63 76
1 2 59 87
6 2 60 86
6 2 59 99
4 2 58 1
7 2 58 11
1 2 59 13
6 2 64 13
2 2 63 13
7 2 65 76
1 2 58 11
4 2 58 10
6 2 58 13
7 2 61 11
5 2 59 14
4 2 58 27
4 2 58 31
6 2 62 30
4 2 58 34
3 2 63 34
1 2 62 34
4 2 65 12
8 2 61 34
3 2 64 33
2 2 58 34
5 2 58 35
2 2 58 36
7 2 58 42
7 2 58 47
5 2 60 47
5 2 58 52
6 2 64 53
7 2 63 53
1 2 63 53
5 2 58 61
2 2 64 61
6 2 63 61
6 2 58 63
4 2 61 64
7 2 61 63
5 2 72 62
6 2 65 43
1 2 65 62
8 2 64 62
3 2 58 75
6 2 58 78
4 2 58 80
1 2 62 78
2 2 61 64
6 2 62 80
6 2 63 63
8 2 61 79
6 2 58 83
1 2 60 80
4 2 68 82
5 2 68 83
6 2 67 80
8 2 67 81
2 2 62 79
1 2 58 84
3 2 66 83
7 2 58 88
2 2 63 84
4 2 64 83
2 2 67 84
8 2 64 89
8 2 67 91
2 2 63 89
3 2 57 1
7 2 59 1
2 2 71 82
7 2 62 2
2 2 57 8
7 2 57 15
3 2 59 16
6 2 58 17
7 2 62 8
1 2 57 16
4 2 59 17
1 2 58 17
1 2 60 16
4 2 57 21
8 2 58 22
3 2 57 22
7 2 57 28
6 2 58 28
8 2 57 51
3 2 58 28
2 2 59 29
1 2 59 51
1 2 58 29
8 2 57 53
1 2 57 74
8 2 57 75
2 2 65 54
2 2 66 74
2 2 56 3
3 2 56 9
5 2 57 8
3 2 56 19
2 2 58 18
6 2 57 19
4 2 56 26
2 2 56 43
8 2 59 43
3 2 59 44
7 2 59 43
4 2 62 44
8 2 59 44
6 2 60 45
3 2 57 43
7 2 56 46
1 2 56 50
6 2 59 50
2 2 56 53
2 2 60 52
3 2 62 53
3 2 56 61
5 2 57 61
2 2 56 62
7 2 60 62
4 2 56 66
4 2 56 69
1 2 56 78
8 2 56 94
4 2 68 55
8 2 70 54
6 2 65 94
8 2 63 93
3 2 66 92
4 2 62 93
6 2 55 3
7 2 60 3
3 2 62 3
6 2 59 2
1 2 55 9
7 2 56 94
3 2 58 9
6 2 55 17
8 2 58 94
5 2 56 17
5 2 60 16
5 2 55 30
8 2 55 39
4 2 57 39
3 2 63 40
7 2 62 40
3 2 59 16
3 2 55 40
8 2 64 41
5 2 59 40
4 2 56 40
2 2 59 39
4 2 61 39
5 2 58 40
5 2 55 65
5 2 55 67
5 2 55 72
6 2 65 73
5 2 55 76
8 2 60 76
3 2 55 77
2 2 55 81
6 2 56 80
6 2 63 81
8 2 67 67
2 2 61 81
6 2 55 99
5 2 57 98
1 2 67 97
3 2 60 81
5 2 61 82
8 2 57 100
3 2 55 100
2 2 54 2
5 2 59 3
4 2 54 3
6 2 66 3
7 2 65 4
5 2 58 2
3 2 57 2
4 2 54 6
2 2 58 5
1 2 59 4
8 2 58 4
5 2 54 16
4 2 54 22
2 2 68 23
5 2 54 26
6 2 54 47
1 2 55 47
4 2 54 47
7 2 61 46
5 2 54 57
1 2 56 56
7 2 60 55
3 2 56 57
2 2 61 58
1 2 57 59
5 2 60 60
1 2 56 57
3 2 54 62
4 2 55 60
4 2 56 59
7 2 57 60
3 2 56 60
2 2 55 59
1 2 55 63
2 2 65 62
3 2 59 62
4 2 54 70
1 2 62 70
5 2 62 69
7 2 62 70
2 2 61 71
7 2 54 82
8 2 58 82
5 2 67 97
4 2 58 81
7 2 54 86
3 2 56 85
1 2 59 83
1 2 57 85
2 2 55 85
6 2 62 84
8 2 57 84
2 2 54 91
3 2 58 90
7 2 66 89
5 2 64 89
2 2 62 91
4 2 68 93
1 2 67 93
7 2 63 90
8 2 57 90
1 2 60 91
3 2 61 92
2 2 56 91
4 2 65 93
5 2 60 92
6 2 56 90
7 2 56 91
8 2 55 91
8 2 53 17
7 2 54 18
3 2 53 26
7 2 54 26
2 2 55 27
7 2 53 30
8 2 64 29
4 2 53 32
5 2 67 34
8 2 54 33
5 2 53 38
1 2 57 37
1 2 63 38
6 2 57 36
4 2 53 40
7 2 54 40
6 2 60 41
6 2 62 42
5 2 56 39
2 2 57 40
4 2 53 44
6 2 53 50
7 2 54 50
8 2 53 55
2 2 64 55
4 2 60 56
3 2 65 55
4 2 58 55
5 2 53 75
8 2 53 77
8 2 53 80
1 2 67 80
7 2 52 19
1 2 53 18
7 2 53 95
8 2 60 94
5 2 60 96
6 2 55 20
6 2 53 94
6 2 57 95
7 2 56 95
8 2 52 27
6 2 52 33
6 2 54 33
4 2 52 38
3 2 52 57
3 2 56 57
3 2 58 96
1 2 52 59
4 2 52 59
7 2 57 58
8 2 52 63
7 2 53 63
1 2 52 74
3 2 58 73
7 2 57 73
6 2 56 73
5 2 56 73
2 2 55 73
6 2 52 77
2 2 57 79
6 2 60 56
7 2 57 80
1 2 57 79
7 2 52 85
2 2 55 78
6 2 52 88
3 2 60 84
1 2 60 83
3 2 52 92
3 2 51 4
7 2 58 5
5 2 59 4
1 2 58 4
8 2 55 6
6 2 51 11
6 2 52 10
1 2 53 9
8 2 53 8
8 2 55 8
4 2 59 7
4 2 51 18
5 2 52 20
8 2 51 20
5 2 51 19
5 2 54 20
3 2 51 38
8 2 51 67
1 2 61 88
1 2 58 66
7 2 51 79
7 2 52 67
6 2 60 66
3 2 63 67
4 2 62 68
1 2 54 67
2 2 54 68
6 2 55 68
2 2 57 69
3 2 53 67
7 2 58 66
2 2 51 78
8 2 51 85
3 2 51 85
1 2 55 84
1 2 51 95
1 2 53 95
7 2 50 22
7 2 50 28
1 2 51 28
8 2 55 29
7 2 54 28
2 2 54 29
6 2 57 31
5 2 50 31
4 2 52 30
4 2 50 30
6 2 50 31
6 2 50 42
4 2 52 41
5 2 53 43
2 2 56 44
8 2 53 42
3 2 52 40
6 2 54 39
5 2 50 44
2 2 52 43
6 2 52 43
1 2 60 44
4 2 60 45
4 2 51 43
6 2 50 46
3 2 54 46
5 2 50 72
8 2 57 71
5 2 59 72
4 2 62 73
1 2 52 70
3 2 52 72
8 2 51 73
2 2 50 73
1 2 59 72
2 2 50 93
4 2 53 94
1 2 55 95
1 2 49 3
4 2 51 4
8 2 56 3
8 2 50 1
7 2 49 6
1 2 49 20
4 2 53 19
2 2 49 42
1 2 49 48
1 2 49 58
7 2 51 59
1 2 49 67
5 2 51 66
8 2 52 66
2 2 49 69
5 2 51 69
3 2 52 68
6 2 50 68
4 2 50 69
5 2 52 70
8 2 49 74
4 2 49 78
1 2 49 78
3 2 49 85
5 2 50 86
7 2 53 86
7 2 49 88
5 2 65 80
6 2 61 89
8 2 58 89
7 2 58 89
3 2 49 94
7 2 48 4
7 2 51 4
5 2 48 4
2 2 48 20
8 2 48 20
7 2 48 24
7 2 64 24
2 2 59 25
5 2 58 25
2 2 57 24
1 2 52 25
5 2 62 24
3 2 54 25
6 2 50 23
2 2 51 23
3 2 48 23
8 2 52 22
2 2 48 31
5 2 57 30
5 2 51 30
5 2 49 31
7 2 48 51
3 2 55 51
1 2 51 50
8 2 48 53
4 2 50 52
3 2 55 53
1 2 53 51
5 2 53 53
7 2 53 54
1 2 50 51
1 2 48 55
4 2 52 56
6 2 52 57
1 2 51 56
3 2 50 56
2 2 51 57
4 2 48 55
7 2 48 58
6 2 48 65
7 2 48 66
2 2 51 65
1 2 48 76
6 2 48 76
6 2 56 76
6 2 50 75
4 2 48 81
3 2 51 81
3 2 55 80
5 2 53 80
2 2 58 79
7 2 48 91
4 2 48 93
5 2 48 93
6 2 57 92
4 2 47 22
8 2 62 22
7 2 47 32
1 2 55 33
2 2 51 31
3 2 54 32
1 2 49 34
6 2 52 35
1 2 55 36
2 2 58 37
5 2 57 37
4 2 47 34
1 2 48 33
4 2 47 36
2 2 57 35
8 2 51 35
2 2 50 35
2 2 53 36
2 2 47 49
8 2 48 50
5 2 50 50
1 2 47 62
5 2 51 61
7 2 50 61
8 2 49 61
4 2 47 66
1 2 49 66
7 2 51 66
3 2 51 65
5 2 48 65
6 2 47 66
3 2 47 73
2 2 47 75
2 2 47 79
5 2 48 79
4 2 49 80
7 2 47 87
2 2 46 2
8 2 46 4
7 2 46 9
2 2 47 93
6 2 48 92
3 2 49 93
7 2 46 15
2 2 52 10
5 2 54 11
7 2 52 14
2 2 46 19
2 2 50 18
4 2 47 19
3 2 47 20
2 2 51 21
1 2 46 26
6 2 52 25
4 2 48 25
8 2 48 26
1 2 46 32
3 2 48 34
3 2 47 32
2 2 46 34
8 2 46 41
5 2 46 43
3 2 48 42
4 2 46 43
3 2 46 42
7 2 46 48
5 2 46 48
3 2 46 64
5 2 49 63
2 2 46 72
4 2 48 72
5 2 46 75
2 2 46 87
1 2 46 96
8 2 56 15
2 2 56 97
3 2 55 98
6 2 45 4
1 2 45 5
1 2 52 6
1 2 47 6
2 2 49 5
5 2 45 10
6 2 50 9
2 2 51 8
2 2 50 9
4 2 45 14
8 2 57 13
1 2 48 13
4 2 57 98
4 2 48 15
8 2 45 27
2 2 46 26
8 2 53 27
4 2 46 28
8 2 45 33
8 2 48 32
7 2 45 34
4 2 45 45
8 2 47 46
1 2 45 50
3 2 47 49
8 2 45 58
3 2 45 68
8 2 45 75
5 2 54 76
1 2 49 76
6 2 45 78
4 2 47 79
4 2 45 77
7 2 45 81
6 2 45 91
1 2 52 92
5 2 44 12
7 2 44 37
6 2 44 54
8 2 55 53
6 2 48 55
4 2 44 75
1 2 44 76
4 2 45 75
4 2 43 1
7 2 58 1
7 2 49 1
3 2 47 1
1 2 46 1
6 2 43 23
8 2 45 23
5 2 49 24
2 2 43 22
6 2 45 24
3 2 44 21
2 2 43 26
1 2 47 25
8 2 43 36
5 2 52 37
3 2 51 37
7 2 51 38
1 2 46 37
5 2 46 38
6 2 43 47
2 2 44 49
8 2 44 49
4 2 49 51
7 2 50 51
3 2 50 52
8 2 43 51
6 2 51 52
6 2 45 52
8 2 43 69
2 2 48 69
6 2 47 69
2 2 49 69
5 2 43 69
1 2 44 69
5 2 55 70
1 2 45 68
6 2 43 69
8 2 47 70
5 2 43 93
2 2 50 94
6 2 45 94
7 2 43 98
1 2 50 97
4 2 52 98
5 2 58 96
4 2 43 98
5 2 42 11
3 2 47 11
6 2 45 11
5 2 47 10
2 2 44 10
2 2 46 9
7 2 43 11
7 2 42 17
3 2 48 17
4 2 48 17
7 2 46 17
5 2 46 18
6 2 45 17
4 2 42 34
5 2 42 62
2 2 51 62
5 2 53 12
5 2 51 63
4 2 46 63
4 2 49 62
5 2 50 63
5 2 52 64
8 2 51 64
4 2 50 64
8 2 43 62
5 2 42 65
1 2 44 66
8 2 42 77
5 2 42 98
3 2 53 62
4 2 52 62
5 2 41 13
8 2 47 12
5 2 54 99
2 2 51 13
1 2 55 12
8 2 41 20
2 2 41 20
6 2 41 28
8 2 44 12
6 2 43 13
2 2 43 29
2 2 41 29
6 2 41 38
6 2 49 29
2 2 41 39
1 2 49 39
1 2 51 39
1 2 43 40
6 2 41 43
1 2 41 46
7 2 47 47
2 2 46 47
5 2 44 46
7 2 44 45
3 2 42 46
3 2 41 49
1 2 51 48
2 2 43 48
6 2 45 47
3 2 41 83
6 2 52 82
4 2 54 83
8 2 51 83
6 2 51 83
2 2 56 45
1 2 50 83
5 2 48 83
6 2 45 83
7 2 40 28
3 2 40 38
2 2 44 37
6 2 43 38
6 2 48 40
1 2 40 53
2 2 40 55
3 2 43 54
4 2 45 82
3 2 48 81
7 2 44 83
8 2 49 53
1 2 49 54
7 2 41 54
4 2 41 55
5 2 43 54
2 2 43 55
2 2 44 56
8 2 40 57
2 2 40 59
3 2 41 59
6 2 49 61
7 2 43 58
6 2 40 58
2 2 42 58
1 2 49 57
3 2 40 87
3 2 50 82
8 2 49 87
3 2 49 87
6 2 43 87
1 2 40 94
8 2 42 86
3 2 39 8
2 2 50 7
2 2 42 94
6 2 44 7
6 2 47 95
5 2 49 6
3 2 46 96
8 2 48 96
8 2 42 95
2 2 41 96
8 2 50 96
8 2 43 96
8 2 46 96
7 2 47 95
5 2 46 95
5 2 45 98
1 2 43 97
4 2 44 96
5 2 46 97
3 2 52 98
1 2 47 99
1 2 49 99
3 2 43 98
5 2 39 15
8 2 47 15
1 2 46 15
2 2 39 14
8 2 49 99
3 2 48 100
2 2 48 99
6 2 39 25
8 2 45 24
1 2 51 23
1 2 45 23
8 2 39 55
7 2 42 54
3 2 42 53
5 2 39 62
2 2 47 61
2 2 39 64
2 2 39 66
2 2 52 13
4 2 42 68
1 2 39 65
4 2 41 66
7 2 39 68
5 2 41 68
4 2 39 94
8 2 39 95
3 2 41 68
7 2 39 96
8 2 39 100
6 2 41 96
2 2 41 95
4 2 40 96
7 2 41 96
5 2 40 97
1 2 38 2
5 2 40 1
5 2 43 2
2 2 39 2
2 2 43 99
7 2 38 4
4 2 38 5
7 2 38 20
5 2 38 23
3 2 38 28
6 2 45 22
5 2 42 29
8 2 40 29
4 2 38 34
5 2 41 34
2 2 42 36
7 2 38 38
5 2 41 37
2 2 39 38
4 2 38 44
3 2 38 51
3 2 44 52
6 2 44 52
5 2 38 67
3 2 38 66
8 2 38 69
3 2 38 79
1 2 44 79
8 2 45 30
6 2 47 81
6 2 39 79
1 2 38 84
3 2 45 84
5 2 49 84
4 2 42 85
8 2 44 85
7 2 38 85
3 2 42 85
1 2 42 86
3 2 50 30
7 2 49 30
6 2 48 30
7 2 48 30
6 2 42 86
7 2 43 85
4 2 42 86
1 2 39 84
2 2 41 85
6 2 38 87
1 2 52 88
3 2 38 99
1 2 40 99
8 2 39 88
5 2 49 90
2 2 39 98
1 2 37 5
5 2 44 4
3 2 42 4
4 2 39 98
4 2 37 12
3 2 42 11
7 2 45 2
5 2 44 2
4 2 42 12
6 2 37 18
7 2 43 17
6 2 45 10
8 2 45 16
1 2 37 25
8 2 37 36
4 2 40 35
6 2 39 37
3 2 37 41
3 2 38 41
7 2 37 41
5 2 46 41
6 2 45 41
5 2 38 40
6 2 37 40
5 2 39 40
3 2 43 41
2 2 44 41
2 2 42 39
1 2 42 41
7 2 41 39
7 2 38 41
8 2 38 40
1 2 40 41
6 2 39 41
2 2 37 41
8 2 42 40
3 2 41 42
6 2 37 47
7 2 40 46
2 2 37 46
4 2 37 48
8 2 38 49
4 2 40 50
3 2 40 51
4 2 43 52
5 2 37 57
1 2 37 59
4 2 37 74
1 2 45 73
7 2 49 9
3 2 37 95
8 2 40 95
1 2 40 94
1 2 37 98
1 2 40 97
3 2 36 1
8 2 36 8
4 2 48 8
7 2 42 7
1 2 41 7
4 2 41 6
5 2 53 72
2 2 43 5
8 2 42 5
6 2 36 7
5 2 36 48
1 2 36 63
3 2 36 65
2 2 36 64
8 2 36 71
3 2 40 7
7 2 40 72
7 2 36 77
6 2 43 76
6 2 40 78
6 2 46 5
8 2 43 78
1 2 38 77
3 2 42 76
6 2 36 79
8 2 36 88
2 2 42 76
8 2 41 76
7 2 41 76
7 2 36 91
2 2 46 90
4 2 52 90
2 2 53 89
1 2 40 90
8 2 36 94
7 2 36 98
6 2 38 100
5 2 36 99
7 2 35 17
4 2 35 19
8 2 37 19
4 2 37 19
8 2 41 20
3 2 39 19
7 2 40 19
5 2 35 18
1 2 35 30
1 2 45 29
6 2 45 30
5 2 43 30
7 2 43 31
2 2 42 31
6 2 42 31
2 2 44 33
5 2 35 46
8 2 40 45
8 2 35 46
4 2 40 45
8 2 36 45
7 2 35 45
5 2 35 62
5 2 48 89
7 2 47 90
2 2 38 61
1 2 43 62
6 2 38 60
4 2 39 62
3 2 35 69
3 2 35 75
5 2 40 76
4 2 35 84
3 2 38 84
1 2 35 89
7 2 42 89
1 2 35 91
5 2 43 90
5 2 41 91
4 2 34 3
8 2 37 2
8 2 46 1
3 2 39 3
6 2 34 9
4 2 40 9
8 2 34 11
8 2 40 10
8 2 43 9
4 2 38 11
1 2 47 70
7 2 37 10
3 2 37 12
1 2 36 12
7 2 38 12
7 2 48 12
8 2 34 28
6 2 35 27
2 2 37 13
2 2 34 36
7 2 38 26
7 2 34 36
3 2 34 45
3 2 34 53
1 2 40 54
7 2 47 35
6 2 35 52
1 2 35 52
1 2 40 52
1 2 48 51
4 2 37 52
5 2 36 52
4 2 34 58
8 2 46 57
1 2 35 57
7 2 42 57
2 2 41 57
6 2 40 56
2 2 34 57
4 2 34 62
2 2 36 56
4 2 35 57
6 2 34 69
2 2 34 72
4 2 42 71
3 2 41 63
1 2 34 73
7 2 34 77
6 2 34 87
7 2 37 78
3 2 33 6
4 2 33 10
1 2 36 10
2 2 33 32
5 2 40 86
6 2 38 32
8 2 33 44
2 2 34 43
2 2 33 50
5 2 33 52
2 2 38 53
8 2 33 61
5 2 41 32
8 2 40 62
4 2 33 65
7 2 33 73
2 2 41 61
2 2 35 72
3 2 34 72
7 2 45 73
6 2 34 73
5 2 34 72
6 2 33 88
4 2 46 89
6 2 45 89
8 2 45 90
4 2 44 89
6 2 37 90
1 2 36 87
2 2 38 86
3 2 35 88
3 2 34 89
2 2 40 90
3 2 33 87
4 2 40 86
8 2 38 86
3 2 37 86
6 2 37 87
7 2 47 72
7 2 36 87
6 2 33 91
4 2 32 2
7 2 34 2
5 2 35 4
3 2 37 5
2 2 48 5
6 2 37 5
3 2 32 10
7 2 35 10
3 2 32 15
8 2 34 16
7 2 33 14
5 2 36 13
3 2 35 13
6 2 34 13
2 2 35 12
6 2 35 14
4 2 34 12
5 2 35 11
4 2 34 15
8 2 32 15
5 2 33 14
2 2 48 15
4 2 49 14
6 2 32 14
4 2 40 13
6 2 32 19
3 2 38 19
8 2 33 20
5 2 32 31
2 2 40 31
7 2 33 31
6 2 37 30
3 2 32 49
4 2 35 49
1 2 36 50
6 2 32 49
4 2 44 49
7 2 41 48
2 2 36 50
7 2 35 51
8 2 32 55
6 2 47 54
5 2 46 55
3 2 45 55
5 2 37 54
6 2 36 54
1 2 35 54
7 2 32 75
6 2 33 76
2 2 38 75
8 2 41 74
6 2 39 74
3 2 38 76
4 2 37 76
2 2 42 76
6 2 31 5
7 2 37 6
2 2 31 16
7 2 31 23
5 2 43 24
8 2 34 22
6 2 32 22
3 2 39 21
2 2 31 22
8 2 38 22
6 2 31 23
6 2 31 26
5 2 31 25
2 2 31 38
6 2 32 38
5 2 33 37
1 2 32 37
6 2 31 41
6 2 31 69
8 2 38 70
2 2 36 70
7 2 36 69
2 2 33 69
2 2 34 68
6 2 37 67
4 2 34 70
4 2 33 68
4 2 31 71
8 2 31 80
5 2 33 79
1 2 44 81
5 2 40 80
8 2 44 80
4 2 43 81
5 2 49 81
8 2 43 82
2 2 39 80
8 2 41 81
4 2 49 87
5 2 31 89
4 2 31 94
7 2 40 93
3 2 31 94
6 2 43 93
8 2 31 98
7 2 32 97
3 2 36 97
4 2 35 98
4 2 30 1
6 2 31 2
2 2 30 5
1 2 34 6
3 2 43 7
8 2 30 21
2 2 32 21
5 2 36 20
2 2 36 19
4 2 35 21
1 2 37 21
2 2 35 21
4 2 30 26
6 2 36 27
1 2 30 28
4 2 30 34
8 2 32 33
5 2 37 32
5 2 37 35
5 2 31 34
8 2 30 47
8 2 32 46
2 2 35 47
8 2 30 61
2 2 38 62
6 2 39 61
5 2 38 63
3 2 30 66
6 2 33 66
4 2 43 66
4 2 37 65
3 2 30 74
4 2 36 74
5 2 35 75
1 2 36 75
3 2 36 76
7 2 30 87
2 2 30 96
2 2 29 1
8 2 29 85
3 2 33 85
3 2 28 7
8 2 35 6
5 2 33 6
7 2 35 7
8 2 33 8
3 2 28 33
7 2 28 40
8 2 30 40
3 2 34 40
8 2 28 48
5 2 34 49
5 2 31 50
2 2 29 47
2 2 30 46
5 2 30 48
8 2 30 49
3 2 29 46
6 2 36 45
1 2 29 49
6 2 29 49
1 2 34 48
7 2 28 54
4 2 31 53
6 2 31 54
2 2 39 53
5 2 38 53
7 2 37 53
8 2 28 62
4 2 29 61
8 2 41 60
5 2 38 60
5 2 28 62
7 2 28 66
7 2 30 66
6 2 35 65
2 2 32 67
2 2 30 67
6 2 28 83
4 2 36 84
8 2 28 82
3 2 28 85
8 2 29 84
5 2 28 87
8 2 28 97
8 2 34 81
1 2 30 96
5 2 27 16
8 2 32 15
5 2 31 17
3 2 28 17
7 2 31 16
5 2 27 23
7 2 34 98
2 2 27 33
8 2 35 34
1 2 27 32
4 2 31 31
6 2 27 35
1 2 27 35
5 2 35 36
2 2 27 36
2 2 28 37
3 2 27 49
7 2 32 48
2 2 31 49
4 2 28 48
7 2 27 48
4 2 27 49
8 2 29 50
7 2 27 51
2 2 30 52
3 2 30 53
6 2 38 55
2 2 30 54
3 2 28 52
1 2 27 57
6 2 27 78
4 2 31 78
3 2 28 77
1 2 27 88
1 2 27 91
7 2 35 90
5 2 27 93
4 2 39 23
8 2 30 92
4 2 34 91
3 2 26 18
3 2 26 21
3 2 29 20
2 2 27 22
6 2 28 20
7 2 31 19
1 2 27 94
7 2 26 22
4 2 27 22
5 2 35 23
3 2 26 22
4 2 30 22
4 2 26 55
2 2 36 23
6 2 35 23
5 2 27 55
6 2 26 55
7 2 31 56
4 2 28 54
7 2 26 56
3 2 31 57
7 2 34 56
2 2 31 58
8 2 34 59
1 2 26 61
2 2 28 62
8 2 26 83
4 2 26 88
1 2 26 92
7 2 28 91
8 2 25 12
7 2 33 11
5 2 31 11
8 2 32 9
3 2 31 13
2 2 26 11
7 2 28 10
7 2 26 10
7 2 29 9
3 2 32 8
6 2 28 10
3 2 37 60
8 2 36 60
4 2 26 13
4 2 25 11
8 2 30 12
8 2 26 11
8 2 27 10
2 2 26 10
3 2 25 10
1 2 27 11
3 2 26 11
4 2 34 9
2 2 25 35
6 2 25 50
3 2 25 57
8 2 28 57
3 2 33 35
2 2 25 60
1 2 34 60
6 2 31 59
8 2 25 60
5 2 27 60
1 2 25 69
5 2 25 68
5 2 25 77
3 2 25 83
7 2 27 60
2 2 28 59
6 2 37 58
8 2 25 86
6 2 29 86
2 2 27 86
6 2 25 85
2 2 25 98
2 2 32 99
2 2 29 100
7 2 25 98
3 2 28 97
6 2 32 96
4 2 29 96
8 2 29 97
2 2 29 96
1 2 29 98
6 2 24 8
2 2 28 7
8 2 30 6
2 2 33 5
5 2 29 6
1 2 31 5
6 2 24 10
1 2 24 11
5 2 26 13
4 2 24 14
2 2 24 23
6 2 24 44
4 2 35 43
6 2 35 42
8 2 30 45
6 2 28 43
4 2 28 45
6 2 30 44
1 2 29 44
3 2 35 43
1 2 32 43
7 2 27 44
4 2 26 44
8 2 36 43
3 2 27 45
8 2 38 46
8 2 25 44
7 2 35 43
2 2 34 43
8 2 24 51
6 2 24 58
7 2 31 58
7 2 24 61
2 2 24 67
6 2 29 66
8 2 28 66
1 2 27 66
3 2 27 66
7 2 29 67
6 2 24 68
8 2 25 67
3 2 24 79
3 2 38 82
7 2 38 81
1 2 29 78
6 2 28 78
8 2 30 77
4 2 29 77
1 2 24 97
3 2 32 79
8 2 31 95
7 2 23 3
2 2 29 3
5 2 31 4
3 2 31 5
3 2 28 1
5 2 28 3
6 2 27 3
6 2 29 3
5 2 27 2
3 2 31 4
3 2 26 3
5 2 27 96
1 2 24 3
4 2 24 3
6 2 23 6
4 2 28 7
1 2 29 3
1 2 24 7
7 2 23 18
8 2 23 30
3 2 32 18
3 2 26 31
3 2 24 29
2 2 24 28
7 2 27 28
8 2 40 29
5 2 28 29
3 2 26 27
5 2 34 27
1 2 40 26
7 2 26 29
3 2 28 30
1 2 27 30
4 2 31 29
2 2 23 31
5 2 23 38
1 2 24 37
6 2 28 36
4 2 24 37
4 2 27 37
2 2 28 36
3 2 29 37
8 2 23 38
6 2 25 36
1 2 25 38
7 2 29 39
8 2 24 38
1 2 24 37
6 2 23 37
3 2 23 36
4 2 24 35
8 2 23 35
5 2 23 36
7 2 23 46
5 2 30 47
1 2 29 47
5 2 28 47
8 2 23 57
5 2 25 56
7 2 23 70
2 2 34 71
3 2 32 71
1 2 37 72
6 2 31 71
6 2 34 72
1 2 23 81
2 2 40 26
1 2 28 80
8 2 37 79
1 2 36 80
7 2 26 81
7 2 23 82
6 2 23 84
6 2 22 1
7 2 22 8
3 2 22 7
2 2 22 27
7 2 22 27
1 2 31 26
2 2 25 80
8 2 26 79
8 2 31 80
4 2 33 26
3 2 27 78
4 2 22 29
6 2 23 28
3 2 22 31
5 2 25 32
2 2 22 56
7 2 25 57
2 2 22 61
5 2 27 77
8 2 26 60
3 2 26 59
4 2 24 60
6 2 22 70
2 2 23 70
3 2 22 73
8 2 23 69
4 2 23 72
4 2 22 70
2 2 27 70
4 2 22 77
8 2 24 76
1 2 23 77
3 2 22 86
8 2 22 89
3 2 33 89
8 2 25 70
8 2 30 71
3 2 29 71
7 2 26 71
4 2 25 72
5 2 25 89
7 2 24 90
1 2 22 100
4 2 22 99
1 2 21 3
2 2 24 2
1 2 24 1
4 2 21 9
5 2 32 8
2 2 27 9
2 2 29 9
4 2 24 9
1 2 21 10
5 2 32 91
4 2 21 12
4 2 21 41
5 2 21 43
8 2 23 42
2 2 22 42
8 2 21 68
4 2 23 67
6 2 23 66
1 2 26 65
2 2 22 66
6 2 25 65
3 2 34 9
4 2 22 67
3 2 21 74
8 2 21 80
6 2 31 80
6 2 36 81
1 2 36 82
6 2 26 79
4 2 25 80
4 2 21 94
8 2 20 3
1 2 20 7
5 2 21 6
5 2 29 6
4 2 29 5
6 2 29 4
5 2 20 16
1 2 28 16
4 2 26 15
7 2 24 15
2 2 26 14
1 2 25 14
5 2 25 15
2 2 23 15
1 2 20 19
8 2 32 18
7 2 23 19
1 2 22 19
1 2 23 20
8 2 22 20
4 2 20 34
4 2 25 33
3 2 22 34
7 2 30 33
7 2 21 35
6 2 20 42
2 2 27 42
4 2 27 41
2 2 20 44
5 2 22 43
3 2 20 47
4 2 20 46
2 2 25 45
7 2 20 50
7 2 24 50
6 2 20 54
5 2 20 54
7 2 22 54
5 2 23 54
7 2 29 55
6 2 20 61
5 2 24 62
7 2 27 61
7 2 30 63
6 2 25 61
8 2 30 62
6 2 20 67
5 2 20 76
6 2 20 80
2 2 24 80
5 2 22 75
5 2 22 79
7 2 21 80
2 2 22 79
2 2 24 78
1 2 24 81
4 2 30 79
6 2 23 82
3 2 23 81
5 2 20 83
1 2 22 82
7 2 20 86
2 2 20 86
3 2 24 87
7 2 23 87
2 2 27 85
6 2 20 97
4 2 32 89
3 2 19 2
4 2 19 1
7 2 19 35
1 2 20 34
3 2 19 35
2 2 19 36
7 2 19 42
7 2 23 41
6 2 25 40
3 2 19 51
6 2 23 52
8 2 21 50
4 2 21 49
2 2 19 59
6 2 24 59
5 2 32 58
7 2 19 58
7 2 21 56
3 2 21 59
4 2 19 61
8 2 19 62
2 2 19 75
7 2 31 74
8 2 32 74
3 2 31 74
1 2 29 76
2 2 23 76
7 2 29 75
1 2 19 77
7 2 19 92
8 2 30 91
4 2 28 91
3 2 26 91
6 2 25 92
1 2 26 92
4 2 25 93
3 2 24 92
1 2 19 93
6 2 29 94
8 2 23 94
4 2 26 94
5 2 20 92
3 2 19 92
6 2 18 11
2 2 18 21
7 2 18 39
7 2 20 94
6 2 18 44
4 2 21 38
3 2 20 39
7 2 21 38
2 2 20 38
2 2 18 47
1 2 23 47
5 2 19 47
2 2 23 48
3 2 23 47
6 2 18 60
4 2 23 61
4 2 18 63
3 2 23 65
2 2 21 64
3 2 21 63
4 2 20 64
4 2 23 64
8 2 18 73
6 2 21 72
5 2 19 72
2 2 23 73
5 2 23 74
1 2 22 73
8 2 22 75
3 2 17 11
6 2 20 12
6 2 22 13
3 2 19 11
4 2 17 16
2 2 27 16
3 2 26 16
8 2 17 16
8 2 28 18
6 2 27 19
5 2 18 15
4 2 18 15
6 2 24 14
3 2 17 15
6 2 31 14
1 2 32 13
3 2 17 21
1 2 25 21
6 2 23 21
6 2 34 44
6 2 17 35
5 2 28 34
5 2 21 36
8 2 20 36
4 2 18 36
6 2 17 38
5 2 19 39
7 2 17 44
3 2 17 64
1 2 17 69
4 2 17 72
5 2 21 72
5 2 22 71
4 2 21 72
1 2 18 72
8 2 26 71
2 2 21 71
7 2 17 73
4 2 21 74
7 2 17 76
7 2 26 76
4 2 17 99
1 2 16 18
8 2 26 17
7 2 18 17
1 2 16 27
4 2 26 28
6 2 30 26
8 2 30 25
3 2 23 26
6 2 28 24
6 2 25 24
6 2 26 26
6 2 23 26
4 2 31 23
6 2 30 23
2 2 25 25
4 2 27 24
5 2 24 25
7 2 25 24
3 2 17 28
5 2 31 27
5 2 16 27
4 2 21 25
3 2 24 24
1 2 28 23
1 2 16 34
1 2 17 35
6 2 20 34
1 2 19 35
4 2 16 38
2 2 16 42
4 2 16 43
3 2 22 42
4 2 21 43
8 2 20 44
8 2 19 42
4 2 16 54
8 2 21 55
7 2 16 57
4 2 17 56
2 2 17 55
4 2 20 56
8 2 18 54
8 2 19 53
3 2 17 54
1 2 18 53
1 2 21 52
7 2 20 52
4 2 20 53
1 2 16 56
4 2 16 59
1 2 19 59
6 2 16 61
5 2 19 61
3 2 16 70
7 2 20 72
4 2 31 28
3 2 16 89
2 2 22 88
2 2 21 89
1 2 20 88
5 2 28 90
1 2 17 90
7 2 15 1
2 2 20 1
8 2 21 2
4 2 15 2
4 2 20 2
7 2 19 1
3 2 18 1
2 2 15 16
5 2 15 41
3 2 15 49
1 2 18 51
7 2 16 48
3 2 18 47
3 2 15 65
3 2 15 78
7 2 19 77
2 2 25 79
6 2 20 75
7 2 20 74
1 2 18 78
7 2 24 79
6 2 19 77
8 2 17 76
4 2 19 75
5 2 17 75
6 2 21 74
7 2 16 77
5 2 15 79
5 2 19 80
1 2 18 80
2 2 15 84
5 2 15 89
1 2 23 90
2 2 15 88
4 2 17 89
4 2 15 95
8 2 25 94
5 2 31 72
6 2 30 73
2 2 14 5
2 2 21 4
6 2 14 9
7 2 14 17
7 2 22 17
7 2 14 23
5 2 21 22
7 2 21 21
2 2 27 20
1 2 20 22
6 2 17 22
5 2 17 24
8 2 16 22
3 2 16 24
6 2 14 32
6 2 23 31
2 2 19 31
1 2 19 30
6 2 18 32
6 2 14 65
4 2 14 78
5 2 14 84
5 2 32 83
8 2 24 84
5 2 23 83
8 2 29 83
6 2 19 85
3 2 14 83
8 2 16 82
5 2 14 94
2 2 18 93
5 2 18 92
7 2 23 95
6 2 23 96
4 2 14 97
1 2 13 9
2 2 17 8
4 2 14 10
4 2 13 23
2 2 18 24
5 2 13 28
2 2 16 26
4 2 13 28
6 2 16 29
2 2 21 28
7 2 13 42
5 2 15 42
1 2 18 41
1 2 13 42
2 2 13 49
5 2 19 49
2 2 15 48
8 2 15 47
1 2 15 47
6 2 13 48
1 2 13 56
2 2 17 57
6 2 13 62
4 2 13 63
3 2 13 71
7 2 13 78
3 2 16 77
7 2 13 86
1 2 13 94
7 2 14 94
8 2 13 98
7 2 20 99
7 2 12 16
5 2 14 15
4 2 14 16
5 2 12 23
4 2 13 24
3 2 12 25
4 2 13 25
7 2 14 26
6 2 12 25
4 2 14 25
7 2 13 25
5 2 15 93
7 2 12 28
6 2 16 25
8 2 15 28
5 2 21 29
1 2 20 30
4 2 19 29
8 2 16 30
6 2 12 29
3 2 26 27
1 2 12 34
4 2 18 33
1 2 17 33
2 2 17 33
7 2 12 38
4 2 12 45
8 2 21 45
8 2 12 62
1 2 15 64
5 2 21 64
2 2 12 70
1 2 19 71
7 2 17 71
1 2 14 71
8 2 26 30
5 2 15 73
4 2 12 81
4 2 15 82
6 2 13 79
2 2 12 79
5 2 12 78
5 2 12 87
4 2 19 86
6 2 16 88
8 2 12 96
5 2 17 95
2 2 12 97
2 2 20 97
4 2 16 98
5 2 11 3
1 2 11 12
3 2 19 13
2 2 11 14
6 2 13 13
7 2 12 13
2 2 11 17
6 2 12 16
1 2 31 17
5 2 29 17
5 2 11 21
4 2 12 20
7 2 20 19
4 2 18 20
2 2 18 20
2 2 19 19
5 2 17 21
1 2 11 37
4 2 11 37
3 2 15 36
1 2 11 47
2 2 11 46
2 2 16 47
4 2 15 45
8 2 11 55
6 2 11 58
2 2 12 57
5 2 11 58
1 2 11 61
5 2 14 61
2 2 14 61
1 2 13 61
7 2 12 60
3 2 11 60
4 2 11 59
4 2 11 65
8 2 14 66
8 2 11 72
6 2 10 4
1 2 25 4
7 2 24 4
4 2 13 4
3 2 15 3
3 2 10 13
2 2 10 25
5 2 17 24
1 2 10 33
8 2 14 33
2 2 10 36
4 2 10 48
5 2 10 56
8 2 11 56
5 2 10 62
3 2 17 62
6 2 21 62
7 2 16 63
1 2 10 64
8 2 10 69
4 2 16 70
4 2 12 68
5 2 10 78
3 2 13 77
4 2 12 77
1 2 12 76
3 2 12 79
1 2 10 82
6 2 24 83
8 2 17 83
3 2 22 84
7 2 21 85
4 2 14 69
7 2 13 70
7 2 13 84
4 2 10 93
1 2 16 94
2 2 15 94
3 2 14 94
2 2 22 94
2 2 13 92
1 2 25 91
8 2 23 91
8 2 24 90
3 2 9 7
2 2 19 5
3 2 21 6
8 2 18 6
6 2 22 5
2 2 17 7
5 2 18 7
7 2 10 6
4 2 17 5
8 2 14 7
2 2 10 8
3 2 15 8
5 2 14 9
1 2 19 9
8 2 9 8
5 2 9 18
8 2 21 17
1 2 10 17
7 2 14 18
6 2 10 18
3 2 9 17
1 2 9 18
1 2 9 31
6 2 9 30
6 2 19 31
2 2 18 31
8 2 18 32
5 2 12 31
4 2 16 32
8 2 11 32
5 2 15 31
2 2 10 32
7 2 11 32
4 2 12 33
8 2 15 34
6 2 10 32
5 2 9 36
5 2 11 36
6 2 9 37
3 2 9 43
2 2 11 43
7 2 10 43
5 2 11 42
6 2 12 41
3 2 15 40
8 2 10 42
7 2 9 61
2 2 9 62
3 2 9 64
6 2 10 63
5 2 9 73
3 2 9 87
5 2 16 88
7 2 9 87
5 2 9 88
6 2 9 93
7 2 13 92
4 2 14 91
1 2 12 94
3 2 12 95
4 2 15 96
5 2 8 19
6 2 8 22
8 2 10 21
4 2 11 22
6 2 11 21
4 2 9 21
7 2 12 20
4 2 11 21
7 2 8 50
6 2 16 51
4 2 19 51
7 2 23 52
5 2 19 52
1 2 18 51
6 2 18 52
4 2 9 49
4 2 11 48
3 2 10 48
8 2 9 50
8 2 8 59
4 2 8 65
8 2 14 64
2 2 9 64
1 2 12 65
5 2 8 65
7 2 18 65
2 2 10 65
2 2 8 67
1 2 8 66
5 2 8 68
3 2 10 67
4 2 8 70
6 2 8 90
2 2 12 89
4 2 7 16
5 2 7 17
5 2 7 25
4 2 7 27
6 2 13 28
2 2 7 41
7 2 10 40
4 2 18 39
1 2 16 39
1 2 12 39
3 2 11 39
2 2 7 57
6 2 7 66
1 2 7 72
3 2 9 71
1 2 8 71
2 2 7 73
8 2 7 77
1 2 8 76
1 2 7 84
4 2 17 83
3 2 17 82
6 2 8 84
8 2 7 86
4 2 10 83
6 2 10 82
7 2 11 82
2 2 14 82
3 2 12 83
3 2 7 98
6 2 15 81
3 2 9 97
3 2 21 99
6 2 24 99
1 2 15 99
7 2 21 99
6 2 20 100
2 2 19 99
7 2 6 15
6 2 6 37
1 2 10 37
5 2 9 37
1 2 7 36
7 2 6 42
5 2 8 44
2 2 14 45
2 2 11 44
6 2 11 44
3 2 10 44
7 2 7 42
8 2 7 41
4 2 10 42
1 2 9 43
2 2 6 47
3 2 8 46
3 2 7 47
3 2 6 62
6 2 17 99
7 2 8 63
5 2 6 70
1 2 10 69
7 2 6 82
7 2 11 82
7 2 6 89
7 2 10 88
8 2 9 89
8 2 11 90
5 2 12 90
6 2 8 88
4 2 10 89
1 2 17 63
4 2 5 11
7 2 9 11
5 2 11 11
6 2 20 11
2 2 19 11
2 2 8 12
6 2 10 11
4 2 9 12
6 2 23 11
1 2 10 13
5 2 16 12
4 2 10 14
6 2 5 14
8 2 5 16
5 2 5 21
3 2 10 22
5 2 5 28
4 2 5 36
1 2 5 38
6 2 14 39
7 2 5 39
1 2 7 38
2 2 15 39
3 2 5 41
7 2 5 44
8 2 7 45
6 2 7 44
2 2 5 43
8 2 5 49
5 2 6 50
3 2 14 51
4 2 15 52
2 2 16 53
2 2 14 52
1 2 16 53
3 2 15 53
5 2 13 51
7 2 14 52
5 2 14 53
5 2 9 49
2 2 8 51
5 2 7 50
7 2 5 50
5 2 5 54
6 2 13 52
6 2 5 53
2 2 5 74
2 2 7 75
2 2 10 76
5 2 6 75
8 2 5 75
8 2 5 81
3 2 5 97
5 2 5 96
3 2 4 1
1 2 7 2
7 2 4 6
3 2 21 5
2 2 7 5
1 2 15 7
8 2 4 37
2 2 6 35
4 2 9 33
3 2 9 32
2 2 4 37
1 2 4 40
8 2 4 42
8 2 4 46
1 2 13 47
1 2 5 45
7 2 5 47
8 2 4 51
1 2 4 70
1 2 21 69
7 2 4 75
1 2 4 81
8 2 10 81
1 2 4 88
7 2 9 89
1 2 9 88
4 2 8 88
1 2 7 87
6 2 9 90
2 2 6 88
3 2 5 89
8 2 4 89
1 2 8 89
2 2 12 86
7 2 17 84
6 2 7 89
5 2 6 89
2 2 4 89
5 2 4 91
8 2 9 92
5 2 19 90
1 2 4 94
7 2 8 94
3 2 5 92
7 2 16 93
3 2 3 5
1 2 3 10
6 2 9 91
7 2 11 9
8 2 5 9
1 2 3 28
1 2 3 42
7 2 3 49
6 2 7 49
7 2 3 59
1 2 6 57
8 2 5 57
2 2 5 56
3 2 12 55
2 2 11 55
3 2 5 58
6 2 3 59
2 2 5 60
8 2 3 67
3 2 3 68
5 2 3 78
8 2 8 77
1 2 3 84
3 2 8 84
8 2 3 85
8 2 11 85
8 2 6 84
5 2 5 85
1 2 10 85
7 2 14 86
1 2 6 84
6 2 4 85
4 2 5 84
3 2 3 85
8 2 5 85
7 2 3 89
1 2 5 88
8 2 3 89
4 2 3 99
7 2 17 98
3 2 16 98
8 2 16 99
4 2 15 99
1 2 9 100
7 2 8 100
6 2 6 98
1 2 5 99
5 2 8 99
1 2 2 3
2 2 11 3
7 2 10 4
8 2 11 4
7 2 2 4
6 2 10 4
8 2 4 4
7 2 7 3
3 2 8 4
3 2 6 3
7 2 2 8
3 2 2 16
8 2 4 15
5 2 3 15
1 2 3 15
8 2 4 15
7 2 2 15
6 2 2 15
1 2 3 16
2 2 2 29
4 2 7 29
3 2 12 30
2 2 8 28
7 2 5 29
3 2 5 28
3 2 2 29
7 2 7 30
5 2 8 32
5 2 7 30
2 2 5 30
3 2 7 31
8 2 6 32
6 2 3 28
4 2 2 28
1 2 2 29
4 2 2 36
5 2 2 37
8 2 2 43
5 2 2 54
7 2 2 68
2 2 2 71
8 2 3 70
8 2 2 83
3 2 1 14
2 2 1 15
2 2 1 30
5 2 1 29
8 2 1 37
2 2 1 41
4 2 1 41
8 2 1 50
1 2 1 54
1 2 4 53
4 2 9 52
7 2 1 59
1 2 4 60
5 2 7 59
7 2 6 60
2 2 1 58
3 2 7 59
4 2 7 60
8 2 1 57
3 2 1 63
4 2 5 64
5 2 1 77
3 2 6 77
8 2 1 78
7 2 6 79
7 2 3 80
2 2 1 84
1 2 4 85
4 2 1 95
8 2 3 94
3 2 7 92
1 2 9 91
3 2 3 93
5 2 6 92
8 2 2 93
3 2 5 93
6 2 5 93
4 2 6 92
7 2 4 93
8 2 9 95
2 3 30 39
2 3 29 92
2 3 28 41
6 3 28 56
3 3 28 95
8 3 27 25
7 3 27 60
2 3 27 72
8 3 27 81
3 3 27 81
3 3 26 24
4 3 25 74
8 3 24 9
1 3 24 88
6 3 23 13
5 3 23 25
3 3 23 82
5 3 23 95
1 3 25 96
5 3 22 22
5 3 22 41
7 2 23 40
6 2 22 41
4 3 22 83
1 3 20 5
6 3 27 6
6 3 20 75
7 3 19 12
1 3 19 45
2 3 18 28
8 3 17 36
4 3 17 46
2 3 17 54
5 3 17 65
8 3 17 97
7 3 17 100
1 2 16 100
8 3 16 17
8 3 16 26
1 3 16 40
1 3 16 44
8 2 15 44
6 3 15 7
2 3 14 3
6 3 14 59
1 3 14 62
8 3 14 80
4 3 14 85
2 3 13 15
4 3 13 27
8 3 13 60
8 3 13 97
6 2 17 96
3 2 16 96
8 3 12 28
4 3 12 33
8 3 12 39
6 3 12 42
1 3 11 6
1 3 11 24
3 3 11 100
5 3 10 12
4 3 13 12
8 2 13 12
2 2 12 13
8 3 10 22
1 3 10 75
5 3 10 78
1 3 9 46
4 3 9 55
5 3 9 59
5 3 9 87
2 3 9 93
3 3 8 20
7 2 7 20
7 3 8 79
1 2 7 79
4 3 12 81
5 3 11 81
4 3 20 97
4 3 8 86
3 3 8 99
7 3 7 54
1 3 7 77
6 3 6 15
2 3 6 36
2 3 6 63
6 3 12 63
2 2 18 63
8 3 6 65
1 2 16 64
8 3 6 94
4 3 6 98
3 3 5 42
6 3 5 47
5 2 4 47
6 3 9 48
6 3 5 57
4 2 5 56
5 3 11 56
5 3 5 71
2 3 7 70
6 3 5 73
1 3 19 73
1 3 12 73
5 3 12 73
5 3 5 86
2 3 11 87
4 3 4 2
6 2 11 1
8 3 5 1
4 3 4 7
2 3 13 8
8 3 4 53
8 3 13 53
7 2 12 53
4 3 11 54
2 3 4 99
7 2 5 98
1 3 6 98
6 3 3 10
2 3 3 30
1 2 11 29
5 2 10 29
7 3 3 64
6 3 3 72
4 2 7 71
5 2 6 72
2 3 2 11
4 2 6 12
7 3 19 10
5 3 2 31
4 3 2 37
3 3 2 39
4 3 19 41
3 3 2 61
4 2 4 62
3 3 1 7
6 2 9 8
8 2 3 7
5 3 1 17
1 3 1 46
6 2 3 47
2 2 1 46
8 2 2 45
7 2 5 44
5 3 1 50
1 3 1 91
6 2 16 90
2 2 5 92
6 2 3 92
8 3 1 99
7 2 22 81
8 4 24 74
1 4 21 1
6 4 19 88
4 4 19 92
1 4 18 83
3 4 17 9
1 2 16 9
5 4 16 5
4 3 15 5
2 4 16 19
8 4 16 23
7 4 16 65
2 2 15 65
1 4 16 91
8 4 15 10
1 4 15 18
1 4 15 64
6 4 14 39
4 2 18 39
2 4 14 45
5 2 13 45
8 4 14 72
6 4 12 87
8 2 11 87
8 4 15 88
3 4 12 90
2 4 11 5
2 4 11 93
1 4 11 96
3 4 15 96
7 2 14 96
3 4 18 95
1 4 10 36
2 4 10 46
8 4 10 83
6 4 9 11
1 4 9 17
1 4 9 19
5 4 10 18
3 2 10 18
1 4 9 49
4 4 11 48
8 4 9 85
6 4 9 95
1 2 12 96
3 3 11 96
8 4 8 4
7 4 8 33
4 4 8 79
7 2 8 79
8 4 7 21
3 2 8 24
1 4 7 65
6 4 7 67
8 2 7 68
1 3 11 67
2 4 6 7
7 4 6 36
4 4 5 27
3 4 5 74
5 2 4 76
4 2 5 76
5 4 15 74
1 2 17 74
6 4 5 85
6 4 4 18
2 4 3 87
4 3 3 86
2 4 2 6
5 2 2 6
4 4 2 90
7 4 1 17
2 4 1 62
3 4 1 77
8 4 1 95
1 2 7 97
2 2 9 96
2 4 22 27
2 5 21 81
8 5 17 51
3 5 17 74
7 5 16 56
1 5 15 58
7 5 12 65
3 5 11 25
4 5 11 81
4 5 10 28
3 5 10 34
4 2 8 35
2 2 12 34
3 4 18 34
2 5 10 83
4 5 9 14
3 5 9 38
1 2 9 39
2 2 8 40
7 5 8 29
3 3 7 30
6 5 8 45
4 2 7 45
2 5 8 59
5 5 8 98
4 2 8 97
2 5 7 10
1 2 9 10
6 5 16 9
4 5 7 21
1 3 13 22
8 5 7 48
2 5 6 32
6 5 6 39
2 5 4 86
4 5 3 3
7 2 3 3
5 3 2 3
7 2 9 5
5 5 2 42
6 5 1 3
4 2 1 2
2 2 1 1
5 5 1 7
7 2 1 7
1 2 1 9
3 5 1 27
7 2 1 29
4 2 5 30
1 2 10 32
2 5 12 33
4 5 1 29
7 6 16 69
5 6 11 90
7 6 10 61
4 2 10 60
7 6 10 79
7 6 8 21
4 2 8 21
2 2 11 22
5 2 10 22
1 2 10 23
8 2 9 23
2 2 9 22
6 2 8 22
5 6 8 64
2 6 5 15
4 2 4 15
5 6 4 63
3 2 2 64
4 3 3 65
2 2 2 65
7 2 4 65
4 3 5 66
8 6 17 66
2 6 11 68
6 6 4 94
7 2 4 95
8 6 3 88
4 6 2 8
5 6 2 90
4 2 8 90
8 6 1 5
7 2 4 5
8 2 3 5
4 6 1 37
5 4 3 37
4 6 1 45
7 2 3 44
3 2 2 44
1 5 18 80
7 2 17 80
5 7 15 25
6 7 13 1
1 7 13 12
1 7 12 32
7 7 9 22
3 2 8 22
5 7 8 23
8 2 10 24
1 2 8 25
4 7 8 57
8 7 8 70
8 7 5 55
4 7 5 86
5 2 4 86
7 7 4 33
3 2 11 32
4 2 10 33
3 8 15 1
4 8 10 48
8 8 8 12
3 2 9 12
7 2 7 12
7 2 5 14
5 2 4 13
1 8 8 19
3 2 7 19
8 8 8 49
5 8 7 2
2 2 7 3
3 8 6 79
6 8 4 52
4 8 2 92
2 2 2 93
5 9 8 73
4 2 12 74
8 2 11 74
6 9 1 1
3 2 1 3
7 2 4 3
1 2 1 3
3 10 12 15
5 10 7 67
7 2 6 67
7 10 6 40
1 10 2 28
5 11 6 38
6 11 3 21
7 2 4 24
3 2 5 23
1 2 4 23
8 11 1 12
8 2 13 1
3 12 7 60
5 2 2 61
6 2 3 60
1 2 2 60
6 12 4 25
5 2 4 24
2 2 3 25
7 2 2 25
5 2 3 25
8 2 3 24
1 3 3 24
8 12 2 35
4 2 2 36
5 2 1 36
6 12 2 55
1 2 4 54
8 2 4 59
5 13 5 79
6 2 3 80
2 3 2 80
7 2 1 80
1 3 4 79
8 2 7 78
6 2 7 78
6 13 3 87
1 14 5 45
7 2 1 46
4 2 2 46
2 2 3 45
2 2 1 47
5 2 6 48
8 14 2 6
3 2 2 7
2 19 5 73
7 3 3 73
3 2 8 76
2 25 3 64
8 2 3 64
1 2 2 65
5 12 7 65
