31560
3691
6 2 50 16
3 2 50 25
8 2 50 29
3 2 50 31
3 2 50 91
8 2 50 111
2 2 50 142
7 2 50 151
8 2 50 156
5 2 50 159
7 2 50 162
3 2 50 166
5 2 50 176
3 2 50 179
8 2 50 188
1 2 50 192
7 2 49 7
3 2 49 8
7 2 49 9
2 2 49 17
6 2 49 23
2 2 49 34
1 2 49 36
4 2 49 54
5 2 49 55
7 2 49 69
6 2 49 70
5 2 49 72
4 2 49 74
5 2 49 74
2 2 49 80
8 2 49 92
7 2 49 102
8 2 49 107
6 2 49 117
6 2 49 130
2 2 49 136
2 2 49 138
8 2 49 139
2 2 49 148
5 2 49 157
8 2 49 169
7 2 49 179
7 2 49 198
8 2 48 15
1 2 48 17
6 2 48 30
8 2 48 32
3 2 48 50
6 2 48 53
5 2 48 64
4 2 48 69
8 2 48 72
3 2 48 89
7 2 48 91
6 2 48 110
7 2 48 116
3 2 48 119
5 2 50 120
1 2 48 120
1 2 48 124
3 2 48 144
8 2 48 146
4 2 49 145
1 2 48 169
7 2 50 171
7 2 48 170
8 2 48 179
8 2 47 3
1 2 49 2
4 2 47 4
2 2 47 22
7 2 47 22
7 2 47 56
1 2 49 57
1 2 48 55
4 2 47 58
8 2 47 57
6 2 47 56
5 2 47 60
4 2 47 60
8 2 47 65
6 2 47 75
7 2 47 82
8 2 47 83
5 2 47 105
7 2 49 104
2 2 48 103
3 2 47 107
5 2 47 114
7 2 48 113
6 2 47 119
8 2 47 120
6 2 47 128
1 2 47 132
6 2 47 145
7 2 47 151
3 2 47 169
6 2 47 194
2 2 48 194
5 2 46 12
8 2 46 37
8 2 46 50
5 2 46 56
6 2 46 59
2 2 46 58
3 2 46 60
2 2 46 62
7 2 46 65
3 2 47 196
8 2 46 68
3 2 46 91
1 2 46 92
1 2 46 102
8 2 48 66
8 2 46 106
8 2 46 108
8 2 46 111
8 2 48 101
6 2 46 123
4 2 46 133
7 2 48 110
2 2 47 135
3 2 46 136
8 2 46 168
4 2 46 193
8 2 46 194
6 2 46 198
1 2 45 7
6 2 45 20
1 2 46 19
3 2 46 199
8 2 47 199
6 2 47 200
8 2 46 200
8 2 45 19
8 2 45 24
2 2 45 31
5 2 48 33
3 2 45 54
5 2 46 53
1 2 45 55
1 2 45 66
7 2 45 78
8 2 45 86
6 2 45 91
8 2 45 92
3 2 45 98
3 2 49 20
6 2 47 97
2 2 47 98
3 2 45 101
3 2 45 103
5 2 45 107
2 2 47 108
8 2 45 124
6 2 48 125
7 2 45 135
3 2 45 139
7 2 46 139
4 2 45 144
1 2 45 146
2 2 45 184
7 2 46 183
7 2 48 183
4 2 47 182
8 2 45 185
4 2 45 187
2 2 46 186
7 2 45 200
4 2 44 19
6 2 44 23
8 2 44 53
1 2 44 64
2 2 44 81
2 2 44 89
4 2 44 105
7 2 44 109
8 2 44 111
6 2 44 119
2 2 44 131
2 2 45 131
4 2 47 133
8 2 44 131
4 2 44 131
6 2 44 132
4 2 44 135
5 2 45 137
8 2 44 151
1 2 44 165
2 2 49 99
7 2 47 164
5 2 44 186
4 2 44 199
5 2 43 3
1 2 45 4
2 2 43 5
5 2 44 5
8 2 43 9
7 2 48 164
5 2 43 16
6 2 44 16
2 2 43 34
7 2 47 33
2 2 43 49
7 2 43 55
7 2 43 58
4 2 43 92
8 2 43 95
6 2 49 11
2 2 46 96
5 2 43 109
7 2 43 126
7 2 47 126
8 2 46 125
3 2 43 128
1 2 43 150
7 2 43 150
2 2 43 152
5 2 49 94
4 2 45 153
8 2 46 153
2 2 43 184
4 2 42 6
8 2 43 200
4 2 42 22
3 2 42 36
6 2 42 39
8 2 45 8
6 2 46 9
5 2 43 38
5 2 43 40
8 2 42 56
2 2 42 56
6 2 42 73
8 2 43 74
3 2 46 73
7 2 42 78
7 2 46 75
6 2 46 78
2 2 48 77
6 2 42 86
8 2 42 102
8 2 47 104
1 2 42 105
6 2 42 106
6 2 42 109
6 2 42 115
1 2 47 117
4 2 45 114
6 2 42 131
7 2 42 141
3 2 46 141
8 2 45 139
7 2 42 166
8 2 46 164
6 2 42 166
4 2 42 178
7 2 42 180
5 2 46 179
4 2 42 195
5 2 43 197
1 2 43 197
1 2 42 198
2 2 41 1
6 2 46 1
6 2 41 3
7 2 41 6
6 2 45 7
4 2 41 38
8 2 41 40
4 2 46 39
1 2 41 41
4 2 45 41
7 2 44 41
4 2 41 69
5 2 44 71
5 2 41 92
8 2 41 99
6 2 41 102
6 2 41 107
7 2 41 136
8 2 44 137
2 2 41 153
7 2 43 154
7 2 45 155
3 2 47 154
5 2 41 186
7 2 41 190
7 2 48 80
3 2 47 190
8 2 47 191
4 2 41 197
2 2 44 189
2 2 40 5
3 2 40 38
3 2 40 43
6 2 45 43
3 2 42 44
5 2 46 196
6 2 40 64
6 2 45 63
7 2 41 63
4 2 44 63
6 2 43 65
8 2 42 65
6 2 41 64
8 2 40 69
4 2 42 69
6 2 42 69
4 2 40 71
3 2 40 75
5 2 40 78
8 2 40 89
4 2 43 89
1 2 42 90
3 2 40 118
1 2 44 117
3 2 43 118
4 2 42 117
5 2 43 118
5 2 45 118
1 2 40 134
5 2 42 134
2 2 43 133
6 2 40 140
3 2 40 156
8 2 44 156
4 2 48 158
3 2 42 156
4 2 43 156
7 2 40 159
3 2 45 159
6 2 44 158
6 2 40 163
4 2 40 173
2 2 46 173
7 2 43 174
5 2 46 175
8 2 44 174
8 2 40 190
2 2 41 191
6 2 41 191
3 2 45 192
7 2 40 192
6 2 40 200
5 2 39 7
7 2 42 7
4 2 39 9
8 2 47 11
7 2 41 10
8 2 45 9
3 2 40 8
5 2 40 8
7 2 39 13
7 2 49 14
6 2 48 13
6 2 45 12
6 2 43 13
8 2 39 14
3 2 42 15
2 2 39 21
1 2 39 31
7 2 45 30
7 2 48 29
6 2 45 32
1 2 40 31
6 2 41 31
8 2 41 31
1 2 39 36
8 2 47 37
5 2 40 35
6 2 39 44
6 2 46 45
1 2 47 45
2 2 45 46
8 2 42 43
8 2 39 84
7 2 44 47
5 2 45 47
1 2 39 91
5 2 39 114
8 2 42 114
4 2 39 124
7 2 43 124
5 2 43 124
1 2 39 130
8 2 40 130
4 2 39 131
7 2 39 140
7 2 45 140
2 2 43 138
7 2 42 138
1 2 39 152
3 2 43 153
3 2 41 152
5 2 39 154
3 2 39 176
8 2 39 195
8 2 38 2
3 2 38 52
3 2 48 52
3 2 38 55
7 2 40 55
3 2 39 55
3 2 40 54
8 2 38 55
6 2 38 54
8 2 38 70
5 2 38 77
7 2 38 87
7 2 41 87
6 2 40 88
8 2 38 87
5 2 40 86
3 2 43 85
5 2 38 87
3 2 38 114
6 2 38 117
3 2 38 122
3 2 44 123
4 2 42 123
1 2 38 121
6 2 38 140
6 2 38 155
7 2 38 160
1 2 44 121
8 2 39 159
6 2 45 160
6 2 38 159
5 2 37 6
3 2 37 26
7 2 41 26
3 2 38 181
2 2 44 24
8 2 40 181
2 2 40 181
5 2 38 181
5 2 37 34
7 2 37 33
6 2 37 79
7 2 37 83
2 2 45 182
6 2 38 85
4 2 37 87
7 2 37 97
5 2 37 103
8 2 42 98
8 2 42 103
5 2 37 115
7 2 37 122
8 2 37 123
3 2 37 138
7 2 37 149
7 2 45 148
1 2 37 166
6 2 43 165
6 2 44 165
2 2 37 180
2 2 41 179
3 2 40 178
8 2 37 192
4 2 42 193
5 2 39 191
8 2 36 5
8 2 40 4
8 2 38 5
7 2 37 5
7 2 36 19
2 2 36 29
4 2 43 30
4 2 41 29
7 2 40 29
6 2 37 28
8 2 46 100
8 2 36 35
6 2 38 35
2 2 36 42
7 2 41 43
3 2 36 56
7 2 36 58
5 2 45 60
7 2 45 61
4 2 44 60
1 2 36 63
5 2 36 69
7 2 37 68
1 2 40 66
2 2 36 72
2 2 36 77
5 2 36 84
6 2 37 83
7 2 36 89
1 2 36 91
4 2 38 92
6 2 46 93
3 2 46 94
3 2 44 93
7 2 43 94
3 2 37 92
4 2 39 93
8 2 37 93
7 2 36 92
8 2 36 95
6 2 36 111
3 2 43 110
4 2 43 110
8 2 36 113
8 2 39 112
6 2 36 115
8 2 37 116
2 2 36 138
4 2 36 150
6 2 41 149
7 2 46 148
6 2 45 148
6 2 41 151
6 2 36 163
2 2 36 172
3 2 41 171
8 2 42 170
2 2 47 172
7 2 40 171
8 2 39 174
8 2 40 175
3 2 38 171
7 2 36 190
7 2 40 189
6 2 42 189
8 2 42 189
7 2 35 4
5 2 36 4
6 2 42 3
1 2 41 3
2 2 35 5
6 2 35 17
8 2 40 17
6 2 35 19
7 2 40 20
4 2 45 21
8 2 44 21
4 2 43 20
6 2 39 18
6 2 37 19
3 2 42 20
8 2 36 18
8 2 41 17
5 2 35 23
7 2 38 21
6 2 35 25
5 2 44 24
4 2 42 24
2 2 40 26
4 2 35 25
8 2 35 28
4 2 36 24
2 2 36 28
4 2 35 29
8 2 36 28
6 2 35 35
1 2 35 47
4 2 40 48
2 2 39 30
4 2 38 47
7 2 35 48
8 2 38 50
8 2 37 48
8 2 35 53
1 2 38 52
2 2 37 51
2 2 36 53
6 2 35 52
6 2 35 68
1 2 35 70
8 2 39 47
8 2 35 90
1 2 35 113
8 2 35 115
3 2 35 116
7 2 35 120
6 2 39 70
8 2 39 120
8 2 35 136
4 2 35 163
7 2 35 170
6 2 35 184
1 2 38 182
6 2 37 182
7 2 40 185
7 2 39 182
5 2 37 182
4 2 35 187
1 2 38 186
8 2 42 183
1 2 37 187
8 2 34 1
1 2 36 1
6 2 34 1
5 2 34 7
4 2 34 10
8 2 39 1
8 2 34 20
8 2 36 20
3 2 34 42
2 2 38 40
2 2 36 42
1 2 34 48
2 2 36 47
5 2 42 48
6 2 42 48
6 2 43 9
7 2 41 49
6 2 39 49
1 2 34 55
4 2 34 76
2 2 43 76
4 2 42 75
5 2 39 49
2 2 34 88
3 2 34 88
6 2 34 104
6 2 39 74
5 2 38 103
4 2 34 106
7 2 37 105
7 2 34 124
5 2 38 105
2 2 40 105
3 2 34 140
4 2 36 141
8 2 41 126
1 2 41 126
6 2 42 125
6 2 36 142
4 2 42 143
8 2 38 141
8 2 35 142
2 2 34 157
1 2 40 157
7 2 39 143
6 2 41 143
1 2 36 156
5 2 34 158
1 2 34 162
4 2 44 160
3 2 39 162
4 2 34 165
4 2 39 167
2 2 43 168
2 2 34 167
8 2 38 168
4 2 40 168
7 2 34 173
5 2 34 191
7 2 33 1
6 2 33 8
8 2 33 22
8 2 36 22
5 2 33 24
2 2 33 26
5 2 33 29
6 2 33 38
2 2 37 36
7 2 33 64
7 2 34 63
8 2 33 71
2 2 38 71
3 2 33 81
8 2 33 84
5 2 45 161
4 2 45 161
7 2 35 84
1 2 44 83
1 2 41 84
7 2 33 85
8 2 43 85
6 2 33 86
7 2 42 87
4 2 40 87
3 2 33 86
3 2 33 109
8 2 33 121
2 2 40 120
4 2 33 153
4 2 36 153
2 2 36 154
7 2 33 152
3 2 33 190
2 2 35 190
6 2 33 192
7 2 37 193
4 2 35 193
7 2 38 193
2 2 33 200
3 2 32 5
7 2 32 21
6 2 32 29
2 2 34 28
7 2 32 29
5 2 32 32
7 2 34 30
7 2 33 32
8 2 32 62
3 2 39 60
2 2 32 82
1 2 43 85
6 2 32 83
8 2 32 92
4 2 36 91
8 2 32 98
7 2 35 99
7 2 45 100
5 2 40 100
6 2 42 100
1 2 35 100
5 2 32 123
6 2 33 123
8 2 38 124
6 2 32 162
6 2 32 165
3 2 32 165
4 2 32 172
7 2 32 180
5 2 32 198
6 2 32 198
2 2 31 28
4 2 31 30
1 2 34 31
5 2 34 31
6 2 31 39
8 2 38 41
4 2 31 71
5 2 36 72
5 2 31 86
8 2 33 85
7 2 37 87
6 2 31 87
6 2 31 94
8 2 32 94
7 2 31 98
7 2 33 97
8 2 32 98
6 2 32 97
6 2 37 98
5 2 35 97
7 2 38 96
6 2 36 96
3 2 31 104
1 2 33 106
3 2 38 107
3 2 35 106
1 2 32 104
8 2 31 114
4 2 31 116
7 2 35 117
5 2 39 116
6 2 32 117
7 2 34 117
1 2 35 118
8 2 42 119
1 2 33 117
5 2 31 118
4 2 34 118
8 2 36 118
7 2 31 134
2 2 31 145
1 2 39 144
8 2 33 144
7 2 41 144
6 2 40 144
8 2 40 145
3 2 35 143
3 2 33 144
5 2 31 146
2 2 31 151
5 2 31 171
6 2 40 170
7 2 31 177
7 2 34 178
2 2 38 179
8 2 33 178
8 2 35 177
7 2 32 177
6 2 32 177
7 2 31 183
7 2 31 197
8 2 31 198
7 2 30 3
2 2 30 3
5 2 30 22
5 2 30 39
8 2 30 47
3 2 35 47
4 2 32 47
4 2 30 51
2 2 30 53
8 2 36 53
3 2 30 57
6 2 30 72
2 2 42 73
4 2 30 75
6 2 33 75
8 2 39 74
8 2 37 74
2 2 36 75
6 2 31 75
3 2 31 76
8 2 30 87
4 2 30 103
3 2 31 103
5 2 30 106
7 2 30 145
8 2 30 148
3 2 35 146
3 2 34 148
8 2 33 149
5 2 37 149
7 2 38 148
6 2 41 147
6 2 31 148
8 2 31 147
6 2 30 168
7 2 40 169
7 2 37 168
2 2 35 167
3 2 32 169
6 2 31 168
8 2 34 167
5 2 30 185
7 2 41 186
8 2 41 187
6 2 33 186
8 2 34 188
1 2 30 192
7 2 33 191
8 2 33 190
6 2 33 190
7 2 30 191
7 2 32 190
4 2 29 9
8 2 31 9
8 2 29 18
5 2 35 18
8 2 32 17
6 2 29 26
4 2 38 25
8 2 35 25
5 2 33 27
5 2 31 26
4 2 30 27
3 2 29 35
1 2 29 44
3 2 29 50
1 2 29 64
7 2 29 72
6 2 29 78
7 2 43 79
4 2 44 81
6 2 44 81
8 2 43 79
1 2 41 79
3 2 39 79
4 2 29 82
4 2 41 82
1 2 31 83
5 2 30 82
7 2 29 83
7 2 29 90
6 2 34 91
5 2 30 89
4 2 29 96
4 2 29 98
4 2 29 109
2 2 42 108
8 2 37 109
7 2 39 110
2 2 29 110
7 2 39 110
7 2 33 111
3 2 29 118
1 2 29 119
4 2 34 119
2 2 29 128
8 2 35 127
3 2 45 129
5 2 42 128
6 2 43 127
8 2 32 127
7 2 42 126
5 2 29 151
5 2 32 150
8 2 36 149
2 2 29 159
8 2 42 158
4 2 29 159
3 2 41 160
5 2 29 161
8 2 29 187
8 2 31 188
7 2 32 188
4 2 28 1
7 2 28 6
2 2 28 7
8 2 28 34
6 2 32 32
2 2 28 34
8 2 28 52
2 2 40 51
8 2 39 51
7 2 28 58
5 2 38 58
6 2 35 57
1 2 28 89
6 2 28 91
4 2 31 92
8 2 28 90
4 2 28 93
7 2 28 96
4 2 32 97
8 2 36 97
2 2 31 97
7 2 36 96
4 2 29 96
3 2 28 116
8 2 32 115
6 2 28 137
1 2 41 136
6 2 40 136
7 2 35 138
7 2 34 136
3 2 28 140
6 2 37 141
1 2 32 140
5 2 28 148
4 2 35 147
4 2 33 148
6 2 28 148
5 2 32 148
1 2 28 160
5 2 36 159
8 2 33 160
6 2 29 159
7 2 37 158
8 2 28 164
5 2 31 165
2 2 28 166
8 2 30 167
6 2 28 167
6 2 28 176
7 2 30 175
5 2 34 174
6 2 41 173
7 2 28 178
5 2 28 182
7 2 28 184
6 2 28 188
3 2 29 189
1 2 28 192
4 2 30 194
7 2 39 194
7 2 44 195
8 2 38 194
7 2 32 194
8 2 43 195
5 2 39 195
4 2 36 196
4 2 29 192
8 2 29 193
5 2 28 197
5 2 33 198
6 2 39 199
8 2 34 198
5 2 31 197
7 2 27 16
8 2 38 15
7 2 39 14
2 2 36 14
7 2 36 13
7 2 39 15
4 2 37 11
3 2 28 18
8 2 27 18
3 2 32 17
2 2 27 53
7 2 36 53
1 2 31 53
3 2 27 54
2 2 27 68
8 2 39 69
6 2 30 67
6 2 35 66
5 2 33 68
5 2 30 67
5 2 37 67
6 2 27 81
1 2 43 80
3 2 41 80
2 2 36 81
1 2 39 81
7 2 28 81
8 2 28 81
2 2 27 86
1 2 27 90
1 2 27 94
8 2 27 100
8 2 39 101
5 2 27 105
8 2 28 104
6 2 27 113
6 2 35 113
7 2 32 113
8 2 31 113
7 2 28 113
4 2 27 115
2 2 27 119
6 2 27 132
3 2 37 132
3 2 35 131
3 2 28 131
6 2 35 132
8 2 41 133
8 2 36 132
4 2 35 132
8 2 33 130
6 2 33 131
6 2 27 174
6 2 38 173
6 2 32 176
7 2 37 176
8 2 33 175
6 2 30 175
5 2 34 175
6 2 35 175
3 2 31 174
3 2 35 173
4 2 27 197
7 2 27 199
7 2 26 18
7 2 26 51
3 2 26 56
7 2 30 55
5 2 27 55
5 2 26 60
5 2 41 59
6 2 39 61
6 2 36 60
2 2 39 61
4 2 40 61
5 2 32 60
1 2 31 60
5 2 34 59
7 2 38 58
1 2 33 61
6 2 26 63
4 2 29 65
7 2 26 70
7 2 26 121
6 2 26 125
3 2 31 126
7 2 39 125
7 2 26 143
7 2 31 144
5 2 26 164
8 2 35 163
2 2 29 164
7 2 28 164
6 2 26 163
5 2 41 162
4 2 37 162
5 2 39 161
5 2 26 185
5 2 37 183
1 2 31 186
6 2 36 185
8 2 28 185
7 2 28 186
3 2 25 5
4 2 25 6
6 2 31 5
3 2 25 8
6 2 25 11
6 2 25 16
4 2 25 16
4 2 25 19
4 2 25 49
8 2 28 48
2 2 29 49
7 2 36 50
8 2 25 54
3 2 25 80
6 2 25 82
5 2 36 83
3 2 25 83
3 2 33 83
7 2 25 97
8 2 25 130
8 2 34 130
8 2 41 80
5 2 38 129
6 2 25 138
5 2 25 138
7 2 25 146
6 2 25 146
3 2 28 138
7 2 33 138
4 2 25 155
6 2 32 154
6 2 30 155
1 2 25 155
7 2 35 145
5 2 28 154
5 2 25 155
4 2 28 154
8 2 24 12
8 2 25 195
8 2 24 41
8 2 29 41
6 2 35 39
8 2 34 40
7 2 38 13
5 2 39 40
5 2 24 47
6 2 26 48
6 2 24 62
7 2 32 61
7 2 24 69
7 2 31 68
3 2 34 69
3 2 29 69
8 2 27 68
7 2 27 69
6 2 27 68
7 2 29 69
1 2 24 73
5 2 32 73
7 2 39 73
3 2 38 74
1 2 24 108
8 2 27 108
7 2 28 108
8 2 38 107
3 2 24 119
7 2 26 119
6 2 26 119
6 2 24 125
3 2 32 124
7 2 25 125
6 2 35 126
4 2 33 127
4 2 31 126
8 2 24 134
6 2 42 135
6 2 35 134
6 2 39 133
2 2 36 133
7 2 35 133
3 2 32 134
8 2 31 134
7 2 33 133
8 2 34 132
2 2 31 135
5 2 37 135
7 2 37 135
2 2 24 142
1 2 25 141
7 2 29 140
5 2 29 142
2 2 24 160
7 2 37 161
6 2 36 161
7 2 24 162
2 2 33 162
4 2 24 164
2 2 24 166
7 2 29 165
7 2 25 165
3 2 24 170
6 2 33 168
8 2 31 171
7 2 31 172
4 2 30 172
6 2 26 172
3 2 30 173
6 2 29 173
7 2 30 172
6 2 33 171
3 2 28 172
3 2 24 176
5 2 24 180
6 2 24 194
7 2 31 195
6 2 35 196
8 2 34 196
7 2 24 197
8 2 27 198
8 2 23 20
8 2 27 21
7 2 23 26
8 2 28 26
8 2 35 27
5 2 26 27
1 2 25 27
7 2 37 27
7 2 31 28
2 2 27 28
8 2 25 28
1 2 23 35
7 2 43 12
7 2 41 36
6 2 41 37
6 2 39 36
8 2 37 37
1 2 23 40
6 2 23 50
3 2 23 51
6 2 24 51
6 2 23 52
8 2 23 67
7 2 27 36
6 2 24 69
7 2 23 72
3 2 26 72
8 2 23 74
8 2 23 78
3 2 33 77
3 2 31 78
7 2 28 78
4 2 23 81
6 2 30 80
7 2 23 87
5 2 24 87
3 2 24 88
8 2 23 129
6 2 25 129
7 2 24 129
8 2 35 66
5 2 24 131
2 2 28 132
5 2 23 139
7 2 23 151
6 2 25 150
7 2 30 150
6 2 23 159
7 2 32 158
7 2 28 158
2 2 35 129
3 2 31 157
8 2 23 173
1 2 23 181
7 2 34 156
4 2 32 182
7 2 35 181
4 2 34 183
7 2 23 186
8 2 22 4
3 2 23 3
2 2 23 3
7 2 26 3
7 2 27 4
6 2 23 3
5 2 23 196
7 2 26 195
1 2 22 3
4 2 22 6
4 2 25 3
6 2 22 15
1 2 31 14
3 2 28 14
4 2 29 6
6 2 28 14
3 2 26 15
5 2 30 15
1 2 26 15
6 2 26 14
4 2 24 15
4 2 22 25
6 2 36 16
3 2 29 23
4 2 22 43
7 2 22 55
4 2 29 45
5 2 26 55
7 2 25 57
7 2 22 58
6 2 28 59
6 2 24 57
6 2 26 56
4 2 24 59
4 2 26 60
1 2 29 59
7 2 23 57
8 2 30 56
6 2 30 57
4 2 22 82
1 2 22 86
6 2 29 84
4 2 22 103
5 2 22 105
4 2 28 107
6 2 22 120
6 2 25 121
3 2 33 102
6 2 28 123
7 2 32 122
4 2 22 127
6 2 33 120
4 2 22 131
5 2 22 144
6 2 29 143
6 2 26 143
6 2 22 157
2 2 26 156
8 2 33 155
1 2 22 163
7 2 22 173
1 2 22 184
8 2 22 191
4 2 30 190
6 2 26 191
3 2 25 190
5 2 23 190
7 2 24 189
8 2 22 193
6 2 28 192
4 2 21 1
3 2 21 11
8 2 34 128
7 2 21 16
1 2 21 24
4 2 30 23
4 2 28 25
7 2 35 24
6 2 21 25
3 2 30 25
6 2 28 24
7 2 31 23
7 2 29 24
5 2 28 25
5 2 23 24
6 2 24 24
2 2 23 24
6 2 22 26
5 2 21 36
7 2 36 35
8 2 36 36
8 2 31 37
7 2 30 35
5 2 25 35
6 2 29 36
4 2 31 37
4 2 29 36
7 2 23 38
7 2 22 36
2 2 21 51
7 2 30 49
8 2 29 49
4 2 22 53
4 2 21 51
5 2 21 55
8 2 21 63
5 2 27 62
5 2 26 65
7 2 26 64
7 2 23 62
5 2 25 63
3 2 21 75
1 2 23 75
7 2 21 76
4 2 21 78
8 2 26 79
5 2 23 79
7 2 22 77
6 2 21 77
7 2 28 78
1 2 21 81
6 2 21 80
1 2 21 106
7 2 21 105
1 2 21 122
6 2 37 123
6 2 31 123
8 2 29 123
3 2 27 124
6 2 23 123
5 2 27 124
7 2 23 122
1 2 21 134
8 2 23 133
7 2 27 134
6 2 30 135
4 2 29 133
3 2 28 133
3 2 31 132
6 2 28 132
7 2 22 133
2 2 26 133
5 2 21 153
4 2 28 152
7 2 21 162
5 2 34 161
7 2 28 161
7 2 21 197
7 2 25 196
7 2 30 195
1 2 28 197
6 2 32 198
1 2 20 11
7 2 41 10
8 2 32 11
2 2 31 13
4 2 20 23
6 2 27 12
8 2 24 22
4 2 20 32
8 2 32 33
8 2 29 32
6 2 31 21
4 2 28 33
8 2 37 33
4 2 32 33
1 2 24 33
1 2 34 32
1 2 22 32
5 2 29 32
1 2 20 44
3 2 24 44
7 2 31 43
6 2 33 42
6 2 31 43
5 2 26 44
4 2 20 48
2 2 20 73
6 2 22 74
8 2 22 74
6 2 20 91
8 2 20 110
6 2 37 112
6 2 36 110
7 2 33 111
6 2 25 110
8 2 31 111
1 2 25 110
7 2 27 111
7 2 25 109
6 2 20 116
3 2 28 116
2 2 23 114
4 2 20 125
1 2 20 129
2 2 24 131
8 2 25 132
7 2 24 132
2 2 20 137
7 2 29 136
8 2 20 139
3 2 23 140
2 2 21 138
7 2 20 141
4 2 25 142
2 2 20 142
8 2 32 141
2 2 33 142
7 2 27 142
5 2 20 172
6 2 22 174
2 2 25 174
5 2 25 175
7 2 21 174
6 2 20 191
1 2 25 190
5 2 21 192
8 2 20 197
6 2 20 198
2 2 24 198
3 2 20 200
3 2 19 1
4 2 27 1
5 2 27 2
5 2 25 1
5 2 21 2
7 2 19 31
2 2 19 47
8 2 19 49
5 2 19 52
1 2 19 52
8 2 19 60
6 2 20 59
3 2 32 58
7 2 20 60
6 2 23 59
7 2 23 60
8 2 20 59
5 2 20 61
6 2 19 78
8 2 19 85
6 2 26 86
6 2 21 85
8 2 25 85
7 2 21 85
6 2 21 85
1 2 19 85
7 2 19 85
6 2 19 86
5 2 19 95
3 2 19 131
7 2 20 130
7 2 19 146
6 2 26 145
8 2 28 144
1 2 19 153
6 2 22 154
7 2 19 157
6 2 25 156
7 2 19 173
6 2 20 172
4 2 19 173
8 2 25 172
2 2 19 186
6 2 20 186
5 2 19 193
7 2 20 192
7 2 18 7
5 2 21 8
1 2 24 9
1 2 20 7
8 2 18 10
5 2 18 19
6 2 19 18
8 2 19 17
8 2 18 23
8 2 18 51
1 2 18 54
7 2 18 53
7 2 18 67
7 2 28 66
4 2 20 68
7 2 24 67
2 2 18 75
6 2 18 76
3 2 18 105
6 2 33 104
5 2 23 104
5 2 21 105
6 2 25 104
8 2 18 107
6 2 25 106
5 2 18 112
8 2 18 118
6 2 18 148
7 2 29 146
1 2 24 149
5 2 20 147
4 2 18 155
8 2 18 159
7 2 18 160
5 2 24 161
2 2 21 161
7 2 21 161
6 2 18 161
5 2 33 163
6 2 34 163
8 2 18 166
8 2 22 166
7 2 22 166
5 2 18 189
2 2 26 189
7 2 21 190
7 2 19 189
8 2 18 189
7 2 22 188
8 2 22 188
6 2 31 187
6 2 18 192
6 2 18 196
3 2 25 198
1 2 24 195
2 2 17 12
8 2 29 13
1 2 30 13
2 2 17 22
7 2 25 21
2 2 17 26
4 2 20 27
5 2 23 28
3 2 17 28
8 2 26 29
6 2 29 30
8 2 22 29
6 2 22 30
1 2 18 30
8 2 24 30
2 2 17 54
6 2 23 53
6 2 17 58
8 2 17 67
4 2 17 78
7 2 28 79
2 2 17 92
7 2 30 93
6 2 23 91
6 2 21 91
8 2 17 92
3 2 19 93
6 2 30 93
2 2 25 94
6 2 35 94
2 2 22 93
7 2 24 94
3 2 33 95
8 2 33 95
1 2 17 96
3 2 21 98
5 2 19 96
8 2 20 96
7 2 19 96
3 2 17 98
7 2 33 99
6 2 17 106
6 2 22 105
1 2 17 115
1 2 17 118
3 2 19 118
6 2 17 118
6 2 22 118
6 2 23 117
8 2 17 121
4 2 21 121
6 2 21 122
1 2 17 123
5 2 17 131
8 2 17 141
8 2 26 140
6 2 17 150
6 2 26 151
8 2 32 151
6 2 33 150
6 2 17 156
5 2 17 156
8 2 24 156
3 2 17 166
7 2 17 194
6 2 25 192
7 2 16 7
8 2 16 16
7 2 16 23
7 2 16 25
6 2 16 28
6 2 16 38
6 2 18 39
7 2 20 41
6 2 31 40
8 2 16 40
3 2 17 38
5 2 16 49
8 2 18 49
6 2 22 49
7 2 16 49
8 2 16 50
6 2 16 55
5 2 22 55
6 2 21 54
1 2 21 56
5 2 16 64
7 2 19 65
6 2 22 65
6 2 16 77
8 2 16 78
3 2 16 85
2 2 16 95
8 2 24 94
4 2 16 105
5 2 16 114
7 2 16 115
3 2 21 116
7 2 20 117
2 2 16 132
5 2 22 133
8 2 16 132
1 2 16 169
3 2 16 180
8 2 20 179
5 2 18 182
5 2 16 181
6 2 16 181
7 2 27 180
1 2 32 179
8 2 18 181
7 2 25 182
6 2 34 183
8 2 26 183
1 2 16 189
6 2 18 190
8 2 16 194
7 2 15 2
8 2 19 3
6 2 32 5
4 2 19 4
2 2 18 1
2 2 15 2
8 2 17 1
8 2 15 6
8 2 25 5
1 2 20 5
5 2 15 10
3 2 16 11
3 2 15 49
2 2 15 83
8 2 15 89
8 2 23 88
2 2 16 88
6 2 26 88
6 2 20 88
3 2 25 90
3 2 23 89
8 2 17 88
2 2 19 87
3 2 15 102
2 2 32 101
6 2 26 101
3 2 15 111
6 2 15 115
7 2 16 115
5 2 15 122
6 2 17 121
6 2 20 122
5 2 33 121
3 2 20 123
3 2 17 123
7 2 21 122
7 2 16 121
6 2 15 137
3 2 15 148
5 2 15 148
8 2 26 147
8 2 21 148
8 2 15 150
2 2 15 165
2 2 21 164
6 2 15 169
7 2 28 168
3 2 28 167
8 2 22 169
7 2 18 170
8 2 26 171
7 2 21 169
8 2 29 168
4 2 28 169
2 2 20 171
8 2 31 170
3 2 26 171
6 2 23 171
8 2 25 171
4 2 15 200
6 2 22 199
4 2 18 199
1 2 14 4
7 2 14 3
7 2 15 4
6 2 18 4
6 2 14 15
8 2 23 14
4 2 14 18
3 2 17 16
8 2 17 16
5 2 19 16
3 2 17 19
1 2 17 19
3 2 15 18
6 2 17 17
8 2 14 37
4 2 20 35
5 2 22 36
8 2 25 36
8 2 20 36
3 2 19 35
6 2 19 36
8 2 18 36
3 2 16 37
4 2 14 55
1 2 14 57
8 2 17 56
8 2 14 57
5 2 23 58
3 2 17 56
7 2 16 56
5 2 16 56
5 2 14 58
8 2 19 58
5 2 15 58
1 2 14 58
6 2 15 58
6 2 14 62
6 2 19 61
8 2 14 70
6 2 27 69
5 2 31 71
2 2 29 70
5 2 28 70
4 2 14 74
7 2 29 73
8 2 19 73
5 2 14 82
3 2 16 81
7 2 19 80
6 2 15 81
8 2 16 82
8 2 17 82
8 2 15 80
7 2 14 81
6 2 14 96
6 2 14 99
7 2 17 99
2 2 24 98
2 2 21 99
8 2 14 117
7 2 18 116
7 2 14 122
3 2 14 126
7 2 32 127
4 2 26 125
7 2 23 126
5 2 24 126
8 2 22 125
7 2 21 127
6 2 20 128
1 2 34 128
5 2 25 128
6 2 29 127
5 2 18 125
3 2 22 124
7 2 18 126
3 2 20 125
5 2 17 126
8 2 14 127
4 2 18 126
6 2 21 126
7 2 20 125
4 2 16 128
5 2 17 128
5 2 14 152
5 2 14 154
7 2 22 153
6 2 21 154
4 2 14 165
8 2 14 180
8 2 25 179
7 2 18 179
8 2 32 178
8 2 26 181
5 2 14 187
7 2 14 193
8 2 16 192
4 2 17 191
5 2 14 194
4 2 29 194
3 2 13 21
4 2 24 21
8 2 18 22
2 2 18 22
8 2 13 23
2 2 20 23
7 2 15 23
7 2 13 37
6 2 13 42
4 2 30 43
8 2 38 42
3 2 25 43
5 2 27 43
3 2 30 42
6 2 14 42
2 2 16 42
8 2 16 42
5 2 13 45
7 2 16 45
7 2 23 46
8 2 31 45
6 2 16 44
7 2 19 45
7 2 38 45
2 2 37 45
1 2 34 46
4 2 28 45
7 2 29 45
4 2 13 61
7 2 28 61
7 2 19 62
8 2 13 82
4 2 13 133
6 2 14 134
5 2 13 156
5 2 33 158
3 2 13 174
7 2 24 172
8 2 13 193
5 2 13 198
3 2 19 199
8 2 18 198
8 2 13 200
8 2 17 199
8 2 12 15
8 2 28 15
5 2 12 20
6 2 23 20
4 2 14 20
7 2 19 20
6 2 12 33
4 2 14 32
4 2 12 33
8 2 15 33
6 2 17 32
4 2 24 31
5 2 14 32
7 2 21 32
8 2 21 31
2 2 20 33
5 2 12 33
8 2 18 34
8 2 15 33
7 2 12 40
1 2 12 52
8 2 15 54
7 2 13 53
7 2 15 52
7 2 12 58
2 2 14 57
4 2 12 66
7 2 22 67
8 2 27 66
8 2 15 65
4 2 14 68
8 2 20 68
7 2 15 66
4 2 13 66
7 2 13 68
8 2 12 90
5 2 18 90
5 2 21 89
8 2 16 90
2 2 15 89
8 2 28 90
2 2 17 88
8 2 12 106
4 2 20 105
3 2 17 107
5 2 21 108
5 2 12 107
6 2 12 110
8 2 27 111
7 2 14 109
7 2 12 112
3 2 12 144
8 2 26 143
8 2 17 144
8 2 12 146
6 2 13 146
4 2 12 152
8 2 17 152
7 2 20 151
8 2 27 152
6 2 15 152
8 2 12 166
7 2 12 166
5 2 19 167
7 2 14 165
5 2 12 175
7 2 22 174
3 2 21 174
7 2 21 176
3 2 22 178
6 2 17 177
7 2 19 178
7 2 15 174
8 2 17 174
6 2 17 174
5 2 14 176
1 2 12 180
7 2 13 180
7 2 11 2
8 2 14 1
4 2 13 3
4 2 11 26
5 2 20 25
5 2 18 26
8 2 11 27
6 2 20 28
8 2 15 28
6 2 11 29
6 2 11 40
7 2 25 40
4 2 24 39
7 2 15 40
7 2 17 39
3 2 11 49
4 2 11 61
8 2 17 62
7 2 33 63
2 2 11 77
6 2 18 77
1 2 23 76
3 2 15 76
7 2 14 77
3 2 12 77
5 2 11 79
4 2 13 78
6 2 12 79
5 2 11 94
7 2 14 93
5 2 14 93
7 2 19 93
3 2 18 94
8 2 15 94
2 2 12 93
8 2 11 104
1 2 11 117
7 2 21 118
6 2 11 129
4 2 12 129
7 2 21 129
5 2 20 130
5 2 17 129
8 2 15 129
6 2 15 129
7 2 19 128
7 2 28 127
2 2 26 127
8 2 11 135
7 2 13 134
3 2 15 134
5 2 13 134
7 2 11 138
8 2 17 138
6 2 16 139
7 2 11 153
8 2 21 155
3 2 11 162
4 2 20 161
8 2 12 161
7 2 11 171
5 2 21 172
5 2 18 171
1 2 17 172
8 2 16 172
1 2 15 171
7 2 11 175
7 2 17 177
7 2 21 178
8 2 21 179
2 2 15 174
3 2 11 187
8 2 27 186
7 2 17 186
6 2 16 189
7 2 15 187
8 2 19 187
6 2 14 188
8 2 13 187
2 2 10 4
5 2 12 5
2 2 10 48
3 2 10 55
6 2 10 58
3 2 18 59
8 2 10 57
7 2 11 58
3 2 10 60
7 2 10 65
6 2 13 65
8 2 10 66
6 2 10 67
2 2 10 94
8 2 10 124
5 2 13 123
8 2 13 125
5 2 10 124
3 2 10 140
5 2 11 139
6 2 10 141
7 2 24 141
4 2 10 142
2 2 10 167
8 2 10 170
7 2 15 169
7 2 13 170
2 2 14 169
1 2 10 173
7 2 12 173
7 2 10 186
8 2 24 185
1 2 15 185
7 2 31 184
1 2 11 186
5 2 10 191
4 2 12 193
6 2 27 195
7 2 10 195
2 2 9 1
3 2 9 22
4 2 11 23
4 2 9 22
7 2 10 22
4 2 9 24
7 2 9 38
4 2 10 38
1 2 9 39
4 2 9 40
6 2 9 44
1 2 29 44
7 2 16 45
6 2 21 45
6 2 24 45
5 2 10 43
1 2 9 45
1 2 25 44
8 2 10 45
4 2 15 47
8 2 21 46
7 2 20 46
7 2 17 46
4 2 13 46
8 2 9 60
7 2 13 59
5 2 9 72
6 2 22 72
2 2 11 72
8 2 21 73
8 2 19 72
6 2 11 72
8 2 9 86
7 2 12 87
4 2 10 86
8 2 15 85
4 2 15 85
2 2 10 86
6 2 9 96
5 2 9 111
7 2 9 111
8 2 29 112
7 2 26 112
5 2 21 113
5 2 23 112
6 2 21 113
8 2 14 112
6 2 13 112
6 2 22 113
8 2 19 112
5 2 18 111
5 2 21 110
8 2 12 112
5 2 19 111
3 2 9 115
7 2 20 114
5 2 9 118
4 2 23 119
3 2 16 120
7 2 22 119
4 2 9 123
7 2 9 152
7 2 25 153
7 2 24 151
1 2 10 151
2 2 15 150
6 2 20 148
1 2 9 160
8 2 24 160
8 2 9 159
7 2 9 182
4 2 9 185
4 2 9 194
2 2 26 193
2 2 15 196
2 2 8 7
4 2 16 8
7 2 25 8
8 2 15 8
7 2 8 32
2 2 8 32
5 2 8 47
8 2 8 57
7 2 8 77
6 2 8 90
7 2 8 89
6 2 24 90
5 2 8 89
6 2 12 88
3 2 8 97
8 2 16 98
8 2 22 97
1 2 21 97
4 2 16 98
6 2 10 98
7 2 15 97
5 2 18 98
7 2 23 97
1 2 8 100
8 2 36 34
5 2 8 114
5 2 8 116
6 2 15 116
8 2 19 117
1 2 9 115
8 2 8 124
6 2 16 125
5 2 19 127
7 2 14 123
8 2 8 139
7 2 12 139
7 2 14 138
7 2 15 138
4 2 8 141
2 2 22 141
1 2 23 143
1 2 21 142
4 2 18 141
3 2 8 143
2 2 13 143
7 2 8 162
8 2 11 163
7 2 29 162
2 2 8 180
3 2 10 181
7 2 13 181
4 2 17 183
7 2 9 179
3 2 15 177
8 2 10 178
6 2 8 181
7 2 7 7
6 2 8 7
6 2 23 8
7 2 9 6
4 2 15 7
5 2 9 9
6 2 7 13
8 2 7 12
8 2 7 37
5 2 7 43
8 2 21 42
3 2 9 43
4 2 8 45
8 2 22 46
7 2 7 62
6 2 26 64
5 2 7 64
8 2 13 63
8 2 9 63
3 2 17 63
5 2 7 66
1 2 8 66
8 2 8 67
8 2 19 68
8 2 7 76
5 2 7 79
8 2 7 81
8 2 7 89
6 2 7 101
7 2 32 101
8 2 28 101
6 2 16 101
8 2 14 100
1 2 12 100
8 2 18 99
8 2 7 102
6 2 33 103
2 2 21 102
7 2 14 101
1 2 7 109
6 2 11 109
6 2 12 109
8 2 9 109
8 2 7 114
7 2 7 125
7 2 7 147
8 2 16 147
1 2 13 148
5 2 15 147
7 2 32 146
7 2 14 148
8 2 7 158
7 2 10 156
6 2 7 186
7 2 7 185
2 2 10 186
6 2 7 185
1 2 20 184
7 2 23 183
7 2 15 184
7 2 7 194
6 2 7 194
6 2 12 195
2 2 12 194
2 2 8 196
7 2 6 1
6 2 12 3
8 2 12 2
6 2 11 1
6 2 6 9
6 2 23 8
7 2 6 8
7 2 15 9
8 2 7 7
6 2 7 6
4 2 6 23
5 2 7 22
8 2 7 23
3 2 10 24
7 2 18 25
7 2 7 24
4 2 12 25
7 2 19 26
4 2 18 26
2 2 9 25
6 2 7 23
7 2 6 31
7 2 16 32
8 2 9 32
3 2 9 33
4 2 6 73
6 2 28 73
8 2 10 72
5 2 16 73
6 2 16 73
5 2 9 73
3 2 6 78
6 2 8 77
5 2 6 81
3 2 6 91
7 2 7 93
7 2 10 94
6 2 15 93
5 2 7 94
6 2 10 95
3 2 6 106
5 2 6 114
7 2 6 116
5 2 6 121
6 2 10 122
2 2 11 121
7 2 20 120
2 2 8 120
4 2 12 120
7 2 8 123
8 2 6 122
7 2 6 121
3 2 6 135
6 2 6 152
2 2 16 154
6 2 7 153
4 2 6 160
3 2 6 173
8 2 18 172
7 2 6 173
4 2 8 175
6 2 12 176
2 2 9 175
8 2 10 175
7 2 7 172
3 2 6 177
8 2 14 176
6 2 9 178
8 2 13 178
4 2 6 193
4 2 5 3
7 2 5 4
8 2 5 8
4 2 5 29
7 2 13 28
8 2 10 30
5 2 13 30
3 2 11 30
4 2 11 30
6 2 14 30
8 2 5 31
7 2 7 32
5 2 13 31
1 2 5 33
6 2 5 54
3 2 13 56
6 2 5 60
8 2 5 59
8 2 11 61
3 2 13 62
1 2 5 62
8 2 5 64
5 2 5 68
8 2 12 69
8 2 25 70
3 2 12 69
3 2 7 66
3 2 5 68
5 2 5 75
2 2 5 75
8 2 10 75
4 2 9 74
6 2 9 73
6 2 5 79
7 2 5 81
7 2 16 82
6 2 11 82
6 2 5 81
1 2 5 105
3 2 7 103
6 2 25 102
3 2 5 105
8 2 5 113
5 2 18 112
2 2 11 112
3 2 6 113
7 2 7 112
7 2 14 111
3 2 5 115
7 2 5 127
4 2 11 126
7 2 8 127
5 2 5 130
4 2 14 128
3 2 13 130
7 2 5 142
7 2 17 141
5 2 6 142
6 2 15 142
6 2 20 141
7 2 13 142
8 2 13 142
6 2 22 143
2 2 24 145
7 2 21 143
7 2 19 143
5 2 17 141
8 2 5 149
8 2 5 157
8 2 9 155
4 2 6 156
2 2 13 157
1 2 24 157
8 2 23 157
1 2 17 158
8 2 12 156
7 2 5 156
1 2 13 157
3 2 12 157
7 2 12 157
8 2 19 158
8 2 27 159
7 2 5 166
6 2 9 168
2 2 5 179
7 2 9 178
3 2 7 180
8 2 4 16
8 2 6 16
6 2 4 26
5 2 6 26
8 2 7 25
6 2 4 42
1 2 4 50
3 2 7 51
6 2 15 52
3 2 4 57
7 2 4 76
1 2 4 80
7 2 4 81
3 2 4 85
4 2 17 84
6 2 8 87
8 2 4 85
6 2 6 86
4 2 10 85
7 2 6 85
1 2 4 95
6 2 4 102
7 2 4 109
8 2 11 109
6 2 4 123
5 2 4 136
1 2 7 136
7 2 8 136
1 2 15 135
8 2 9 136
8 2 25 135
1 2 27 136
3 2 26 137
5 2 6 137
6 2 10 137
6 2 4 149
6 2 10 149
7 2 4 171
1 2 4 183
7 2 17 182
4 2 12 182
2 2 6 183
6 2 4 185
7 2 4 187
4 2 3 1
1 2 3 15
6 2 3 16
5 2 11 17
7 2 11 17
6 2 14 18
1 2 12 18
7 2 7 16
6 2 10 18
7 2 3 16
6 2 9 15
8 2 3 21
7 2 3 24
8 2 3 33
6 2 3 33
6 2 3 35
1 2 15 35
6 2 14 34
7 2 14 35
5 2 13 36
5 2 11 35
2 2 7 36
5 2 3 38
4 2 3 43
1 2 6 44
1 2 12 45
6 2 18 47
7 2 3 42
5 2 3 49
8 2 6 48
3 2 3 60
8 2 3 66
4 2 3 66
4 2 3 68
1 2 3 78
7 2 10 78
6 2 3 90
3 2 4 88
8 2 5 87
7 2 4 91
4 2 3 93
8 2 5 92
7 2 12 93
7 2 5 91
5 2 3 93
2 2 17 94
3 2 3 112
2 2 3 120
8 2 3 126
6 2 7 126
6 2 3 134
5 2 16 133
6 2 11 134
3 2 3 136
3 2 3 139
1 2 3 143
1 2 17 144
6 2 15 144
4 2 3 153
7 2 3 159
1 2 26 158
3 2 3 180
4 2 4 178
7 2 3 179
7 2 9 178
8 2 3 185
8 2 3 187
7 2 3 188
5 2 3 192
5 2 14 191
5 2 11 192
8 2 8 192
6 2 7 192
5 2 15 191
5 2 5 192
3 2 8 192
2 2 3 192
4 2 10 192
6 2 8 193
1 2 3 197
4 2 6 196
4 2 13 195
4 2 10 196
7 2 6 197
1 2 11 198
5 2 2 4
6 2 17 3
8 2 2 23
8 2 14 22
3 2 4 24
3 2 2 23
7 2 2 29
3 2 3 28
7 2 2 33
6 2 2 41
4 2 2 41
6 2 3 41
8 2 2 86
6 2 6 85
6 2 4 88
8 2 5 87
7 2 2 86
4 2 5 85
2 2 2 109
6 2 6 107
2 2 18 106
5 2 7 106
5 2 6 111
5 2 2 111
8 2 2 114
5 2 2 114
7 2 3 113
1 2 2 119
1 2 12 118
4 2 2 119
4 2 4 120
7 2 2 144
2 2 18 143
6 2 9 144
8 2 16 143
3 2 15 143
7 2 6 143
2 2 3 144
7 2 5 144
5 2 12 146
4 2 5 145
8 2 2 160
2 2 7 160
2 2 12 160
7 2 5 159
1 2 2 164
4 2 10 162
6 2 2 165
3 2 9 166
1 2 2 170
8 2 3 169
8 2 2 178
5 2 2 186
8 2 4 185
8 2 1 10
5 2 5 8
6 2 2 9
7 2 1 22
3 2 1 24
6 2 4 23
8 2 1 29
1 2 9 28
6 2 2 28
7 2 14 29
7 2 1 34
5 2 1 45
8 2 13 47
7 2 1 54
5 2 8 56
2 2 6 56
5 2 15 57
2 2 5 54
8 2 7 55
3 2 4 53
2 2 7 53
6 2 7 53
8 2 13 52
6 2 1 60
4 2 9 61
3 2 17 62
7 2 8 61
6 2 11 62
4 2 10 62
8 2 11 63
8 2 4 61
4 2 1 63
2 2 1 63
5 2 1 64
7 2 5 63
1 2 4 63
6 2 2 65
7 2 1 65
1 2 6 64
6 2 1 69
6 2 1 76
7 2 1 75
4 2 5 77
4 2 2 76
4 2 4 75
8 2 1 74
6 2 1 76
4 2 1 78
4 2 7 80
4 2 5 79
6 2 5 80
6 2 4 78
2 2 3 79
8 2 1 90
5 2 4 89
5 2 1 91
4 2 1 95
7 2 3 95
6 2 6 94
8 2 1 103
6 2 5 101
6 2 5 104
5 2 2 102
2 2 21 101
5 2 1 108
2 2 5 108
7 2 13 107
8 2 12 107
6 2 5 108
2 2 1 113
6 2 1 126
8 2 12 127
5 2 3 128
5 2 1 129
6 2 1 133
5 2 1 140
6 2 6 139
6 2 1 149
2 2 1 149
7 2 5 148
6 2 14 149
4 2 1 152
7 2 1 160
6 2 1 161
8 2 8 162
8 2 13 164
7 2 1 164
3 2 1 167
6 2 6 167
5 2 6 167
7 2 10 166
6 2 9 167
3 2 1 170
2 2 1 170
5 2 2 170
7 2 7 169
3 2 1 187
4 2 12 188
6 2 1 194
8 2 12 194
3 2 1 199
7 2 16 198
6 2 2 199
5 2 29 102
1 3 32 12
6 3 30 34
8 3 29 14
7 2 29 13
5 3 28 95
5 3 27 6
4 3 27 34
8 3 27 48
2 3 27 130
8 3 27 146
8 3 26 21
5 3 26 27
7 3 26 83
3 3 25 19
5 3 25 71
4 2 26 70
8 2 25 71
8 3 25 84
2 3 25 95
5 3 25 200
3 3 24 6
6 2 23 6
1 3 24 34
8 3 24 99
5 3 24 101
7 3 24 151
4 3 24 154
8 3 24 155
7 3 23 51
8 3 23 188
1 2 22 188
5 3 22 44
3 3 22 80
3 3 22 95
8 3 22 108
2 3 22 121
5 3 22 122
3 3 21 59
2 3 21 76
3 3 21 136
5 3 21 139
5 3 21 199
7 3 20 70
8 3 20 74
7 3 20 83
6 3 20 147
8 3 19 64
7 3 19 73
6 3 19 121
4 3 21 120
7 3 19 128
4 3 19 165
6 3 19 179
4 3 19 182
8 3 23 183
8 3 20 182
6 3 19 187
8 3 18 72
6 3 18 76
3 3 18 102
6 3 19 102
3 3 18 122
4 3 18 127
8 3 18 146
5 3 18 185
6 3 18 189
1 3 17 5
4 3 17 40
4 3 20 40
7 3 17 47
6 2 17 47
7 3 17 59
8 3 17 69
5 3 17 82
7 3 17 95
1 3 17 103
7 3 17 124
4 3 16 7
8 3 16 22
2 3 16 57
6 3 16 73
4 3 16 88
6 3 16 110
6 3 16 128
6 3 16 160
4 3 16 174
4 3 16 191
8 3 16 200
8 3 15 24
1 3 15 44
3 3 15 70
7 3 15 76
6 2 16 76
7 3 15 115
8 3 16 115
4 3 15 130
6 2 19 130
7 3 19 131
7 3 15 130
2 2 14 130
6 3 15 150
8 2 20 151
2 3 15 167
1 3 15 180
3 3 19 181
4 3 15 181
8 3 15 183
8 3 15 185
8 3 14 3
8 3 14 15
3 3 14 68
1 3 14 129
6 3 14 132
7 2 13 132
6 2 13 132
3 2 15 132
6 3 15 133
8 3 14 141
3 3 14 145
1 3 14 157
1 3 14 193
7 3 13 43
7 3 14 43
1 3 13 64
2 3 13 73
8 3 13 100
2 3 13 102
2 3 13 108
1 3 22 109
5 3 20 107
8 3 13 189
6 3 12 8
6 3 12 19
6 3 20 18
1 3 12 19
3 3 12 24
5 3 12 72
2 3 19 70
2 3 12 100
6 2 11 100
5 3 12 107
6 3 19 106
6 3 12 147
4 2 12 147
4 3 14 146
5 3 12 168
6 2 12 168
1 3 12 178
7 3 15 178
7 3 12 195
6 3 11 1
4 3 11 39
1 2 11 38
8 3 26 100
8 3 17 38
8 3 11 95
5 3 16 96
8 3 15 39
5 3 20 97
4 3 11 145
4 3 11 159
6 2 12 158
8 3 17 159
8 3 11 175
6 2 19 175
7 3 21 176
7 3 11 199
2 3 12 199
3 3 12 199
7 3 10 16
6 3 12 16
6 3 10 28
5 3 10 40
1 3 10 55
6 2 10 54
3 3 10 54
2 3 10 62
6 3 10 62
8 3 10 102
5 3 10 103
2 3 10 131
8 2 13 133
5 3 10 160
5 3 13 159
2 3 13 161
7 3 16 162
8 3 10 180
4 3 9 2
7 2 9 1
5 3 9 48
8 3 9 129
1 3 8 5
7 2 7 5
8 3 8 6
8 3 11 6
4 3 8 57
3 2 8 57
7 3 8 63
6 3 8 70
6 3 12 70
7 2 12 72
5 3 8 74
7 3 8 79
5 2 8 78
8 2 8 78
1 3 11 80
6 3 10 78
3 3 8 85
5 3 8 88
5 3 8 112
4 3 14 112
6 3 8 120
8 2 8 120
7 2 7 121
6 2 9 121
2 3 8 125
8 2 10 125
7 3 8 130
5 3 8 141
6 3 14 142
4 3 8 148
5 3 8 162
8 3 8 170
2 3 8 171
2 3 8 182
7 3 8 190
4 3 7 54
1 3 15 54
6 3 7 82
7 3 7 99
8 2 9 98
8 2 13 97
3 3 7 110
5 3 19 109
7 3 7 154
7 3 12 154
1 3 6 1
3 3 6 15
1 3 6 33
6 3 6 57
4 3 6 98
1 3 6 117
8 3 6 130
8 2 11 129
8 2 11 132
8 2 13 131
7 3 6 159
2 2 10 159
1 3 8 161
7 3 5 29
4 2 13 30
3 3 5 42
4 3 20 42
3 3 5 65
1 2 4 65
1 3 7 66
7 3 22 67
5 3 13 65
7 3 5 75
2 3 5 123
4 3 5 166
6 2 4 166
4 2 12 165
4 3 13 165
3 3 15 165
6 3 4 4
7 3 4 8
7 2 11 8
3 3 10 10
8 3 27 38
5 3 26 11
3 3 7 9
8 2 12 8
5 3 4 23
4 3 4 40
6 3 8 40
8 2 9 40
3 2 7 40
8 3 4 44
7 3 4 97
7 3 4 122
4 2 15 121
1 2 6 122
2 2 6 121
8 3 10 124
2 3 4 128
7 3 12 127
8 3 4 132
7 2 10 132
7 3 9 134
8 3 12 135
1 3 4 172
5 3 4 174
5 3 7 176
7 3 19 176
3 3 4 176
7 3 6 176
4 3 3 31
8 3 3 46
5 3 3 66
2 3 3 146
6 2 9 146
8 2 7 146
6 2 7 147
8 2 5 147
2 3 3 159
7 3 8 158
8 3 5 159
1 2 5 159
2 3 2 28
5 2 5 28
8 3 2 41
5 2 5 40
8 2 5 39
5 3 6 42
4 3 19 41
4 3 16 42
4 3 2 86
7 3 3 85
6 3 3 84
4 2 12 84
5 3 2 90
7 3 19 89
6 3 13 89
1 3 2 104
6 2 3 105
7 2 13 106
6 2 6 104
6 2 4 106
8 2 2 104
7 3 7 106
8 3 2 143
5 3 7 145
8 3 2 180
7 3 10 181
7 3 2 184
8 2 6 182
6 3 1 10
5 2 7 11
5 2 2 10
8 3 1 15
6 2 5 16
2 2 8 16
4 3 2 17
5 2 12 16
5 3 9 18
1 3 1 19
7 2 20 20
2 2 4 19
6 2 19 20
2 2 18 21
7 2 1 18
6 3 1 24
7 3 9 25
8 3 3 26
7 2 5 27
7 2 2 27
8 2 12 26
6 2 2 26
6 3 5 25
3 2 4 25
8 3 2 24
5 3 1 32
8 2 2 31
1 3 5 30
2 3 1 34
8 3 1 51
8 2 3 52
8 2 6 53
2 3 1 53
5 2 5 55
4 3 16 52
6 3 16 52
4 3 13 53
8 3 5 53
7 2 11 52
5 3 1 53
8 3 1 66
7 2 4 68
7 2 5 69
8 2 5 69
8 3 4 67
6 3 12 68
6 3 1 71
1 2 4 72
1 2 1 71
4 3 3 71
1 2 4 70
7 3 1 72
5 3 1 123
4 2 1 124
7 2 8 125
1 3 1 129
8 2 6 130
7 2 5 131
6 2 4 130
6 3 1 144
6 3 1 154
8 2 5 154
8 2 13 153
1 3 22 152
6 3 10 156
5 3 1 173
6 3 2 171
8 2 1 171
1 3 1 175
8 2 1 175
7 3 9 177
6 3 4 175
6 3 1 178
5 2 3 180
4 2 2 180
4 3 1 188
7 2 14 187
4 2 10 190
8 2 1 188
6 3 6 188
4 2 5 189
7 2 9 190
5 4 26 150
7 4 25 11
7 4 24 51
4 4 24 177
8 4 22 137
5 4 22 197
2 4 21 140
8 4 20 46
6 4 20 83
6 4 20 152
7 4 20 177
3 4 19 135
8 4 17 6
6 4 17 12
5 2 26 12
6 2 26 12
8 4 16 35
4 4 16 62
7 4 15 138
8 4 17 77
8 4 15 163
3 4 15 185
8 4 14 81
8 4 14 172
7 4 13 27
3 4 13 74
5 2 12 74
5 4 13 120
6 2 11 121
5 4 13 135
4 4 12 2
7 4 12 7
1 4 12 20
2 4 12 22
6 4 12 46
4 3 12 46
4 4 12 168
8 4 14 169
8 4 11 67
8 4 11 113
6 4 10 15
6 4 10 70
6 4 10 199
7 4 9 102
7 4 16 101
4 4 9 117
8 4 19 116
5 4 9 174
7 4 9 175
2 4 9 189
6 4 9 191
7 2 10 192
6 4 9 194
6 3 14 193
6 4 10 194
6 4 8 21
7 3 10 21
2 4 8 80
7 4 8 99
7 4 8 132
8 4 8 144
8 4 8 176
6 4 8 188
2 4 14 187
6 4 7 70
6 4 7 87
8 4 7 92
6 4 10 90
2 4 7 153
7 4 7 199
7 4 6 9
7 4 6 21
8 2 6 21
8 4 8 20
8 4 6 57
5 4 9 56
8 4 6 60
5 3 9 59
5 4 6 60
4 4 6 116
8 2 17 116
1 4 6 139
4 4 6 180
3 2 6 179
6 4 5 4
6 4 5 79
8 4 5 99
8 2 6 99
5 4 5 130
8 4 5 131
6 3 6 131
4 4 5 161
8 4 5 160
1 4 5 162
6 3 6 163
7 2 5 163
6 4 6 198
8 2 6 199
3 3 13 198
7 3 5 198
6 2 5 197
8 3 5 197
6 2 3 198
7 4 12 164
5 4 4 82
7 4 4 123
4 4 4 132
1 2 4 131
8 4 4 166
8 2 6 168
1 4 3 111
2 4 3 113
8 2 3 112
3 4 4 114
4 4 3 117
6 4 2 20
4 4 2 32
3 4 2 43
4 3 15 45
4 4 11 44
3 4 2 47
8 4 2 56
6 3 2 57
7 4 5 59
6 4 2 121
7 4 2 129
6 4 2 159
7 4 2 160
5 4 2 195
7 2 2 196
1 3 2 196
3 4 1 1
1 2 11 2
2 4 1 8
6 4 1 54
8 4 1 71
3 2 1 71
5 4 1 73
7 2 2 72
4 2 1 72
2 4 2 72
5 4 1 103
7 3 10 102
7 4 11 102
5 4 4 102
2 4 1 106
6 2 14 107
7 4 1 142
8 2 4 141
1 4 3 143
4 4 1 165
6 2 9 164
6 3 6 165
3 3 16 197
6 2 15 197
7 5 26 12
7 5 23 38
8 5 19 158
3 2 18 158
5 5 18 168
7 5 15 50
8 5 15 50
6 5 15 178
8 5 14 42
8 5 14 83
2 4 14 83
2 4 17 84
7 5 13 98
1 5 13 108
5 5 13 110
6 5 12 63
5 5 12 91
7 5 12 119
5 5 11 42
3 5 11 93
1 5 10 47
8 3 7 48
3 5 10 81
6 5 10 83
3 5 10 101
2 5 10 150
6 2 9 150
3 4 13 152
7 5 10 152
3 5 10 191
6 5 9 27
5 5 11 26
3 5 9 61
5 2 9 61
7 2 8 61
3 5 9 150
2 2 10 151
8 5 9 173
2 5 9 188
4 5 8 26
5 5 8 54
7 5 8 128
8 5 8 157
3 3 14 157
3 5 8 163
7 5 8 197
6 5 7 19
4 5 6 29
6 2 5 29
8 5 10 30
6 5 6 106
6 3 7 107
1 5 6 108
6 2 6 108
7 4 13 109
2 5 5 1
6 2 7 2
8 2 12 2
7 5 5 30
8 5 5 64
8 5 4 29
4 5 4 92
4 2 14 91
4 5 4 164
6 2 6 163
7 2 6 163
7 5 4 189
7 5 3 24
2 2 3 23
5 5 3 87
7 2 3 87
6 2 2 87
8 2 3 86
5 5 3 156
7 2 1 156
5 3 7 157
5 4 12 155
3 5 7 158
1 5 2 10
7 2 1 10
8 2 1 9
7 4 9 9
7 5 14 9
3 5 2 16
6 5 2 50
7 4 11 50
7 3 12 49
6 5 4 48
4 5 2 64
6 2 1 64
7 5 2 66
6 5 2 74
8 5 2 107
5 5 2 171
4 2 6 170
8 5 5 170
6 3 3 171
5 5 2 178
8 5 2 183
3 2 6 183
7 2 11 183
3 5 9 182
6 5 2 187
2 5 2 194
8 2 1 195
3 5 5 193
4 5 1 12
8 2 12 13
5 5 1 29
4 5 1 109
6 2 1 109
3 2 2 111
6 3 1 112
6 5 1 114
8 2 3 117
1 2 1 114
6 2 4 118
1 2 8 119
8 5 1 127
1 5 8 126
4 5 18 50
6 6 14 150
4 6 12 170
3 6 8 1
7 2 6 2
5 6 8 125
4 6 8 134
3 6 7 193
6 6 6 109
5 2 6 108
8 6 6 165
5 6 6 168
5 6 5 49
2 6 5 116
6 6 5 173
7 6 5 175
8 6 4 9
6 2 7 9
5 3 13 11
3 6 4 22
5 2 2 23
1 2 4 21
3 6 4 95
6 3 1 97
7 2 1 97
4 2 7 96
8 3 2 95
7 4 1 96
3 2 1 95
8 2 5 94
7 2 4 95
5 5 1 96
6 6 5 97
2 6 3 5
6 4 5 5
2 2 5 5
4 3 4 5
3 6 3 64
2 2 1 64
2 6 3 67
2 6 4 68
7 6 3 132
4 6 3 165
8 2 14 166
6 2 13 166
7 2 13 166
5 6 2 27
5 6 2 51
2 2 2 52
6 6 2 113
7 3 8 112
5 6 2 161
2 2 4 162
4 6 2 172
2 6 1 86
6 6 1 94
7 6 1 103
7 2 10 103
6 6 1 189
7 2 1 188
8 3 1 189
4 2 1 190
7 2 1 191
4 2 2 190
2 2 2 190
8 2 1 191
8 6 8 188
4 6 1 193
7 2 1 195
6 7 16 136
1 7 15 36
7 7 13 152
4 2 13 152
6 7 10 3
3 7 10 184
5 7 7 160
6 7 7 167
4 7 5 122
6 7 2 1
4 7 2 134
7 2 9 134
8 2 9 136
6 5 11 134
6 5 13 137
1 7 1 29
3 8 14 37
2 2 11 38
4 2 10 38
7 3 14 37
8 8 9 62
8 8 9 175
5 8 8 165
8 8 6 192
7 8 5 31
6 8 5 151
2 2 6 154
1 8 5 195
8 2 5 194
5 8 4 37
4 2 5 37
6 2 6 38
7 3 6 38
7 2 7 38
7 7 9 39
4 8 3 108
8 2 2 108
6 8 3 154
4 2 1 155
6 8 2 88
7 8 2 97
8 8 2 144
2 4 1 145
7 3 3 146
5 2 14 144
1 6 7 142
2 8 5 147
8 5 6 148
8 6 9 149
7 8 1 5
7 8 1 33
8 2 1 34
6 6 14 33
8 2 13 33
1 8 1 144
5 3 8 143
8 2 7 143
7 2 6 143
4 2 5 143
6 9 12 9
8 9 9 43
4 9 6 13
7 2 4 14
2 2 4 14
3 9 6 161
5 9 5 113
7 9 5 146
6 2 7 147
6 2 8 148
7 2 7 148
7 9 4 9
5 7 7 8
5 7 6 11
4 9 3 34
7 9 3 51
1 2 2 52
6 9 2 6
6 9 1 43
6 6 3 44
8 9 1 95
6 2 2 99
5 3 4 98
1 2 3 98
7 9 1 105
2 2 1 106
8 9 1 128
6 2 5 131
6 10 7 110
1 4 5 111
3 10 4 115
5 10 1 75
6 2 1 78
8 2 1 78
6 10 1 129
1 2 2 129
8 10 1 157
4 2 3 157
6 11 9 96
6 11 4 60
6 11 4 135
4 3 3 136
7 11 2 67
5 11 1 95
3 2 2 97
7 12 12 101
6 12 3 121
7 2 1 122
1 12 2 188
7 2 3 189
3 12 1 182
8 2 2 184
6 2 1 185
2 13 3 163
5 13 2 78
5 13 1 10
8 2 1 12
3 2 1 11
6 2 1 10
2 13 1 36
8 2 1 37
4 15 10 133
7 15 7 16
7 15 1 112
6 2 1 111
7 16 3 108
7 16 2 159
6 2 1 159
6 17 7 40
2 2 6 40
7 18 1 54
2 2 2 60
8 2 1 58
1 2 1 59
8 3 2 58
7 19 2 44
3 2 1 44
8 19 1 1
6 2 3 5
7 2 2 5
6 20 5 88
7 2 1 88
8 2 1 90
7 2 1 90
6 20 1 63
3 2 3 63
3 2 4 62
5 2 4 63
7 2 3 63
5 2 2 63
7 2 2 63
1 2 1 64
6 21 1 30
8 22 1 108
4 23 3 172
1 2 2 173
8 2 2 174
7 23 1 38
6 2 1 37
7 26 5 76
8 2 6 78
6 26 3 44
3 3 1 47
8 27 5 94
5 2 4 96
8 27 3 123
7 2 2 125
5 2 2 124
1 2 3 124
8 28 1 137
7 5 1 140
5 6 3 138
1 2 1 139
5 30 2 130
6 2 1 133
2 2 1 133
4 31 3 17
8 2 3 17
7 37 3 10
8 2 1 12
4 2 1 12
8 4 2 10
2 3 1 10
7 38 4 80
8 2 3 80
8 43 2 65
7 5 3 67
6 73 1 156
8 2 2 165
7 3 1 161
7 3 1 163
6 6 2 165
4 3 3 163
2 2 2 163
