8386
4372
5 2 100 2
4 2 100 22
8 2 100 24
4 2 100 50
8 2 100 60
1 2 100 62
2 2 100 65
3 2 100 78
5 2 100 87
8 2 99 3
4 2 99 4
8 2 99 16
1 2 99 15
3 2 99 31
2 2 99 38
4 2 100 40
3 2 99 40
2 2 99 46
1 2 99 50
4 2 99 59
2 2 99 67
6 2 99 77
8 2 99 91
6 2 98 12
1 2 98 11
7 2 98 20
7 2 98 27
3 2 98 28
8 2 98 32
2 2 98 35
1 2 98 46
5 2 98 49
7 2 98 48
5 2 98 52
4 2 98 55
5 2 98 60
6 2 98 64
3 2 98 69
2 2 98 73
6 2 98 74
4 2 98 86
7 2 98 92
6 2 97 3
1 2 97 9
7 2 97 14
3 2 97 13
7 2 97 24
1 2 98 23
4 2 97 26
8 2 98 25
3 2 97 33
1 2 98 34
6 2 97 39
2 2 97 40
4 2 97 41
2 2 97 47
2 2 97 56
5 2 97 55
3 2 97 58
1 2 97 67
5 2 97 81
6 2 96 11
6 2 98 10
4 2 97 10
7 2 96 44
5 2 96 52
8 2 96 74
2 2 96 77
8 2 97 77
4 2 96 76
3 2 96 85
4 2 99 96
7 2 96 84
6 2 97 82
6 2 96 84
7 2 96 84
2 2 96 86
8 2 96 86
4 2 96 94
7 2 97 83
1 2 96 100
3 2 97 93
6 2 95 2
4 2 99 1
3 2 95 12
8 2 95 12
8 2 95 39
7 2 95 42
7 2 95 45
6 2 95 45
2 2 95 53
5 2 95 60
2 2 95 93
5 2 94 3
1 2 97 4
6 2 94 5
8 2 94 6
6 2 94 8
2 2 98 7
4 2 94 13
2 2 94 17
1 2 94 19
2 2 98 19
5 2 94 20
4 2 94 28
1 2 94 32
7 2 97 31
6 2 94 35
6 2 97 34
5 2 97 36
2 2 95 35
5 2 94 40
7 2 94 39
4 2 94 38
2 2 96 37
1 2 94 46
2 2 94 48
2 2 94 61
1 2 97 61
4 2 94 89
2 2 97 87
8 2 96 89
2 2 95 89
6 2 95 90
8 2 96 90
6 2 93 3
3 2 93 5
5 2 93 8
3 2 95 7
4 2 93 9
7 2 93 25
2 2 93 27
1 2 94 27
5 2 96 28
1 2 93 33
5 2 95 32
2 2 93 34
1 2 93 36
7 2 94 35
6 2 93 46
1 2 93 60
2 2 94 59
8 2 93 62
1 2 93 76
8 2 98 75
1 2 95 75
8 2 93 80
6 2 98 79
7 2 97 80
3 2 96 81
3 2 95 79
6 2 94 80
1 2 93 90
2 2 93 94
1 2 93 97
8 2 95 98
1 2 92 3
1 2 92 16
7 2 92 15
6 2 94 14
1 2 94 13
4 2 92 14
3 2 93 12
5 2 93 15
3 2 92 14
7 2 94 15
1 2 92 16
5 2 92 28
6 2 92 27
4 2 92 38
1 2 94 96
8 2 92 46
2 2 92 69
1 2 96 37
3 2 95 37
3 2 95 67
7 2 92 80
7 2 92 87
6 2 95 86
8 2 92 93
6 2 92 95
6 2 96 95
2 2 95 96
1 2 91 8
6 2 91 16
1 2 91 24
7 2 95 23
7 2 94 24
1 2 91 28
6 2 95 29
3 2 94 29
2 2 91 29
2 2 93 31
4 2 91 30
2 2 92 29
5 2 92 29
7 2 91 36
5 2 91 47
3 2 91 59
3 2 91 83
1 2 95 82
6 2 91 89
2 2 93 91
1 2 96 92
4 2 92 91
5 2 94 90
7 2 90 3
6 2 90 3
6 2 90 13
7 2 90 12
8 2 90 15
4 2 90 14
8 2 90 21
4 2 97 22
4 2 95 21
1 2 95 20
6 2 94 22
2 2 94 21
3 2 90 32
8 2 90 40
3 2 91 39
7 2 90 44
1 2 97 43
6 2 97 42
7 2 91 45
1 2 90 52
3 2 90 54
4 2 90 57
2 2 91 57
8 2 95 56
6 2 97 55
6 2 94 56
8 2 93 56
5 2 93 57
4 2 92 56
6 2 90 66
6 2 97 68
6 2 95 67
7 2 93 67
7 2 94 68
8 2 93 66
2 2 93 65
4 2 92 68
1 2 91 67
4 2 90 67
5 2 90 69
1 2 90 76
8 2 93 76
3 2 93 76
7 2 92 77
4 2 90 80
1 2 90 93
5 2 94 94
7 2 94 95
5 2 89 14
4 2 89 28
2 2 89 27
8 2 91 27
1 2 89 34
5 2 89 33
6 2 89 34
6 2 89 37
5 2 89 45
5 2 89 50
6 2 96 49
3 2 92 51
6 2 93 51
2 2 93 50
6 2 94 49
8 2 91 51
3 2 90 51
4 2 89 62
1 2 97 63
7 2 96 63
4 2 94 63
8 2 89 68
3 2 89 76
8 2 88 1
7 2 94 2
2 2 88 6
4 2 92 5
4 2 88 9
4 2 93 8
8 2 92 9
3 2 89 8
5 2 91 10
7 2 88 10
4 2 88 18
8 2 92 19
6 2 96 18
4 2 95 18
3 2 94 18
6 2 94 18
3 2 93 21
5 2 92 18
1 2 88 33
1 2 88 36
8 2 88 40
1 2 88 46
3 2 88 50
2 2 89 50
4 2 88 52
1 2 89 52
5 2 93 53
1 2 88 54
2 2 90 55
4 2 88 65
8 2 94 64
4 2 91 65
5 2 88 65
2 2 89 66
3 2 88 74
7 2 88 76
3 2 88 81
1 2 87 10
8 2 87 12
5 2 90 11
2 2 89 12
2 2 87 19
7 2 88 19
1 2 87 19
5 2 87 31
3 2 87 45
2 2 90 44
2 2 87 71
4 2 96 70
5 2 87 96
3 2 91 96
6 2 89 97
5 2 92 97
6 2 88 95
4 2 89 93
4 2 88 95
2 2 88 97
6 2 86 18
2 2 86 20
7 2 91 21
3 2 86 43
1 2 93 42
5 2 95 41
2 2 91 41
2 2 89 43
5 2 92 42
6 2 87 43
8 2 89 42
2 2 90 43
5 2 86 44
4 2 90 43
8 2 86 46
7 2 86 49
3 2 93 48
3 2 90 49
7 2 90 48
5 2 90 49
4 2 87 48
1 2 86 50
7 2 88 52
3 2 86 52
7 2 87 51
5 2 87 52
6 2 86 55
5 2 86 60
7 2 86 71
1 2 96 70
5 2 95 70
7 2 95 72
1 2 92 71
2 2 95 72
4 2 91 71
7 2 89 70
7 2 94 69
2 2 90 72
1 2 87 70
5 2 86 71
8 2 87 71
4 2 86 77
3 2 86 76
7 2 86 86
3 2 90 86
1 2 90 87
1 2 92 88
6 2 88 87
5 2 87 87
3 2 86 89
5 2 91 88
7 2 89 88
1 2 86 96
4 2 85 31
2 2 91 30
1 2 87 30
1 2 89 30
8 2 90 32
2 2 85 32
1 2 90 33
1 2 85 37
4 2 85 38
5 2 85 58
3 2 88 58
8 2 90 57
7 2 92 59
3 2 91 59
3 2 89 57
6 2 87 58
4 2 86 57
6 2 85 63
5 2 85 81
1 2 85 84
1 2 91 83
7 2 87 84
4 2 91 84
8 2 86 84
3 2 88 84
4 2 85 95
7 2 89 93
3 2 88 93
5 2 84 1
1 2 84 12
3 2 88 11
2 2 86 11
8 2 84 23
3 2 93 23
3 2 88 23
5 2 91 22
1 2 86 24
2 2 90 26
6 2 89 26
1 2 93 25
5 2 88 26
4 2 89 26
2 2 87 25
1 2 91 24
2 2 88 24
3 2 88 26
5 2 87 24
4 2 87 25
2 2 88 25
6 2 86 24
1 2 84 22
2 2 84 29
7 2 88 28
5 2 84 41
3 2 84 43
1 2 87 43
7 2 84 51
8 2 84 53
3 2 84 55
2 2 84 56
3 2 84 58
8 2 87 59
2 2 84 67
4 2 87 66
5 2 87 67
4 2 86 68
4 2 84 70
2 2 90 69
5 2 84 74
8 2 93 73
4 2 93 73
7 2 93 73
6 2 92 73
1 2 87 73
6 2 84 83
4 2 84 82
8 2 84 86
4 2 85 87
2 2 83 6
4 2 89 5
6 2 90 5
8 2 87 6
7 2 83 8
3 2 83 9
4 2 84 9
5 2 83 13
3 2 83 21
6 2 86 20
6 2 84 21
4 2 83 36
3 2 83 37
8 2 88 36
7 2 88 37
3 2 84 38
2 2 83 54
5 2 83 56
8 2 85 55
4 2 83 57
8 2 83 60
3 2 87 60
4 2 83 75
5 2 86 75
5 2 83 85
5 2 82 7
4 2 83 6
5 2 87 83
8 2 89 5
2 2 89 82
7 2 90 4
3 2 88 5
7 2 84 5
7 2 86 4
6 2 87 3
6 2 83 5
1 2 87 6
6 2 82 8
7 2 82 12
2 2 82 11
2 2 82 25
5 2 82 25
5 2 85 26
3 2 83 24
1 2 82 37
4 2 88 38
8 2 85 36
7 2 85 35
1 2 82 53
1 2 82 63
8 2 88 62
7 2 90 82
1 2 90 81
5 2 88 61
1 2 87 62
7 2 82 71
5 2 82 75
8 2 85 63
5 2 84 76
7 2 84 77
5 2 88 74
6 2 85 78
2 2 89 79
3 2 82 96
1 2 81 1
1 2 90 1
2 2 84 78
3 2 81 3
4 2 86 2
4 2 81 28
2 2 81 36
5 2 81 64
3 2 81 63
4 2 87 1
4 2 83 64
4 2 82 62
5 2 82 64
5 2 84 64
2 2 81 70
8 2 82 70
1 2 84 69
8 2 81 78
5 2 88 64
7 2 82 77
8 2 81 90
4 2 85 78
4 2 85 91
7 2 86 91
6 2 88 92
5 2 89 92
7 2 88 92
3 2 81 92
5 2 85 92
1 2 81 91
4 2 80 4
4 2 83 92
5 2 85 3
1 2 81 3
2 2 81 2
5 2 85 91
2 2 84 1
7 2 80 11
4 2 82 10
8 2 81 11
6 2 80 17
2 2 85 1
2 2 82 18
3 2 87 17
8 2 84 18
1 2 83 19
3 2 80 16
3 2 80 26
6 2 80 32
7 2 85 31
3 2 84 31
6 2 83 32
6 2 80 47
2 2 85 47
8 2 82 45
3 2 80 56
8 2 83 57
5 2 82 56
8 2 80 59
2 2 80 59
7 2 86 17
7 2 80 63
8 2 80 64
3 2 80 65
3 2 82 66
3 2 84 66
6 2 83 65
8 2 80 66
2 2 80 98
7 2 88 99
5 2 96 99
7 2 86 58
5 2 83 98
5 2 91 97
4 2 91 99
6 2 91 99
3 2 87 97
4 2 79 18
3 2 83 17
1 2 84 16
7 2 82 19
5 2 82 20
4 2 82 20
7 2 79 19
7 2 82 20
7 2 79 24
2 2 79 27
8 2 79 51
6 2 79 67
5 2 83 68
8 2 83 69
3 2 79 70
4 2 79 83
1 2 85 84
6 2 89 85
6 2 81 84
6 2 80 82
5 2 89 81
7 2 79 92
6 2 79 99
8 2 82 98
4 2 84 99
4 2 86 98
2 2 83 99
8 2 84 99
7 2 82 97
6 2 82 99
2 2 78 15
7 2 82 15
4 2 86 14
6 2 83 15
4 2 82 15
5 2 81 16
5 2 78 15
5 2 78 19
1 2 78 29
1 2 79 28
4 2 78 45
1 2 82 44
5 2 80 46
6 2 78 51
6 2 83 52
4 2 80 50
5 2 84 49
8 2 84 49
4 2 78 52
2 2 80 54
6 2 80 55
7 2 78 57
8 2 79 56
3 2 78 58
7 2 84 59
2 2 78 83
2 2 79 83
8 2 78 87
6 2 90 88
8 2 88 88
2 2 84 88
1 2 79 86
1 2 83 87
6 2 78 89
3 2 78 88
7 2 78 97
8 2 77 5
6 2 77 27
6 2 79 26
8 2 77 36
6 2 83 37
7 2 79 37
1 2 83 38
7 2 77 52
7 2 77 61
8 2 77 60
6 2 87 61
5 2 86 62
4 2 85 61
8 2 84 61
3 2 77 68
8 2 77 72
8 2 85 72
8 2 86 73
3 2 87 73
1 2 77 71
5 2 79 72
6 2 84 72
7 2 84 71
1 2 83 73
7 2 82 73
6 2 84 74
8 2 84 74
7 2 77 82
1 2 85 81
8 2 89 80
7 2 80 83
1 2 79 84
1 2 77 85
6 2 77 87
2 2 77 97
1 2 81 98
4 2 81 99
2 2 76 1
5 2 85 1
7 2 84 1
3 2 83 1
5 2 76 33
8 2 80 33
1 2 79 32
8 2 82 33
4 2 81 33
8 2 76 42
8 2 82 43
8 2 80 42
1 2 85 41
4 2 86 40
2 2 85 40
8 2 84 43
6 2 76 52
8 2 80 52
6 2 76 58
8 2 77 57
7 2 76 62
6 2 78 62
7 2 82 64
2 2 77 63
7 2 77 64
6 2 76 61
1 2 78 61
4 2 77 59
4 2 76 61
5 2 76 62
6 2 76 79
1 2 87 78
1 2 81 77
6 2 85 78
8 2 83 76
3 2 83 77
7 2 76 84
3 2 79 83
5 2 78 83
4 2 76 87
7 2 76 87
3 2 76 92
6 2 78 91
3 2 80 90
8 2 79 90
1 2 82 90
3 2 78 91
5 2 76 92
6 2 83 93
6 2 76 97
4 2 75 6
5 2 77 7
8 2 79 5
5 2 80 4
4 2 75 31
5 2 75 38
4 2 81 39
8 2 78 39
1 2 78 40
4 2 75 38
8 2 81 37
2 2 78 38
1 2 75 74
1 2 75 77
3 2 75 78
8 2 83 79
8 2 84 80
6 2 83 80
3 2 82 80
5 2 82 81
2 2 85 81
7 2 76 79
8 2 75 80
7 2 75 82
7 2 82 81
4 2 75 95
6 2 74 6
3 2 74 32
5 2 76 31
1 2 82 30
3 2 81 29
3 2 79 31
7 2 76 32
3 2 74 35
7 2 76 35
4 2 76 34
2 2 83 35
5 2 84 34
4 2 82 35
1 2 81 35
2 2 76 36
4 2 76 37
2 2 74 52
4 2 77 53
6 2 77 53
4 2 78 54
8 2 75 53
4 2 76 55
7 2 74 60
1 2 78 59
3 2 75 59
5 2 75 60
2 2 74 61
5 2 74 65
1 2 76 64
7 2 74 75
2 2 78 77
3 2 78 77
5 2 78 76
8 2 77 77
1 2 74 94
1 2 86 93
8 2 88 94
3 2 87 95
2 2 82 93
4 2 78 93
6 2 78 94
8 2 78 93
7 2 79 94
7 2 77 93
5 2 77 92
1 2 77 95
5 2 79 96
5 2 77 95
4 2 75 93
3 2 77 93
7 2 75 94
4 2 74 94
8 2 74 99
3 2 73 10
1 2 81 9
5 2 73 12
2 2 73 13
8 2 73 23
4 2 78 22
3 2 87 22
8 2 85 22
7 2 78 21
2 2 79 22
2 2 80 23
8 2 80 23
5 2 78 23
1 2 73 32
6 2 76 31
5 2 80 30
6 2 79 30
3 2 78 30
2 2 73 35
3 2 73 40
5 2 76 42
3 2 79 43
3 2 80 44
2 2 79 42
8 2 73 44
8 2 73 64
3 2 75 63
2 2 73 90
8 2 73 94
4 2 73 96
8 2 76 97
3 2 72 8
8 2 76 7
2 2 80 8
4 2 78 8
3 2 72 26
4 2 78 25
7 2 77 27
4 2 76 26
1 2 76 26
8 2 73 26
8 2 72 30
6 2 76 29
2 2 76 30
6 2 72 34
5 2 72 54
8 2 80 54
4 2 79 55
2 2 72 56
5 2 76 55
1 2 72 68
2 2 78 69
4 2 72 70
2 2 78 70
2 2 75 69
6 2 78 71
6 2 76 70
5 2 72 74
5 2 80 73
1 2 72 78
2 2 72 85
7 2 72 88
8 2 75 87
2 2 74 87
4 2 72 93
5 2 72 93
3 2 71 11
6 2 80 10
6 2 78 11
6 2 71 19
1 2 71 19
2 2 72 20
4 2 71 37
5 2 76 38
2 2 76 38
6 2 72 37
3 2 75 37
3 2 71 46
6 2 77 47
7 2 82 49
2 2 83 49
8 2 71 62
2 2 71 67
3 2 72 67
6 2 71 68
2 2 71 80
7 2 77 80
4 2 75 79
5 2 79 78
7 2 78 79
3 2 71 93
1 2 71 94
1 2 71 100
5 2 76 99
4 2 70 13
4 2 77 14
8 2 80 14
7 2 77 15
1 2 70 14
7 2 73 15
3 2 78 16
3 2 70 17
6 2 78 17
1 2 72 16
5 2 72 17
2 2 70 19
7 2 70 26
6 2 72 27
3 2 76 28
8 2 75 28
7 2 75 27
5 2 71 26
1 2 70 35
3 2 70 38
6 2 73 38
1 2 81 40
6 2 74 39
5 2 75 40
3 2 74 40
1 2 70 37
4 2 73 36
8 2 70 38
7 2 70 44
1 2 70 46
7 2 76 46
8 2 82 47
3 2 77 48
2 2 70 56
4 2 75 57
7 2 72 55
7 2 71 57
8 2 70 64
3 2 70 64
4 2 74 63
1 2 73 64
2 2 70 70
3 2 70 69
7 2 70 71
8 2 70 88
6 2 70 91
5 2 78 90
4 2 77 90
7 2 82 89
2 2 76 90
8 2 75 90
5 2 75 89
7 2 69 8
1 2 81 7
5 2 80 7
8 2 76 8
6 2 76 7
2 2 70 7
7 2 69 14
8 2 69 17
8 2 75 16
6 2 74 16
6 2 69 21
2 2 69 25
8 2 69 24
6 2 77 24
4 2 73 24
2 2 72 22
1 2 72 24
4 2 72 24
3 2 69 23
1 2 69 27
4 2 69 40
2 2 69 48
4 2 75 47
8 2 79 48
4 2 78 48
2 2 77 48
3 2 74 47
7 2 72 47
1 2 75 46
7 2 75 48
4 2 76 50
5 2 79 51
8 2 74 48
2 2 73 48
6 2 73 48
8 2 73 47
2 2 70 48
2 2 69 61
5 2 71 62
6 2 72 63
4 2 69 63
7 2 69 66
5 2 71 65
4 2 69 84
8 2 74 85
7 2 75 86
8 2 73 83
1 2 69 84
3 2 68 21
7 2 68 20
6 2 68 41
4 2 74 40
1 2 68 55
6 2 72 54
8 2 71 55
2 2 73 55
1 2 72 56
5 2 72 56
5 2 68 54
1 2 71 53
2 2 75 52
5 2 72 52
1 2 77 54
5 2 75 51
6 2 69 53
6 2 68 59
8 2 68 61
6 2 68 62
7 2 68 63
4 2 68 69
7 2 72 68
8 2 68 78
8 2 72 77
5 2 68 90
5 2 73 92
8 2 68 92
5 2 68 93
1 2 68 97
4 2 74 97
5 2 71 96
3 2 68 100
6 2 78 99
7 2 67 2
5 2 67 1
6 2 74 2
6 2 77 1
4 2 76 1
8 2 75 1
5 2 71 2
2 2 74 3
4 2 71 1
6 2 67 2
8 2 69 4
8 2 68 2
1 2 76 1
6 2 75 1
5 2 72 1
3 2 67 4
7 2 71 4
4 2 67 26
8 2 67 59
4 2 72 59
8 2 71 60
3 2 71 60
3 2 67 66
2 2 74 65
4 2 67 67
8 2 69 68
4 2 68 66
2 2 71 65
7 2 68 69
3 2 67 74
5 2 81 74
8 2 80 74
6 2 81 75
4 2 79 74
5 2 75 74
8 2 73 73
3 2 74 74
2 2 78 75
1 2 67 94
4 2 69 95
3 2 69 96
8 2 68 96
8 2 67 94
4 2 67 100
7 2 74 99
4 2 66 6
7 2 71 7
1 2 68 6
1 2 70 5
7 2 78 4
4 2 77 4
3 2 68 6
1 2 66 14
7 2 77 13
2 2 76 14
3 2 70 14
2 2 69 14
4 2 66 15
6 2 66 46
4 2 70 47
1 2 66 57
1 2 66 62
1 2 70 61
3 2 67 63
8 2 69 64
1 2 68 65
4 2 66 81
1 2 72 82
1 2 73 81
3 2 74 80
4 2 72 81
5 2 74 81
1 2 70 81
7 2 66 83
4 2 66 87
6 2 66 92
6 2 65 4
3 2 70 5
5 2 69 4
6 2 74 5
4 2 65 3
7 2 65 7
5 2 68 6
7 2 65 16
5 2 65 34
8 2 79 33
7 2 77 33
2 2 76 33
7 2 68 34
7 2 73 33
8 2 65 35
6 2 65 35
8 2 67 34
5 2 66 36
8 2 67 37
2 2 68 38
3 2 66 35
5 2 72 33
2 2 66 36
6 2 66 37
7 2 65 40
2 2 69 41
4 2 81 41
2 2 67 40
7 2 69 40
1 2 65 41
3 2 70 42
6 2 75 41
7 2 78 42
1 2 70 41
5 2 70 42
6 2 75 43
5 2 76 43
6 2 76 44
4 2 74 43
2 2 68 43
5 2 66 40
5 2 65 43
3 2 65 49
1 2 70 48
5 2 76 49
6 2 74 49
8 2 75 50
1 2 73 49
3 2 73 50
4 2 72 49
7 2 76 50
4 2 75 50
6 2 71 50
2 2 69 50
3 2 67 47
4 2 65 50
3 2 67 51
4 2 66 51
5 2 65 68
3 2 65 88
1 2 68 86
6 2 65 96
6 2 68 97
7 2 64 11
1 2 64 10
3 2 79 11
8 2 73 9
4 2 71 9
2 2 73 11
8 2 72 11
8 2 64 18
1 2 73 17
8 2 72 18
5 2 72 17
4 2 71 19
7 2 64 33
2 2 64 35
8 2 64 41
6 2 64 46
2 2 69 45
3 2 64 54
1 2 68 53
3 2 70 55
3 2 68 55
7 2 65 53
4 2 70 52
6 2 64 53
4 2 66 54
2 2 65 52
1 2 65 51
3 2 65 54
8 2 64 66
2 2 65 66
6 2 66 68
1 2 65 68
1 2 64 66
7 2 64 71
8 2 68 70
7 2 66 72
1 2 65 72
2 2 70 73
4 2 64 81
7 2 73 80
6 2 72 80
3 2 71 82
2 2 66 80
1 2 64 95
5 2 64 98
2 2 72 98
5 2 71 99
7 2 64 97
2 2 63 12
2 2 75 11
7 2 65 13
8 2 69 12
4 2 72 12
1 2 71 12
3 2 72 12
5 2 72 13
8 2 68 13
2 2 65 14
6 2 64 14
4 2 64 14
6 2 63 21
1 2 68 20
2 2 68 21
8 2 69 22
4 2 68 22
3 2 67 20
1 2 67 23
5 2 67 23
7 2 67 24
8 2 66 20
6 2 66 20
7 2 66 21
8 2 63 20
8 2 63 37
7 2 64 36
4 2 63 36
4 2 63 45
6 2 76 44
4 2 68 45
3 2 75 44
3 2 65 43
8 2 67 44
3 2 67 45
1 2 67 46
7 2 63 54
2 2 65 55
2 2 64 56
2 2 66 55
4 2 66 56
3 2 63 57
8 2 63 62
4 2 63 64
2 2 66 63
7 2 64 65
6 2 63 75
2 2 71 76
6 2 63 78
5 2 76 78
1 2 74 77
6 2 70 77
2 2 72 77
6 2 71 78
1 2 62 12
3 2 63 11
5 2 67 10
8 2 76 9
5 2 62 19
5 2 63 18
4 2 69 17
8 2 62 23
6 2 65 22
4 2 63 22
7 2 62 22
1 2 62 33
8 2 70 33
1 2 69 32
7 2 68 32
3 2 66 33
1 2 65 33
2 2 62 33
6 2 62 38
2 2 62 42
8 2 66 41
2 2 64 41
7 2 62 42
8 2 62 41
5 2 62 42
1 2 62 43
6 2 62 49
6 2 68 47
8 2 67 48
5 2 62 53
8 2 62 57
1 2 62 61
5 2 68 60
1 2 70 59
2 2 69 59
1 2 67 60
3 2 66 59
6 2 62 65
5 2 68 66
8 2 64 64
2 2 63 67
7 2 62 68
6 2 62 70
1 2 66 70
1 2 68 69
3 2 65 69
2 2 64 70
4 2 63 69
3 2 63 71
3 2 62 78
5 2 66 77
4 2 69 77
2 2 62 79
2 2 65 78
8 2 61 1
8 2 65 1
7 2 61 2
3 2 62 3
2 2 61 10
2 2 69 9
7 2 68 9
5 2 69 8
6 2 67 9
1 2 66 10
5 2 67 9
4 2 68 10
1 2 67 8
8 2 64 10
4 2 63 10
7 2 63 10
3 2 66 11
6 2 66 12
5 2 61 11
7 2 61 18
1 2 61 21
2 2 61 20
1 2 61 31
2 2 73 29
1 2 72 30
3 2 68 30
6 2 73 29
7 2 71 30
7 2 65 29
5 2 74 28
3 2 61 32
8 2 66 31
4 2 63 33
6 2 62 33
7 2 61 34
1 2 63 34
4 2 61 53
7 2 61 57
3 2 61 61
5 2 64 60
4 2 65 59
3 2 63 61
3 2 61 63
1 2 63 62
2 2 61 62
2 2 61 68
5 2 61 87
5 2 70 86
8 2 75 85
8 2 72 86
7 2 72 86
6 2 73 85
6 2 66 87
3 2 66 86
5 2 75 85
7 2 74 85
4 2 67 84
5 2 67 87
2 2 66 84
4 2 66 88
5 2 66 88
6 2 65 89
8 2 60 8
5 2 60 7
6 2 64 6
3 2 64 8
6 2 63 9
3 2 60 8
8 2 65 7
7 2 60 9
6 2 60 19
7 2 62 18
6 2 60 25
7 2 60 25
3 2 60 43
3 2 67 44
1 2 66 44
6 2 66 45
2 2 60 66
3 2 62 65
6 2 64 64
2 2 61 66
3 2 60 71
5 2 65 70
8 2 64 70
3 2 64 71
2 2 66 71
3 2 74 72
4 2 73 72
4 2 71 72
2 2 61 70
1 2 60 84
3 2 65 84
3 2 66 84
2 2 71 85
7 2 60 100
3 2 63 100
1 2 59 14
6 2 68 13
2 2 63 13
7 2 59 13
8 2 64 14
8 2 62 12
5 2 59 29
6 2 60 30
4 2 66 29
4 2 70 28
2 2 59 37
3 2 59 56
1 2 64 55
3 2 59 60
7 2 59 61
7 2 61 62
3 2 59 62
1 2 61 64
1 2 59 76
4 2 69 76
1 2 65 75
6 2 67 74
4 2 59 76
4 2 62 76
7 2 60 77
1 2 62 76
2 2 60 76
6 2 68 75
4 2 68 74
5 2 59 96
4 2 59 98
8 2 74 97
1 2 73 98
5 2 63 97
4 2 71 99
3 2 60 97
4 2 60 97
6 2 58 22
4 2 62 21
3 2 58 21
3 2 61 22
5 2 61 23
8 2 60 22
6 2 58 32
7 2 62 31
3 2 58 36
8 2 58 42
5 2 58 51
8 2 62 52
6 2 59 50
6 2 65 49
1 2 59 51
5 2 59 50
4 2 58 54
1 2 60 53
6 2 58 69
8 2 60 68
6 2 58 81
4 2 69 80
6 2 65 82
7 2 71 82
6 2 64 80
8 2 58 83
1 2 64 82
1 2 63 84
1 2 61 82
2 2 59 83
5 2 58 90
3 2 69 90
4 2 64 89
2 2 63 90
2 2 68 90
2 2 58 91
8 2 69 92
7 2 68 93
8 2 62 91
4 2 58 92
3 2 58 99
8 2 57 3
3 2 66 2
6 2 58 2
1 2 61 4
3 2 59 1
4 2 59 4
6 2 66 3
1 2 58 1
3 2 57 10
4 2 57 20
8 2 57 22
5 2 57 27
3 2 60 26
6 2 66 25
2 2 57 32
8 2 57 40
5 2 60 40
6 2 59 40
3 2 57 64
7 2 57 64
6 2 58 65
7 2 58 66
5 2 59 67
3 2 57 67
1 2 63 66
3 2 57 71
5 2 57 77
2 2 60 77
7 2 57 80
8 2 57 96
7 2 69 95
2 2 57 97
8 2 58 96
5 2 68 95
6 2 62 95
2 2 65 94
8 2 66 95
8 2 62 94
1 2 56 5
8 2 66 4
2 2 57 5
6 2 57 4
2 2 63 5
1 2 56 9
3 2 56 13
6 2 60 14
8 2 56 35
4 2 56 47
3 2 63 45
5 2 62 48
7 2 65 47
1 2 56 52
8 2 57 52
5 2 57 53
7 2 64 54
2 2 56 53
2 2 56 68
2 2 56 70
3 2 58 69
7 2 58 71
8 2 60 72
8 2 62 72
5 2 57 69
1 2 57 70
6 2 56 82
1 2 56 85
4 2 55 4
3 2 62 4
3 2 55 7
7 2 55 15
6 2 62 15
5 2 61 15
3 2 55 19
5 2 59 18
7 2 66 18
1 2 61 17
4 2 68 16
7 2 67 17
8 2 68 16
1 2 64 16
1 2 59 18
7 2 55 21
4 2 55 24
5 2 57 23
4 2 57 25
6 2 56 26
2 2 61 26
3 2 67 27
4 2 57 26
3 2 55 31
6 2 63 30
4 2 55 33
5 2 59 31
8 2 57 34
6 2 60 35
5 2 55 52
4 2 55 65
3 2 55 69
8 2 55 71
6 2 57 72
3 2 55 79
4 2 60 78
7 2 56 78
2 2 54 5
7 2 54 7
4 2 54 18
5 2 54 24
5 2 54 26
8 2 63 27
1 2 54 27
3 2 59 27
4 2 60 28
2 2 59 28
2 2 65 30
5 2 60 30
3 2 63 30
2 2 64 29
1 2 63 29
2 2 62 31
5 2 59 28
7 2 54 36
8 2 59 36
3 2 60 37
5 2 54 45
2 2 66 45
7 2 58 45
7 2 66 44
7 2 61 44
6 2 57 45
1 2 58 45
4 2 62 45
4 2 63 44
1 2 61 45
8 2 57 45
5 2 59 44
5 2 57 46
4 2 62 47
1 2 60 47
3 2 56 45
7 2 54 45
2 2 56 46
2 2 54 50
6 2 60 50
3 2 63 49
7 2 62 49
4 2 57 49
5 2 61 49
4 2 55 49
2 2 59 49
8 2 59 51
4 2 54 51
2 2 54 60
6 2 58 61
5 2 56 61
1 2 57 60
4 2 56 60
7 2 54 71
4 2 54 70
8 2 54 73
7 2 62 74
6 2 54 81
5 2 61 81
3 2 61 80
2 2 59 81
3 2 57 81
6 2 56 81
1 2 53 9
6 2 53 11
4 2 61 12
1 2 59 11
4 2 53 29
3 2 62 29
8 2 56 28
3 2 54 28
4 2 57 29
8 2 53 39
3 2 63 38
3 2 53 44
6 2 58 44
8 2 57 44
6 2 57 43
2 2 58 42
2 2 56 43
5 2 53 47
6 2 54 46
4 2 63 47
7 2 54 46
6 2 53 50
6 2 57 50
1 2 53 60
3 2 53 62
5 2 53 73
5 2 53 77
3 2 55 76
7 2 54 76
5 2 57 75
1 2 53 78
4 2 55 77
1 2 54 78
3 2 53 88
7 2 59 88
2 2 63 87
3 2 60 89
1 2 57 88
8 2 66 87
3 2 55 88
5 2 64 87
6 2 63 87
3 2 63 87
4 2 54 89
1 2 53 90
1 2 57 91
1 2 60 91
3 2 54 90
5 2 52 30
1 2 54 30
8 2 52 34
5 2 52 35
2 2 52 41
2 2 52 56
6 2 63 56
5 2 62 57
2 2 64 57
7 2 54 57
2 2 58 56
2 2 57 58
6 2 58 58
6 2 53 57
3 2 52 73
2 2 52 92
3 2 51 1
6 2 61 1
5 2 57 2
7 2 51 3
6 2 55 2
7 2 51 12
7 2 51 17
1 2 51 29
2 2 51 30
4 2 58 31
1 2 57 31
8 2 57 31
3 2 53 29
8 2 60 28
6 2 59 28
2 2 60 27
7 2 59 27
3 2 59 28
4 2 58 27
1 2 51 36
6 2 53 35
7 2 52 36
4 2 55 37
8 2 51 42
1 2 51 57
5 2 54 56
3 2 51 56
7 2 51 56
3 2 51 83
5 2 62 83
5 2 56 82
5 2 53 82
8 2 57 81
2 2 56 81
1 2 50 1
1 2 50 7
1 2 58 7
4 2 58 7
6 2 55 7
4 2 54 6
8 2 54 5
7 2 55 6
8 2 51 6
3 2 52 5
1 2 51 5
4 2 51 7
5 2 61 7
6 2 50 12
4 2 53 12
2 2 54 12
5 2 56 13
6 2 60 14
1 2 60 15
4 2 55 14
3 2 53 12
8 2 50 16
2 2 58 16
5 2 55 16
4 2 54 16
1 2 51 15
3 2 59 16
2 2 51 17
7 2 54 16
8 2 50 19
3 2 57 19
7 2 50 21
1 2 55 20
7 2 54 20
6 2 54 22
3 2 50 29
6 2 52 28
1 2 52 27
3 2 50 35
4 2 51 34
4 2 55 34
3 2 51 33
5 2 52 34
8 2 50 34
2 2 51 33
5 2 50 38
6 2 56 38
4 2 56 37
1 2 56 38
8 2 55 37
2 2 54 37
1 2 53 38
6 2 63 39
4 2 60 39
5 2 59 39
6 2 53 39
1 2 52 36
1 2 50 38
4 2 52 37
5 2 52 36
6 2 50 42
1 2 53 43
3 2 52 43
2 2 51 42
5 2 50 48
5 2 50 51
3 2 56 52
6 2 50 53
5 2 50 69
4 2 55 68
1 2 58 66
2 2 50 72
6 2 50 74
2 2 64 75
3 2 50 81
3 2 51 80
5 2 50 85
6 2 59 86
7 2 51 86
7 2 57 86
3 2 50 97
6 2 55 96
3 2 55 95
5 2 61 94
3 2 56 94
8 2 53 96
6 2 49 15
2 2 49 16
4 2 49 17
4 2 49 28
2 2 55 27
4 2 51 28
5 2 51 29
3 2 49 42
7 2 49 41
4 2 52 40
8 2 56 40
5 2 49 46
2 2 51 46
3 2 49 50
7 2 49 50
1 2 50 49
3 2 54 48
1 2 49 52
5 2 49 57
6 2 64 59
2 2 59 59
4 2 58 59
6 2 50 58
8 2 55 59
2 2 57 58
6 2 53 59
1 2 51 59
2 2 50 59
7 2 49 58
8 2 49 68
8 2 49 75
2 2 50 74
4 2 52 73
7 2 51 73
8 2 51 72
6 2 57 74
1 2 52 71
7 2 53 70
4 2 53 71
2 2 52 72
1 2 50 72
5 2 50 72
3 2 50 76
6 2 55 75
2 2 52 74
6 2 53 76
2 2 53 76
3 2 52 77
2 2 50 76
3 2 49 74
1 2 50 75
7 2 54 76
7 2 49 76
1 2 52 75
6 2 49 96
1 2 52 96
1 2 48 14
3 2 56 13
1 2 55 13
8 2 50 13
8 2 48 16
1 2 57 15
2 2 50 15
2 2 56 16
8 2 48 20
1 2 48 21
2 2 58 22
7 2 48 29
2 2 48 28
1 2 50 27
2 2 51 27
4 2 48 37
3 2 50 38
5 2 48 53
4 2 51 53
3 2 54 54
8 2 51 54
3 2 61 54
5 2 48 60
1 2 54 61
4 2 50 59
5 2 48 69
2 2 52 67
3 2 51 70
2 2 50 69
1 2 50 69
5 2 51 68
6 2 50 71
6 2 49 69
8 2 48 71
5 2 48 81
5 2 51 81
6 2 50 82
1 2 48 98
6 2 59 99
2 2 51 98
3 2 60 99
8 2 58 99
4 2 57 99
3 2 51 97
3 2 47 5
8 2 47 8
6 2 47 11
2 2 47 18
3 2 51 17
7 2 47 21
5 2 52 20
4 2 47 28
3 2 47 32
1 2 50 31
7 2 47 46
1 2 49 47
7 2 49 46
8 2 49 45
4 2 49 47
4 2 48 45
2 2 47 78
4 2 50 77
2 2 56 78
6 2 55 79
3 2 55 79
6 2 47 77
3 2 47 81
1 2 47 86
4 2 60 85
7 2 53 85
7 2 56 85
1 2 55 85
7 2 50 86
8 2 52 85
3 2 51 85
5 2 51 86
8 2 47 88
3 2 51 89
3 2 49 88
8 2 49 89
5 2 50 90
7 2 59 90
5 2 57 90
3 2 64 91
2 2 63 92
8 2 56 90
4 2 51 90
1 2 49 90
2 2 54 90
7 2 53 91
6 2 52 90
5 2 52 89
5 2 47 98
2 2 46 13
3 2 46 21
4 2 48 20
4 2 46 21
3 2 51 21
5 2 50 21
1 2 49 21
4 2 46 23
3 2 57 24
3 2 46 28
5 2 49 27
3 2 50 26
7 2 46 53
6 2 46 81
6 2 55 82
7 2 50 82
8 2 48 83
4 2 48 83
6 2 46 88
5 2 48 88
6 2 49 89
4 2 47 87
3 2 54 87
7 2 47 86
4 2 46 94
8 2 49 94
5 2 52 93
4 2 50 95
8 2 46 95
7 2 50 96
4 2 46 96
1 2 45 1
4 2 59 1
1 2 47 2
5 2 56 2
5 2 45 11
1 2 45 23
5 2 45 35
1 2 45 68
2 2 53 67
5 2 57 66
1 2 47 68
7 2 49 69
2 2 45 68
6 2 45 94
4 2 46 94
4 2 48 93
2 2 58 92
4 2 57 93
5 2 58 92
6 2 51 93
3 2 50 92
4 2 52 91
3 2 48 93
3 2 47 94
8 2 48 93
7 2 47 93
7 2 46 94
7 2 50 92
2 2 45 98
5 2 44 5
5 2 48 4
3 2 48 5
2 2 50 6
5 2 47 6
4 2 44 11
8 2 48 10
7 2 47 11
6 2 44 17
6 2 54 17
1 2 44 28
8 2 44 54
2 2 50 52
5 2 50 55
8 2 51 54
7 2 50 54
1 2 49 55
1 2 47 53
2 2 45 53
6 2 47 52
5 2 50 51
4 2 48 51
3 2 49 50
2 2 46 54
4 2 45 52
8 2 44 64
2 2 56 63
6 2 54 63
7 2 47 63
6 2 49 62
8 2 47 62
6 2 46 63
2 2 47 62
6 2 44 83
2 2 48 82
1 2 44 89
3 2 45 89
3 2 46 90
1 2 48 92
4 2 44 90
8 2 44 89
3 2 44 90
4 2 47 91
1 2 46 91
1 2 43 2
8 2 47 2
3 2 58 1
8 2 57 2
1 2 43 4
2 2 49 3
6 2 46 3
6 2 45 4
7 2 46 5
1 2 43 12
2 2 52 11
4 2 48 14
3 2 43 11
1 2 43 21
8 2 43 21
4 2 43 23
3 2 53 24
8 2 50 24
8 2 43 28
8 2 43 39
7 2 50 39
8 2 47 39
2 2 54 40
1 2 46 39
8 2 49 40
2 2 45 39
1 2 43 39
3 2 43 45
7 2 50 44
1 2 45 45
8 2 43 46
7 2 43 49
1 2 50 48
5 2 45 48
3 2 43 49
7 2 50 48
8 2 43 61
3 2 46 60
4 2 46 59
3 2 47 60
7 2 44 60
7 2 43 66
3 2 53 65
1 2 52 65
7 2 54 64
1 2 43 73
7 2 45 74
4 2 48 75
6 2 47 75
8 2 55 74
4 2 43 74
5 2 43 80
8 2 45 79
2 2 44 80
6 2 47 80
8 2 43 82
2 2 43 84
4 2 44 84
5 2 44 85
3 2 47 84
7 2 43 83
4 2 42 1
4 2 46 3
6 2 42 4
4 2 43 5
5 2 42 6
2 2 42 27
5 2 42 26
6 2 49 25
6 2 46 24
8 2 54 24
3 2 50 23
7 2 42 27
7 2 46 26
1 2 42 30
6 2 44 29
5 2 42 30
5 2 43 29
4 2 48 31
8 2 50 32
7 2 49 31
4 2 42 29
8 2 42 43
4 2 48 42
3 2 46 44
6 2 42 45
7 2 42 46
5 2 49 47
2 2 42 48
4 2 42 52
3 2 45 51
2 2 42 63
7 2 43 62
3 2 44 64
2 2 49 64
2 2 44 63
4 2 45 62
3 2 42 64
3 2 52 65
7 2 52 66
7 2 47 65
6 2 42 71
6 2 53 72
1 2 42 83
2 2 41 5
7 2 41 12
5 2 46 12
3 2 41 20
4 2 41 19
7 2 46 18
4 2 41 25
1 2 52 25
2 2 49 25
8 2 44 25
4 2 43 25
2 2 48 24
7 2 49 23
2 2 41 24
7 2 50 23
8 2 41 28
3 2 41 27
4 2 41 32
5 2 55 32
2 2 45 32
5 2 51 33
5 2 48 34
6 2 44 32
4 2 52 33
7 2 41 32
8 2 41 34
2 2 49 36
2 2 48 34
6 2 48 33
7 2 48 36
3 2 46 36
2 2 42 33
2 2 41 36
5 2 41 37
1 2 43 36
8 2 41 39
7 2 45 40
3 2 46 41
6 2 41 52
5 2 42 52
7 2 41 53
1 2 41 71
8 2 41 75
4 2 46 75
8 2 41 81
8 2 41 84
8 2 55 84
1 2 54 85
3 2 41 97
5 2 47 98
4 2 51 99
7 2 40 2
8 2 40 2
1 2 42 2
1 2 40 4
2 2 40 7
2 2 40 17
2 2 40 29
2 2 40 38
2 2 40 44
4 2 41 46
4 2 40 52
1 2 45 51
3 2 40 55
8 2 52 56
6 2 51 56
6 2 40 65
4 2 40 67
4 2 40 69
6 2 40 84
5 2 41 84
2 2 48 85
6 2 40 88
1 2 40 92
6 2 39 3
6 2 39 5
8 2 39 5
3 2 39 10
7 2 49 10
8 2 54 9
8 2 43 10
6 2 42 9
2 2 41 9
8 2 39 25
7 2 39 27
8 2 39 37
1 2 39 36
6 2 39 41
4 2 42 41
8 2 46 41
5 2 47 43
2 2 39 47
8 2 42 48
3 2 41 48
1 2 40 48
8 2 39 55
8 2 48 57
4 2 42 54
5 2 39 65
8 2 41 65
8 2 39 66
1 2 39 66
3 2 39 81
3 2 39 84
1 2 39 83
6 2 38 31
6 2 38 36
6 2 47 35
5 2 46 35
3 2 39 38
7 2 38 46
5 2 39 47
6 2 38 45
8 2 38 52
4 2 39 51
8 2 40 52
7 2 39 52
2 2 38 61
7 2 40 60
7 2 38 61
4 2 40 63
5 2 40 64
6 2 39 65
6 2 38 63
4 2 39 62
5 2 38 72
4 2 51 73
3 2 39 74
5 2 49 74
3 2 47 75
8 2 46 75
6 2 45 75
2 2 40 75
5 2 38 90
4 2 39 89
3 2 39 88
4 2 53 87
7 2 37 1
8 2 45 1
2 2 37 5
5 2 37 22
1 2 37 28
3 2 37 35
6 2 37 38
8 2 44 39
6 2 37 42
2 2 38 42
4 2 41 42
4 2 43 41
5 2 41 41
7 2 40 41
8 2 37 61
1 2 42 60
7 2 37 63
6 2 37 66
7 2 37 67
7 2 41 67
4 2 45 66
4 2 43 66
8 2 44 67
3 2 43 67
1 2 37 88
4 2 36 5
6 2 40 6
7 2 57 7
8 2 39 6
2 2 56 8
3 2 36 12
2 2 42 10
3 2 50 10
7 2 36 14
4 2 36 34
4 2 40 33
4 2 38 32
3 2 36 42
4 2 36 41
6 2 44 40
1 2 39 40
7 2 36 53
7 2 36 61
4 2 41 60
3 2 37 62
3 2 36 60
3 2 36 74
7 2 47 73
3 2 43 74
1 2 42 74
4 2 41 74
7 2 36 80
8 2 43 79
1 2 37 79
7 2 43 78
3 2 48 79
3 2 42 79
2 2 47 78
1 2 47 80
7 2 41 79
4 2 41 80
8 2 40 81
4 2 36 80
5 2 40 79
5 2 48 78
3 2 36 86
2 2 50 87
2 2 46 87
2 2 39 85
2 2 35 5
1 2 46 4
8 2 35 11
5 2 42 12
3 2 41 12
5 2 35 13
7 2 50 14
5 2 35 21
5 2 35 37
4 2 35 38
1 2 36 39
5 2 35 50
7 2 37 48
5 2 36 49
5 2 38 50
5 2 41 50
7 2 36 49
1 2 41 48
3 2 35 56
2 2 46 55
4 2 50 56
2 2 41 56
4 2 39 56
1 2 35 57
4 2 43 56
7 2 46 57
8 2 42 58
4 2 35 75
4 2 35 85
3 2 35 92
3 2 41 92
7 2 48 94
3 2 47 94
6 2 43 91
8 2 42 92
4 2 40 93
6 2 41 94
8 2 40 94
4 2 38 91
8 2 34 8
5 2 36 7
1 2 34 20
3 2 39 19
7 2 39 20
6 2 34 21
2 2 34 20
5 2 52 19
2 2 40 22
5 2 41 22
1 2 39 19
1 2 44 19
8 2 50 18
7 2 35 19
8 2 36 20
8 2 40 19
6 2 41 18
5 2 37 19
7 2 36 19
1 2 48 18
6 2 39 18
6 2 36 20
4 2 34 31
2 2 45 31
8 2 34 35
3 2 40 35
8 2 34 47
5 2 36 46
3 2 34 53
4 2 34 52
6 2 34 75
5 2 34 80
7 2 41 79
4 2 40 80
5 2 34 85
5 2 34 88
2 2 35 87
2 2 34 92
7 2 34 98
1 2 49 99
6 2 47 99
2 2 49 99
7 2 47 99
6 2 42 100
1 2 43 99
2 2 42 99
4 2 46 98
5 2 52 97
3 2 56 96
4 2 55 96
3 2 46 99
8 2 42 98
6 2 44 97
1 2 40 96
5 2 40 95
1 2 40 99
1 2 38 98
5 2 33 27
8 2 44 26
5 2 33 57
6 2 42 57
5 2 49 58
1 2 43 59
5 2 33 61
5 2 33 71
1 2 38 69
5 2 38 69
4 2 33 70
7 2 42 69
8 2 33 69
5 2 34 70
6 2 34 69
7 2 33 78
5 2 34 77
1 2 38 78
5 2 47 78
6 2 43 77
5 2 33 98
6 2 37 98
4 2 38 98
6 2 38 99
6 2 32 9
6 2 48 9
8 2 32 13
8 2 39 13
4 2 45 14
3 2 48 16
3 2 32 20
2 2 33 19
4 2 32 37
1 2 32 38
8 2 32 38
3 2 34 38
1 2 34 40
8 2 33 40
5 2 32 47
3 2 34 47
2 2 33 47
2 2 36 46
8 2 37 45
5 2 43 44
3 2 38 44
7 2 34 46
3 2 34 47
6 2 33 47
1 2 32 52
1 2 39 51
4 2 35 51
6 2 38 50
3 2 32 59
6 2 44 58
6 2 38 59
8 2 42 59
2 2 39 58
5 2 40 57
7 2 32 67
2 2 32 75
4 2 31 3
7 2 31 5
4 2 34 4
8 2 31 22
5 2 38 23
4 2 33 22
4 2 34 23
7 2 38 24
6 2 37 24
5 2 33 23
7 2 35 25
3 2 37 26
3 2 35 24
1 2 34 22
7 2 33 24
7 2 31 25
6 2 31 29
5 2 37 30
5 2 34 29
2 2 33 30
2 2 31 29
7 2 31 37
2 2 31 61
2 2 36 61
8 2 33 62
4 2 31 62
5 2 31 68
5 2 38 67
1 2 32 67
2 2 37 66
4 2 38 67
5 2 33 68
3 2 31 67
4 2 31 72
8 2 40 73
6 2 31 76
8 2 31 77
1 2 40 78
4 2 31 77
4 2 36 76
4 2 34 77
6 2 31 91
8 2 31 99
4 2 33 98
2 2 31 100
4 2 32 99
6 2 30 2
3 2 38 2
2 2 42 1
4 2 37 2
4 2 44 2
4 2 35 1
6 2 34 2
4 2 33 1
2 2 30 6
1 2 33 5
8 2 30 5
4 2 30 16
4 2 41 16
4 2 43 17
6 2 40 16
2 2 42 15
1 2 36 15
6 2 33 14
5 2 38 15
7 2 37 15
8 2 33 13
1 2 38 14
3 2 39 15
5 2 37 15
8 2 40 14
5 2 39 15
6 2 38 14
1 2 36 15
5 2 30 26
6 2 35 26
8 2 30 28
3 2 32 28
1 2 30 30
1 2 30 41
3 2 30 42
8 2 31 43
4 2 30 46
8 2 33 45
3 2 32 47
1 2 30 63
8 2 37 64
5 2 33 64
7 2 31 64
5 2 30 74
3 2 37 73
1 2 33 74
6 2 30 77
2 2 34 77
7 2 33 78
3 2 30 78
8 2 32 77
8 2 38 76
1 2 34 78
1 2 31 77
3 2 31 76
4 2 33 77
4 2 30 80
8 2 30 87
5 2 31 86
1 2 32 85
3 2 40 86
7 2 31 85
7 2 34 86
2 2 32 86
6 2 35 85
3 2 31 86
5 2 34 85
8 2 30 85
1 2 30 93
3 2 39 94
6 2 30 94
7 2 34 95
4 2 29 13
1 2 29 17
6 2 36 18
1 2 35 18
7 2 32 17
2 2 29 26
4 2 30 25
1 2 29 26
4 2 29 90
5 2 29 94
2 2 28 17
7 2 36 16
6 2 35 16
8 2 35 15
1 2 34 16
2 2 33 17
4 2 28 16
6 2 28 15
5 2 28 17
6 2 32 19
7 2 28 24
1 2 32 23
8 2 28 32
7 2 39 33
3 2 34 34
8 2 34 33
3 2 43 32
8 2 30 33
5 2 39 32
7 2 39 33
1 2 28 32
8 2 36 33
4 2 35 33
3 2 28 52
5 2 32 52
5 2 28 55
7 2 38 54
8 2 41 55
8 2 36 54
7 2 33 56
7 2 39 57
3 2 28 57
5 2 33 56
4 2 33 55
1 2 38 54
6 2 35 54
1 2 28 60
3 2 28 67
6 2 29 67
4 2 28 69
6 2 28 87
6 2 29 88
8 2 32 86
2 2 31 86
6 2 31 87
3 2 29 89
2 2 35 90
5 2 36 91
2 2 29 90
6 2 36 89
1 2 28 86
8 2 28 99
7 2 34 98
3 2 27 1
8 2 27 5
2 2 27 20
8 2 31 19
5 2 27 29
6 2 27 35
7 2 27 39
6 2 31 40
5 2 27 46
5 2 29 45
5 2 31 45
2 2 35 44
6 2 36 43
4 2 38 44
2 2 27 45
8 2 28 46
4 2 29 47
3 2 28 47
3 2 27 44
5 2 35 43
4 2 30 43
7 2 27 58
1 2 27 65
1 2 34 64
3 2 30 64
8 2 27 68
2 2 35 69
5 2 27 87
2 2 27 97
6 2 33 96
2 2 51 95
4 2 46 95
1 2 29 99
7 2 27 100
7 2 26 1
5 2 26 2
8 2 31 2
4 2 32 2
3 2 31 2
1 2 26 23
2 2 32 22
5 2 27 22
7 2 26 50
4 2 29 52
1 2 28 53
2 2 27 53
4 2 26 58
4 2 31 58
5 2 35 59
5 2 32 57
2 2 30 59
6 2 31 59
1 2 31 58
6 2 28 58
3 2 37 57
1 2 36 58
7 2 28 57
4 2 28 57
3 2 26 71
1 2 31 70
3 2 31 72
6 2 33 73
2 2 36 74
1 2 30 73
4 2 31 72
3 2 27 71
7 2 27 71
4 2 26 74
8 2 26 80
3 2 36 81
7 2 38 80
7 2 37 83
7 2 35 82
5 2 40 82
7 2 38 82
4 2 36 81
8 2 32 81
1 2 33 80
7 2 31 79
2 2 31 78
5 2 29 79
8 2 27 79
8 2 33 80
4 2 32 80
4 2 27 78
7 2 26 90
6 2 32 90
3 2 28 90
3 2 26 100
5 2 27 99
7 2 25 2
2 2 27 2
2 2 25 6
3 2 31 6
7 2 26 6
1 2 26 5
2 2 25 31
8 2 34 30
1 2 31 30
4 2 25 37
7 2 31 36
2 2 32 36
6 2 25 52
5 2 26 52
4 2 25 70
5 2 35 69
8 2 34 70
4 2 31 69
4 2 25 78
3 2 26 79
2 2 25 88
6 2 25 100
3 2 24 30
6 2 24 38
6 2 26 38
2 2 29 37
1 2 30 38
3 2 30 37
4 2 30 39
5 2 31 40
6 2 29 39
7 2 29 40
1 2 27 39
6 2 29 40
4 2 28 40
5 2 25 38
7 2 24 38
3 2 24 37
8 2 24 36
5 2 24 56
6 2 31 55
2 2 27 55
5 2 32 55
5 2 30 54
3 2 24 75
6 2 23 12
5 2 37 11
7 2 33 11
5 2 31 11
8 2 30 11
1 2 37 10
2 2 29 13
8 2 28 12
2 2 32 13
4 2 36 14
1 2 28 13
8 2 25 13
2 2 33 14
1 2 23 11
4 2 28 10
6 2 30 9
5 2 29 9
2 2 44 8
7 2 29 8
7 2 43 9
5 2 42 10
4 2 28 8
2 2 31 7
5 2 24 12
3 2 26 11
1 2 27 10
3 2 23 12
2 2 24 13
8 2 23 15
7 2 25 15
4 2 24 15
3 2 23 43
7 2 27 43
2 2 27 42
8 2 26 44
5 2 26 44
3 2 26 43
8 2 29 42
6 2 23 49
2 2 25 47
4 2 24 48
3 2 32 48
2 2 24 49
5 2 33 48
6 2 33 50
4 2 32 49
1 2 32 50
4 2 31 50
6 2 30 50
2 2 30 49
6 2 23 57
1 2 29 57
6 2 28 57
8 2 28 58
8 2 23 63
7 2 31 62
8 2 25 62
4 2 31 64
4 2 29 63
3 2 24 64
8 2 26 64
7 2 25 64
4 2 23 77
2 2 30 76
6 2 24 78
6 2 23 76
5 2 33 75
7 2 23 81
2 2 25 82
8 2 22 1
5 2 23 2
7 2 22 6
6 2 24 6
7 2 29 6
7 2 27 7
6 2 27 8
6 2 22 19
7 2 31 20
4 2 30 18
5 2 29 19
4 2 28 19
8 2 24 18
3 2 37 17
2 2 22 30
3 2 27 30
8 2 26 31
1 2 22 30
5 2 35 31
8 2 24 32
7 2 31 33
3 2 25 33
4 2 32 34
1 2 31 34
2 2 33 34
1 2 32 34
5 2 32 35
3 2 22 31
8 2 23 30
7 2 25 30
1 2 24 30
1 2 23 32
1 2 28 33
5 2 25 34
3 2 22 36
8 2 22 50
8 2 34 51
7 2 28 49
1 2 27 49
2 2 31 48
7 2 25 50
6 2 22 70
1 2 22 78
1 2 24 77
5 2 24 77
6 2 23 78
3 2 22 89
8 2 28 88
5 2 25 90
3 2 32 91
7 2 34 93
8 2 31 92
1 2 23 88
4 2 25 88
8 2 25 89
8 2 27 89
1 2 26 90
8 2 27 91
7 2 31 91
2 2 30 91
4 2 28 91
1 2 24 89
2 2 21 1
7 2 21 48
2 2 23 46
3 2 24 45
2 2 24 44
1 2 24 43
7 2 21 52
5 2 21 59
6 2 29 59
8 2 31 61
8 2 29 60
4 2 27 58
2 2 26 59
2 2 21 69
4 2 21 74
7 2 25 73
2 2 21 86
2 2 23 84
1 2 35 83
2 2 22 86
6 2 22 85
4 2 32 84
4 2 26 84
8 2 21 88
6 2 24 89
4 2 22 90
6 2 20 12
7 2 30 11
6 2 24 11
4 2 20 14
3 2 27 15
4 2 20 17
1 2 20 21
5 2 20 31
8 2 20 35
4 2 26 35
3 2 23 34
1 2 20 56
3 2 21 55
4 2 30 54
7 2 26 54
2 2 28 54
8 2 27 54
6 2 25 55
7 2 27 55
4 2 24 54
2 2 20 64
8 2 20 65
6 2 27 66
7 2 26 66
4 2 26 67
8 2 23 64
4 2 25 65
3 2 20 83
6 2 25 83
7 2 30 85
5 2 24 84
4 2 20 89
4 2 20 98
1 2 27 97
1 2 38 97
2 2 37 97
2 2 26 99
4 2 23 99
1 2 23 99
3 2 20 99
5 2 22 98
4 2 26 97
1 2 40 96
1 2 29 96
5 2 29 97
5 2 20 99
8 2 19 8
4 2 38 7
1 2 22 8
3 2 36 7
8 2 40 8
4 2 25 9
5 2 21 7
5 2 19 17
6 2 29 17
6 2 27 16
8 2 26 16
6 2 24 17
5 2 25 16
3 2 24 17
2 2 19 20
8 2 19 27
4 2 24 28
4 2 32 27
4 2 28 28
8 2 25 29
6 2 24 29
4 2 19 28
6 2 28 27
3 2 19 27
8 2 21 28
3 2 21 28
4 2 28 27
1 2 19 31
7 2 24 32
6 2 20 33
4 2 23 33
2 2 22 34
8 2 24 34
4 2 28 35
5 2 20 33
7 2 20 32
4 2 23 31
1 2 19 35
7 2 20 35
6 2 19 40
6 2 19 47
4 2 23 46
2 2 19 65
5 2 19 77
4 2 24 76
6 2 19 93
3 2 26 92
5 2 25 93
7 2 31 93
1 2 35 94
8 2 30 93
2 2 18 5
5 2 18 6
7 2 18 12
2 2 22 12
4 2 21 11
1 2 22 12
8 2 20 13
6 2 29 13
5 2 19 12
8 2 18 12
3 2 18 18
6 2 24 18
5 2 18 25
2 2 18 29
8 2 18 47
3 2 22 48
2 2 21 48
1 2 21 49
7 2 18 52
1 2 21 51
1 2 23 52
8 2 21 53
5 2 18 54
7 2 18 61
5 2 24 60
8 2 18 61
8 2 23 61
6 2 30 61
5 2 22 62
3 2 22 62
4 2 21 60
7 2 21 62
5 2 18 93
4 2 24 94
2 2 26 93
8 2 30 94
6 2 30 95
4 2 29 95
1 2 26 95
6 2 25 96
2 2 27 96
5 2 19 92
7 2 17 25
3 2 18 24
2 2 21 23
7 2 27 23
4 2 28 23
2 2 27 22
8 2 17 24
6 2 22 25
3 2 20 23
8 2 21 23
8 2 23 22
5 2 20 22
8 2 19 24
1 2 17 28
5 2 17 31
5 2 21 32
2 2 17 36
4 2 18 35
7 2 19 36
4 2 17 47
4 2 17 73
5 2 25 72
7 2 32 73
2 2 18 74
6 2 21 73
4 2 21 72
5 2 26 71
3 2 20 72
2 2 22 71
1 2 20 73
2 2 20 72
6 2 21 71
3 2 20 74
4 2 19 73
1 2 21 72
7 2 20 72
2 2 19 73
6 2 26 74
5 2 17 75
3 2 17 76
7 2 17 78
2 2 17 77
7 2 17 78
8 2 17 79
7 2 17 97
5 2 16 5
5 2 24 4
8 2 17 5
2 2 17 6
4 2 16 11
4 2 20 10
5 2 20 9
3 2 25 10
8 2 24 10
2 2 19 10
1 2 34 9
8 2 19 11
6 2 18 10
4 2 16 15
1 2 22 15
7 2 23 17
7 2 21 16
2 2 19 14
3 2 16 14
2 2 16 22
7 2 24 21
1 2 16 30
8 2 16 44
7 2 22 45
3 2 20 43
5 2 24 43
6 2 23 43
1 2 18 43
6 2 21 45
3 2 23 45
8 2 19 42
1 2 22 40
1 2 20 42
5 2 27 42
1 2 16 48
7 2 19 47
7 2 19 50
3 2 17 47
2 2 16 47
4 2 16 46
4 2 23 45
1 2 22 46
1 2 16 63
6 2 24 62
4 2 16 68
6 2 24 67
1 2 23 68
5 2 21 69
7 2 16 87
6 2 16 98
1 2 15 11
6 2 15 12
8 2 15 18
1 2 19 17
6 2 18 18
3 2 17 20
7 2 15 27
7 2 15 34
1 2 17 33
7 2 17 34
6 2 16 33
7 2 18 32
2 2 16 35
4 2 15 33
3 2 16 33
3 2 17 32
7 2 15 55
5 2 20 55
2 2 19 55
7 2 19 56
4 2 15 63
4 2 18 63
2 2 20 62
8 2 16 62
3 2 18 61
1 2 18 61
5 2 26 60
7 2 25 60
3 2 21 60
8 2 15 78
5 2 15 98
4 2 15 97
1 2 18 98
1 2 22 97
5 2 21 97
4 2 21 96
8 2 14 24
5 2 25 26
4 2 17 25
6 2 14 39
8 2 23 39
7 2 20 38
7 2 18 41
5 2 23 40
5 2 22 41
4 2 20 42
7 2 19 43
4 2 18 41
7 2 17 39
4 2 21 38
8 2 23 37
2 2 16 39
7 2 15 38
1 2 14 40
6 2 14 49
5 2 14 64
3 2 22 65
6 2 16 65
2 2 16 66
1 2 14 65
5 2 18 66
7 2 17 64
3 2 14 69
4 2 14 73
7 2 16 74
4 2 16 75
7 2 16 76
2 2 14 82
1 2 29 81
3 2 22 84
2 2 26 84
3 2 20 83
5 2 29 82
3 2 28 83
1 2 21 82
4 2 25 81
7 2 25 80
4 2 19 83
3 2 14 87
1 2 26 86
2 2 17 88
3 2 21 87
4 2 21 86
1 2 20 87
6 2 17 88
8 2 13 6
7 2 21 4
2 2 31 3
8 2 29 3
6 2 13 8
5 2 17 9
6 2 15 10
1 2 13 9
8 2 13 22
3 2 13 25
7 2 13 27
3 2 13 40
5 2 13 42
6 2 13 58
7 2 19 58
1 2 13 61
6 2 22 60
5 2 17 60
8 2 20 59
6 2 19 59
3 2 17 61
6 2 13 61
2 2 14 60
1 2 13 79
2 2 12 4
6 2 14 4
3 2 27 3
6 2 23 3
7 2 22 3
7 2 21 4
4 2 20 4
5 2 27 3
5 2 12 8
6 2 12 41
1 2 14 40
6 2 15 39
5 2 14 40
4 2 12 43
5 2 12 46
7 2 16 45
1 2 16 44
2 2 28 43
8 2 16 43
5 2 12 61
2 2 12 66
3 2 12 76
8 2 15 75
3 2 12 80
3 2 12 93
7 2 26 93
1 2 24 93
5 2 15 94
5 2 22 94
7 2 15 94
1 2 19 95
8 2 16 93
7 2 12 93
8 2 12 95
8 2 21 95
2 2 18 95
1 2 11 13
1 2 15 14
6 2 19 15
5 2 14 14
5 2 18 14
7 2 17 15
7 2 13 12
7 2 11 29
5 2 20 30
8 2 14 30
5 2 15 29
7 2 15 32
7 2 14 30
4 2 11 30
6 2 11 39
3 2 11 60
7 2 11 66
5 2 22 66
1 2 15 66
4 2 18 65
4 2 19 66
8 2 23 65
8 2 20 68
3 2 14 67
8 2 16 67
8 2 23 67
5 2 11 67
7 2 11 67
4 2 11 66
3 2 11 70
5 2 17 71
3 2 19 70
3 2 16 72
8 2 15 72
7 2 15 73
1 2 11 74
5 2 11 80
8 2 15 81
2 2 15 81
5 2 21 82
7 2 21 81
2 2 19 80
7 2 13 82
3 2 20 82
1 2 11 85
7 2 25 84
7 2 17 85
3 2 16 85
6 2 15 84
6 2 11 98
4 2 17 99
2 2 15 97
7 2 10 20
7 2 17 19
3 2 10 21
4 2 14 20
5 2 20 19
8 2 20 20
6 2 10 24
5 2 10 29
6 2 15 31
8 2 14 28
6 2 10 48
4 2 10 53
1 2 20 54
5 2 21 53
6 2 17 53
1 2 16 53
2 2 12 52
7 2 20 52
8 2 19 52
1 2 10 58
7 2 10 70
4 2 18 69
7 2 16 70
1 2 15 70
3 2 13 70
5 2 12 70
8 2 16 69
5 2 16 68
2 2 10 74
5 2 21 75
4 2 20 75
6 2 10 79
5 2 14 80
1 2 13 81
5 2 17 80
5 2 15 80
4 2 14 80
6 2 13 80
1 2 13 79
7 2 13 78
2 2 10 78
7 2 10 83
3 2 13 84
1 2 10 99
8 2 15 100
1 2 9 5
2 2 18 4
4 2 17 4
6 2 16 5
4 2 15 6
6 2 11 6
7 2 10 6
8 2 9 10
8 2 28 9
7 2 27 9
6 2 9 13
8 2 16 14
7 2 9 25
4 2 12 25
5 2 13 24
8 2 17 25
7 2 11 25
6 2 16 26
3 2 16 26
6 2 9 46
5 2 9 54
7 2 9 62
4 2 10 62
7 2 13 63
6 2 12 63
2 2 10 61
7 2 9 64
5 2 10 63
8 2 11 65
8 2 9 64
1 2 9 67
7 2 9 73
1 2 31 72
3 2 9 74
6 2 11 75
2 2 13 76
4 2 9 78
6 2 9 92
8 2 24 91
7 2 17 91
2 2 14 93
4 2 9 91
6 2 20 90
1 2 8 2
4 2 20 1
2 2 16 2
7 2 16 3
8 2 14 1
4 2 13 1
4 2 14 2
2 2 11 2
1 2 19 3
2 2 18 4
5 2 8 2
7 2 8 8
2 2 8 18
2 2 18 17
4 2 18 16
8 2 8 20
1 2 11 21
4 2 18 20
5 2 13 20
8 2 13 21
6 2 14 22
7 2 8 28
5 2 14 27
3 2 8 28
3 2 11 29
4 2 8 31
3 2 10 32
3 2 8 36
4 2 8 41
3 2 8 41
1 2 9 40
1 2 11 39
3 2 9 39
6 2 8 55
3 2 8 59
6 2 8 78
7 2 8 89
6 2 18 91
7 2 21 91
6 2 8 89
3 2 17 88
1 2 15 90
6 2 14 90
3 2 8 92
6 2 8 92
7 2 9 91
4 2 8 92
5 2 10 93
1 2 9 91
4 2 13 90
1 2 13 89
3 2 8 95
6 2 7 1
6 2 7 3
2 2 7 14
7 2 9 13
8 2 7 15
6 2 13 16
6 2 11 15
4 2 7 23
3 2 8 24
5 2 7 29
6 2 9 31
3 2 8 31
2 2 9 31
6 2 7 40
2 2 7 43
2 2 19 41
5 2 14 42
1 2 12 45
2 2 7 47
1 2 7 55
3 2 15 55
7 2 13 55
5 2 9 55
1 2 15 56
7 2 14 56
5 2 13 56
8 2 12 56
2 2 11 55
6 2 10 54
7 2 7 76
8 2 11 77
7 2 7 86
5 2 13 86
5 2 15 85
1 2 14 85
2 2 9 86
1 2 7 90
6 2 8 91
8 2 11 90
2 2 7 96
6 2 16 95
1 2 11 95
5 2 7 97
7 2 13 98
3 2 12 98
3 2 10 99
8 2 10 99
3 2 6 3
8 2 16 4
5 2 9 2
5 2 14 3
3 2 11 3
8 2 11 4
5 2 6 9
4 2 14 9
5 2 6 16
5 2 6 18
3 2 9 17
1 2 13 18
8 2 13 18
8 2 18 17
2 2 12 19
1 2 6 17
5 2 9 18
1 2 16 17
5 2 7 16
2 2 7 17
4 2 6 18
3 2 6 20
5 2 10 21
6 2 16 20
2 2 8 22
6 2 8 21
3 2 14 22
1 2 9 22
3 2 16 22
3 2 6 33
5 2 12 32
2 2 12 33
7 2 8 32
6 2 7 33
1 2 13 34
5 2 6 43
3 2 6 70
4 2 9 71
6 2 8 70
8 2 16 69
6 2 6 76
3 2 6 85
2 2 11 86
6 2 13 87
4 2 8 86
8 2 12 87
5 2 7 86
3 2 5 5
1 2 9 5
4 2 10 4
3 2 9 5
1 2 5 11
8 2 5 16
6 2 5 17
6 2 5 21
5 2 13 20
2 2 5 26
1 2 11 25
3 2 9 27
4 2 8 28
4 2 6 27
2 2 10 28
8 2 10 27
8 2 5 27
6 2 7 27
1 2 5 29
7 2 6 28
1 2 6 28
2 2 7 27
7 2 7 26
6 2 13 25
5 2 12 25
5 2 8 25
2 2 10 25
6 2 23 24
7 2 21 24
8 2 9 25
2 2 5 30
4 2 5 33
7 2 10 34
8 2 5 37
5 2 13 36
1 2 20 37
8 2 11 38
5 2 12 37
5 2 7 36
2 2 8 35
4 2 6 36
4 2 7 35
5 2 9 34
3 2 8 35
1 2 8 37
6 2 7 37
1 2 16 38
7 2 6 35
3 2 6 37
4 2 10 38
2 2 9 39
3 2 5 43
2 2 8 42
8 2 21 43
2 2 5 47
3 2 9 47
7 2 8 46
7 2 11 45
8 2 9 45
8 2 5 46
7 2 5 49
2 2 11 50
5 2 13 48
5 2 9 50
4 2 9 51
1 2 7 49
4 2 14 48
8 2 13 48
2 2 8 48
3 2 7 48
2 2 5 53
4 2 5 60
6 2 9 60
1 2 7 59
7 2 13 58
1 2 5 61
1 2 12 62
7 2 6 60
8 2 6 61
5 2 5 70
1 2 5 82
7 2 8 81
2 2 5 81
7 2 9 81
6 2 7 80
8 2 7 82
5 2 5 87
8 2 5 88
2 2 4 3
3 2 8 2
7 2 7 2
7 2 4 12
1 2 6 11
3 2 4 16
4 2 4 15
7 2 4 61
4 2 4 67
3 2 7 66
1 2 4 71
7 2 8 70
6 2 9 69
7 2 6 71
3 2 8 70
1 2 5 70
8 2 8 71
3 2 5 71
2 2 6 70
1 2 5 71
4 2 4 74
8 2 4 73
5 2 8 74
3 2 4 77
4 2 5 77
2 2 5 76
6 2 4 82
4 2 6 84
8 2 4 92
7 2 3 2
5 2 3 4
6 2 4 5
8 2 21 6
6 2 20 7
8 2 4 6
2 2 8 7
6 2 3 12
2 2 8 13
7 2 8 12
5 2 3 14
6 2 3 20
6 2 3 28
3 2 3 29
4 2 3 30
6 2 5 31
4 2 3 41
4 2 5 42
2 2 3 46
3 2 6 45
1 2 6 47
2 2 5 45
6 2 3 64
7 2 3 66
5 2 5 66
1 2 3 88
6 2 3 89
1 2 2 5
1 2 2 28
7 2 3 28
2 2 2 28
7 2 2 30
2 2 2 32
3 2 2 36
4 2 2 52
5 2 2 58
5 2 11 57
5 2 12 58
3 2 23 57
2 2 22 57
7 2 10 56
3 2 9 56
5 2 5 59
2 2 4 59
3 2 2 71
3 2 2 84
3 2 2 86
8 2 4 86
5 2 1 13
6 2 5 12
7 2 11 11
6 2 7 11
6 2 10 12
4 2 1 28
5 2 1 37
7 2 3 36
1 2 7 37
8 2 5 37
7 2 4 37
2 2 4 38
7 2 2 38
6 2 1 50
3 2 1 52
2 2 1 53
6 2 4 55
1 2 7 54
6 2 3 53
2 2 1 79
7 2 9 78
6 2 3 78
6 2 8 77
3 2 5 79
1 2 3 80
2 2 13 81
4 2 5 81
5 2 4 81
6 2 2 80
4 2 1 85
1 2 1 85
8 2 1 90
8 2 1 99
5 2 4 98
7 2 7 97
5 2 1 99
7 2 1 98
5 3 37 9
4 3 34 95
4 3 33 1
2 3 33 7
2 3 31 50
4 2 30 50
2 2 29 50
5 3 29 1
6 3 28 3
5 3 28 95
7 3 27 83
7 3 27 99
3 3 26 68
4 3 25 8
4 3 25 71
6 3 23 4
2 3 23 24
3 3 23 40
4 3 23 97
4 3 22 7
3 3 22 84
8 3 22 88
6 3 21 19
6 3 21 35
7 3 21 71
7 3 20 11
8 3 20 23
7 3 20 62
6 3 20 72
5 3 20 90
8 3 19 9
6 3 19 59
7 3 19 81
1 3 19 87
2 3 19 88
2 3 18 75
6 3 17 13
3 3 17 14
3 3 17 27
7 3 17 71
2 3 17 97
8 3 17 97
8 3 16 16
2 3 16 21
4 3 16 61
6 3 16 67
2 3 18 68
7 3 15 9
2 3 15 17
5 3 15 40
8 3 21 41
7 3 15 44
2 3 15 48
5 3 15 68
3 2 21 67
5 3 20 67
3 3 15 68
4 3 15 83
8 3 14 65
5 3 25 64
8 3 14 81
1 3 14 91
6 3 13 16
7 3 13 33
1 3 12 38
5 3 12 55
2 3 12 70
5 3 12 87
1 3 11 23
3 3 14 23
6 3 11 67
2 3 11 75
7 3 17 74
5 3 11 98
4 3 10 8
2 3 10 65
7 3 9 14
3 2 8 14
7 3 9 22
8 3 9 22
4 3 9 29
2 3 9 31
3 3 9 55
8 3 9 67
4 3 9 86
2 3 9 95
2 2 10 94
3 2 13 92
8 2 8 95
2 2 13 94
4 2 7 95
6 2 7 96
7 2 16 97
8 3 22 96
5 3 8 21
1 3 8 24
2 2 18 24
3 2 17 24
8 2 17 25
2 3 14 25
7 3 8 98
8 3 7 7
3 2 11 7
2 3 7 27
8 3 7 61
6 2 7 62
3 3 9 60
8 3 7 78
6 3 7 81
1 3 6 8
4 2 9 8
5 2 15 7
6 2 14 8
1 2 7 7
4 3 10 7
6 3 6 29
6 3 6 83
4 2 21 83
8 2 12 82
8 2 5 83
8 3 14 84
5 3 8 82
8 3 7 84
4 3 6 99
2 3 5 92
5 3 4 4
2 2 4 3
6 2 3 3
8 2 3 3
7 3 4 39
1 2 14 40
8 2 5 39
2 3 4 54
3 3 4 87
2 2 8 88
1 2 3 88
3 2 6 88
1 3 4 95
8 3 3 22
8 2 10 21
5 3 3 57
2 2 7 56
3 2 3 57
6 3 16 57
6 2 19 56
8 3 11 58
2 3 3 62
3 2 7 61
7 2 6 63
4 2 5 63
5 2 3 63
7 3 3 84
5 3 3 88
7 3 2 11
2 2 1 11
7 3 7 10
6 3 2 34
5 3 2 60
8 2 2 59
6 3 1 18
8 3 1 69
4 2 1 68
5 2 1 69
8 4 20 53
1 4 20 94
8 4 19 64
7 4 18 43
7 4 18 88
7 4 18 99
1 4 17 92
2 4 16 9
8 4 16 72
4 2 15 72
7 4 15 94
6 4 14 10
5 2 13 10
5 4 13 59
8 4 13 82
4 4 13 85
6 4 13 88
1 2 12 88
6 4 12 56
2 4 12 78
8 4 12 95
2 4 18 96
5 4 11 13
2 4 11 40
5 2 18 40
7 2 16 40
2 2 14 40
8 4 10 19
5 4 10 71
1 4 9 8
6 2 12 8
4 2 11 7
1 4 9 59
2 4 9 82
5 4 8 14
4 4 7 22
7 2 6 22
2 3 7 23
1 2 14 24
7 2 13 23
7 4 15 26
8 4 15 26
8 4 7 92
6 2 8 92
6 3 6 92
4 2 6 93
6 4 6 46
4 4 6 54
7 2 11 53
3 4 6 70
1 4 6 77
2 4 4 1
5 2 3 1
3 2 3 1
5 4 4 6
4 4 4 9
6 2 2 10
8 2 2 10
1 2 11 9
6 2 4 11
3 2 3 12
2 4 6 10
6 4 4 9
1 4 4 73
7 2 6 72
1 3 7 74
4 2 9 74
8 4 4 76
5 4 3 37
7 4 3 57
8 4 3 93
5 2 11 94
6 4 1 28
4 4 1 44
1 3 1 44
1 2 8 43
3 5 17 3
1 5 17 67
1 5 16 51
4 5 14 30
8 2 14 30
1 5 13 64
3 2 12 64
6 2 11 64
1 5 13 81
5 5 12 72
8 5 11 19
6 5 10 33
2 2 9 33
2 5 10 41
6 2 15 40
3 2 9 41
6 5 10 91
4 5 9 78
3 5 9 84
8 5 9 86
2 5 8 24
7 5 8 25
3 5 8 26
1 2 9 26
5 2 6 27
5 5 8 34
3 2 7 34
3 5 8 57
2 2 14 56
5 2 13 56
1 2 12 57
8 2 7 57
2 2 10 57
8 5 7 40
1 2 8 40
3 2 7 40
5 2 7 41
7 2 7 41
3 5 6 24
4 2 5 25
5 2 5 24
7 5 6 95
8 2 4 96
6 2 11 96
8 2 11 95
4 2 10 95
4 5 3 21
3 5 3 37
8 2 3 38
2 5 3 88
3 5 8 90
2 2 8 92
2 5 2 35
8 2 14 35
7 2 13 35
1 2 3 36
1 2 1 35
8 3 5 33
3 2 4 33
1 2 5 32
1 5 4 35
1 5 2 51
7 4 6 54
2 2 5 54
2 5 8 52
1 5 3 51
5 4 10 49
4 5 16 48
8 5 1 45
3 3 7 43
2 2 6 44
3 5 1 45
4 2 4 44
6 2 1 44
6 2 3 43
1 2 6 42
5 2 1 45
5 2 13 46
6 2 12 47
8 2 12 47
7 2 11 46
5 2 4 46
5 2 2 44
4 2 2 46
4 2 3 47
1 2 12 48
2 2 11 48
5 2 10 48
8 2 8 48
3 2 7 48
2 5 1 48
4 2 5 48
5 2 4 47
5 5 2 47
4 5 1 80
7 6 16 93
1 6 10 30
7 6 10 74
4 6 6 11
4 6 6 19
7 2 5 19
2 2 6 20
6 2 4 19
3 2 4 19
3 5 6 18
5 2 5 18
8 2 9 17
4 5 12 16
4 5 5 18
2 2 5 19
6 6 6 36
3 6 6 93
7 2 6 92
6 2 6 93
8 2 5 92
3 6 4 76
5 6 3 49
7 2 2 49
8 6 1 35
5 2 2 34
7 3 1 34
6 7 10 26
4 7 10 82
7 7 8 94
6 2 5 95
4 7 4 5
5 7 4 71
8 2 9 71
5 2 10 70
3 2 9 70
8 3 9 70
3 3 2 73
5 2 5 74
8 4 5 72
6 2 6 71
4 2 7 70
7 2 7 69
8 7 3 48
2 2 3 49
1 7 2 40
2 2 1 41
1 7 2 58
7 2 4 60
2 2 3 60
8 8 10 3
6 8 5 42
7 8 2 51
4 2 4 52
7 8 2 69
2 2 5 70
8 8 2 72
1 2 2 72
3 9 9 8
5 2 7 10
4 9 7 83
1 3 6 85
3 9 5 30
4 2 7 30
6 2 6 31
8 2 4 30
7 10 4 16
5 2 3 18
7 10 3 37
3 11 6 20
7 11 6 27
1 2 3 28
5 2 2 29
4 11 5 13
1 2 4 13
4 11 3 22
1 2 3 21
8 2 2 22
1 12 5 1
5 12 5 59
7 2 4 59
1 2 3 60
7 13 12 63
8 2 12 64
1 16 10 5
6 16 4 61
2 2 11 65
4 2 10 66
5 2 4 65
7 18 5 4
3 2 6 7
4 2 5 7
2 2 5 8
6 2 33 97
