858765
2524
4 2 99 87
4 2 99 90
4 2 99 93
4 2 99 96
4 2 98 57
4 2 98 60
4 2 98 63
4 2 98 66
4 2 98 69
3 2 97 58
3 2 97 61
3 2 97 64
3 2 97 67
3 2 97 70
3 2 97 73
3 2 97 76
3 2 97 79
3 2 97 82
3 2 97 85
4 2 95 61
3 2 96 61
5 2 95 61
4 2 95 64
3 2 96 64
5 2 95 64
4 2 95 67
3 2 96 67
5 2 95 67
4 2 95 70
3 2 96 70
5 2 95 70
4 2 95 73
3 2 96 73
5 2 95 73
4 2 95 76
3 2 96 76
5 2 95 76
4 2 95 79
3 2 96 79
5 2 95 79
4 2 95 82
3 2 96 82
5 2 95 82
4 2 95 85
3 2 96 85
3 2 98 86
4 2 96 86
4 2 94 62
3 2 95 62
4 2 94 65
3 2 95 65
4 2 94 68
3 2 95 68
4 2 94 71
5 2 96 72
3 2 95 71
5 2 94 71
4 2 94 74
3 2 95 74
4 2 94 77
3 2 95 77
4 2 94 80
3 2 95 80
4 2 94 83
3 2 95 83
3 2 89 62
4 2 93 62
5 2 90 61
3 2 89 65
4 2 93 65
5 2 90 64
3 2 89 68
4 2 93 68
5 2 90 67
3 2 89 71
5 2 90 70
3 2 89 74
5 2 90 73
3 2 89 77
5 2 90 76
3 2 89 80
5 2 90 79
3 2 89 83
5 2 90 82
3 2 89 86
5 2 96 87
3 2 99 88
4 2 97 88
3 2 96 88
4 2 92 85
5 2 90 85
3 2 92 84
5 2 88 63
3 2 90 62
5 2 88 66
3 2 90 65
5 2 88 69
3 2 90 68
5 2 88 72
3 2 90 71
5 2 88 75
4 2 91 75
3 2 90 74
5 2 88 78
4 2 91 78
3 2 90 77
5 2 88 81
4 2 91 81
3 2 90 80
5 2 88 84
5 2 88 87
3 2 90 86
4 2 86 90
4 2 94 89
3 2 93 89
3 2 94 90
3 2 99 91
4 2 97 91
3 2 96 91
4 2 94 91
4 2 88 89
3 2 85 64
3 2 85 67
3 2 85 70
3 2 85 73
3 2 85 76
3 2 85 79
3 2 85 82
3 2 90 82
3 2 85 85
3 2 85 88
3 2 92 87
4 2 90 87
3 2 85 91
4 2 90 90
3 2 80 59
3 2 94 58
5 2 93 58
3 2 95 59
5 2 90 58
3 2 95 57
5 2 96 57
5 2 94 57
3 2 88 58
4 2 93 59
3 2 89 59
5 2 87 58
3 2 85 58
4 2 89 60
5 2 84 58
5 2 88 59
3 2 82 58
5 2 81 58
3 2 80 65
4 2 83 64
3 2 82 64
4 2 84 65
3 2 83 65
5 2 84 67
3 2 84 67
5 2 85 68
3 2 80 68
3 2 83 68
5 2 81 67
3 2 80 71
5 2 84 70
3 2 82 70
4 2 84 71
3 2 83 71
5 2 84 73
3 2 84 73
4 2 82 70
5 2 82 72
5 2 81 70
3 2 80 74
5 2 81 73
4 2 84 74
3 2 83 74
5 2 84 74
5 2 84 76
3 2 84 76
3 2 80 77
5 2 87 77
5 2 81 76
4 2 84 77
3 2 83 77
5 2 84 79
3 2 84 79
4 2 82 76
3 2 80 80
5 2 87 80
5 2 81 79
4 2 84 80
3 2 83 80
5 2 84 82
3 2 84 82
5 2 89 83
4 2 82 79
3 2 80 83
5 2 81 82
4 2 84 83
3 2 83 83
5 2 84 85
5 2 87 85
3 2 84 85
4 2 82 82
5 2 79 60
5 2 79 63
4 2 82 62
5 2 79 66
5 2 79 69
5 2 79 72
5 2 79 75
5 2 80 75
5 2 79 78
5 2 80 78
5 2 79 81
5 2 80 81
5 2 79 84
4 2 78 63
3 2 79 63
8 2 75 51
8 2 74 53
4 2 98 52
3 2 97 52
4 2 95 52
3 2 94 52
4 2 92 52
5 2 90 52
6 2 91 50
8 2 90 51
6 2 90 51
3 2 88 52
3 2 89 53
5 2 99 54
3 2 99 55
4 2 98 54
3 2 97 54
5 2 96 54
4 2 95 54
3 2 94 54
5 2 93 54
4 2 92 54
4 2 89 54
5 2 89 55
3 2 92 56
3 2 89 56
5 2 87 52
3 2 85 52
5 2 84 52
3 2 82 52
5 2 81 52
3 2 79 52
5 2 78 52
3 2 76 52
3 2 73 61
3 2 86 61
4 2 84 61
3 2 83 61
3 2 87 60
3 2 80 61
8 2 79 62
5 2 81 61
3 2 77 60
5 2 82 60
5 2 76 60
5 2 77 61
3 2 77 62
3 2 73 64
3 2 73 67
5 2 84 67
3 2 77 66
5 2 81 65
4 2 79 65
3 2 78 67
5 2 76 66
5 2 78 66
3 2 73 70
3 2 77 69
5 2 76 69
3 2 78 70
3 2 73 73
3 2 77 72
3 2 78 73
5 2 76 72
5 2 81 73
3 2 73 76
3 2 77 75
3 2 78 76
5 2 76 75
3 2 73 79
3 2 77 78
3 2 78 79
5 2 76 78
3 2 73 82
3 2 77 81
3 2 78 82
5 2 76 81
3 2 73 85
4 2 84 86
3 2 77 84
5 2 79 84
5 2 76 84
3 2 78 85
4 2 81 86
5 2 84 88
3 2 84 88
3 2 82 87
4 2 84 89
5 2 77 85
3 2 78 86
3 2 80 86
5 2 86 87
3 2 73 88
4 2 80 88
4 2 78 87
3 2 77 87
5 2 67 65
4 2 74 65
8 2 73 65
5 2 72 64
4 2 74 63
5 2 74 64
4 2 71 64
5 2 69 64
4 2 72 63
5 2 77 62
3 2 71 63
4 2 68 64
5 2 67 68
4 2 74 68
5 2 72 67
5 2 73 68
4 2 71 67
3 2 70 67
3 2 71 66
5 2 69 67
4 2 68 67
5 2 67 71
4 2 74 71
4 2 71 70
5 2 73 71
8 2 76 70
3 2 70 70
4 2 68 70
3 2 71 69
5 2 67 74
4 2 74 74
5 2 72 73
5 2 73 74
4 2 71 73
3 2 70 73
3 2 71 72
5 2 69 73
4 2 68 73
5 2 67 77
4 2 74 77
5 2 78 76
5 2 72 76
5 2 73 77
4 2 71 76
5 2 69 76
3 2 71 75
4 2 68 76
5 2 67 80
8 2 75 80
5 2 78 79
5 2 72 79
4 2 71 79
3 2 70 79
3 2 71 78
5 2 69 79
4 2 68 79
5 2 67 83
4 2 74 83
5 2 78 82
5 2 72 82
5 2 73 83
4 2 71 82
3 2 70 82
3 2 71 81
5 2 69 82
4 2 68 82
5 2 67 86
5 2 72 85
4 2 71 85
5 2 74 86
3 2 70 85
3 2 71 84
5 2 69 85
4 2 68 85
5 2 67 89
3 2 86 90
5 2 72 88
4 2 79 88
4 2 74 87
4 2 71 88
3 2 77 89
3 2 82 90
4 2 85 91
3 2 92 92
3 2 97 93
3 2 99 94
4 2 97 94
4 2 95 93
3 2 94 93
4 2 92 93
3 2 89 92
4 2 89 93
5 2 89 94
3 2 95 95
3 2 97 96
3 2 99 97
4 2 97 97
4 2 95 96
4 2 93 95
3 2 92 95
3 2 89 95
4 2 89 96
3 2 93 97
3 2 95 98
4 2 95 99
4 2 93 98
4 2 87 92
3 2 86 92
4 2 82 91
3 2 83 92
4 2 83 93
3 2 87 94
4 2 87 95
4 2 85 94
4 2 80 90
4 2 77 90
3 2 74 89
3 2 78 91
3 2 80 92
4 2 80 93
3 2 81 94
5 2 82 95
5 2 84 96
5 2 86 97
5 2 88 98
3 2 94 99
4 2 89 99
4 2 87 98
4 2 92 99
4 2 85 97
5 2 83 94
4 2 83 96
4 2 81 95
4 2 78 92
4 2 72 89
3 2 76 90
5 2 72 90
4 2 73 91
5 2 73 92
3 2 76 93
3 2 78 94
4 2 78 95
4 2 76 94
5 2 78 96
5 2 80 97
3 2 86 99
5 2 82 98
5 2 84 99
4 2 83 99
4 2 81 98
4 2 79 97
3 2 73 93
4 2 73 94
5 2 83 96
5 2 73 95
3 2 73 96
4 2 76 97
5 2 76 98
5 2 78 99
4 2 77 99
4 2 73 97
5 2 73 98
3 2 80 100
3 2 73 99
3 2 72 91
8 2 72 97
8 2 71 89
8 2 71 91
3 2 70 88
3 2 71 87
5 2 69 88
4 2 66 66
4 2 66 69
4 2 66 72
4 2 66 75
4 2 66 78
4 2 66 81
4 2 66 84
4 2 66 87
4 2 66 90
8 2 64 3
8 2 61 51
3 2 72 52
5 2 71 52
6 2 73 51
5 2 73 53
4 2 86 54
3 2 85 54
4 2 83 54
5 2 81 54
3 2 84 55
3 2 86 56
5 2 85 56
5 2 85 100
3 2 81 55
4 2 80 54
5 2 82 56
3 2 79 54
4 2 77 54
3 2 76 54
8 2 75 54
3 2 73 54
4 2 73 55
4 2 78 56
3 2 77 56
8 2 72 51
3 2 69 52
4 2 67 52
3 2 66 52
6 2 69 51
6 2 70 51
5 2 62 52
6 2 75 50
8 2 74 51
6 2 73 51
8 2 72 51
6 2 71 51
3 2 62 53
5 2 69 54
3 2 67 54
5 2 66 54
3 2 67 54
4 2 62 54
5 2 62 55
3 2 71 56
3 2 79 57
5 2 72 57
5 2 77 58
5 2 80 56
4 2 71 57
4 2 69 56
5 2 70 54
3 2 68 56
4 2 66 56
3 2 65 56
3 2 62 56
4 2 61 52
3 2 60 58
3 2 72 58
4 2 70 58
5 2 61 57
5 2 67 57
3 2 60 61
4 2 69 60
5 2 69 60
5 2 67 60
5 2 70 59
3 2 69 61
4 2 66 60
3 2 74 59
4 2 63 60
5 2 61 60
5 2 71 59
5 2 62 61
3 2 65 62
3 2 60 64
4 2 63 63
5 2 61 63
5 2 62 64
3 2 60 67
4 2 63 63
5 2 61 66
3 2 60 70
4 2 62 66
5 2 62 67
3 2 63 66
4 2 63 69
5 2 64 65
5 2 61 69
3 2 62 67
8 2 61 67
3 2 60 73
5 2 62 70
4 2 63 72
5 2 61 72
5 2 67 71
3 2 65 71
3 2 62 70
3 2 60 76
5 2 62 73
3 2 63 72
5 2 61 75
3 2 62 73
8 2 61 73
3 2 60 79
4 2 62 75
4 2 63 78
5 2 62 76
5 2 61 78
3 2 62 76
3 2 60 82
5 2 62 79
5 2 61 81
3 2 62 79
4 2 62 81
5 2 62 82
8 2 61 79
5 2 59 59
4 2 65 58
3 2 61 59
5 2 59 62
5 2 59 65
5 2 59 68
5 2 59 71
5 2 59 74
5 2 59 77
5 2 59 80
5 2 59 83
3 2 63 83
8 2 62 75
6 2 61 76
7 2 56 34
5 2 56 73
5 2 56 76
5 2 56 79
5 2 56 82
4 2 62 82
6 2 61 82
3 2 60 82
5 2 61 83
8 2 60 83
5 2 56 85
5 2 56 88
4 2 63 87
3 2 66 86
5 2 61 87
5 2 62 88
5 2 58 87
3 2 60 86
5 2 61 85
3 2 62 89
4 2 62 90
5 2 68 91
4 2 69 92
4 2 67 91
3 2 70 93
5 2 69 93
5 2 65 91
5 2 63 85
3 2 64 84
6 2 62 86
5 2 62 91
3 2 62 92
4 2 66 89
5 2 66 93
4 2 59 87
4 2 61 88
4 2 65 93
8 2 60 89
3 2 61 89
4 2 57 84
5 2 56 91
4 2 61 91
3 2 59 90
3 2 62 90
3 2 62 92
5 2 58 90
5 2 56 94
3 2 64 93
3 2 63 94
3 2 71 95
4 2 71 96
5 2 70 95
4 2 69 95
3 2 68 95
4 2 66 95
3 2 65 95
5 2 61 93
4 2 60 93
4 2 62 94
5 2 62 94
6 2 61 94
8 2 60 93
5 2 63 95
8 2 62 95
3 2 59 93
5 2 62 95
4 2 57 93
3 2 62 95
4 2 62 96
5 2 68 97
5 2 70 98
4 2 71 99
4 2 69 98
4 2 67 97
5 2 62 97
5 2 64 97
3 2 62 98
5 2 66 99
4 2 65 99
4 2 62 99
4 2 58 92
5 2 56 97
4 2 61 97
3 2 59 96
5 2 58 96
4 2 55 74
4 2 55 77
3 2 63 78
4 2 55 80
3 2 63 81
4 2 55 83
4 2 61 84
4 2 55 86
4 2 55 89
4 2 55 92
3 2 59 91
4 2 55 95
4 2 55 98
5 2 54 57
3 2 66 58
5 2 61 57
3 2 57 56
5 2 56 56
4 2 59 55
3 2 58 55
3 2 59 54
5 2 54 60
4 2 63 60
3 2 57 59
3 2 64 58
3 2 62 61
8 2 61 61
4 2 59 58
5 2 56 59
4 2 65 61
5 2 54 63
3 2 57 62
3 2 58 63
3 2 59 62
5 2 56 62
5 2 54 66
3 2 57 65
3 2 58 66
5 2 56 65
5 2 54 69
3 2 57 68
3 2 58 69
8 2 62 70
3 2 61 68
5 2 61 70
5 2 67 69
6 2 60 70
3 2 59 69
5 2 60 68
6 2 59 68
5 2 56 68
5 2 54 72
3 2 57 71
5 2 54 75
5 2 54 78
5 2 54 81
3 2 60 80
4 2 53 58
4 2 71 59
4 2 53 61
4 2 53 64
4 2 53 67
4 2 53 70
4 2 53 73
4 2 62 72
4 2 53 76
4 2 53 79
4 2 53 82
3 2 52 84
5 2 53 83
5 2 54 84
4 2 52 83
4 2 58 85
3 2 52 87
5 2 53 86
4 2 52 86
3 2 52 90
5 2 53 89
4 2 52 89
4 2 57 90
8 2 50 49
5 2 50 57
5 2 50 61
3 2 51 61
6 2 50 72
5 2 50 95
3 2 53 95
4 2 51 61
3 2 52 61
5 2 51 61
5 2 59 63
3 2 52 96
5 2 54 94
4 2 53 94
6 2 50 96
4 2 50 99
5 2 57 62
4 2 58 62
8 2 57 63
4 2 56 98
5 2 59 99
4 2 58 99
6 2 49 68
5 2 52 67
7 2 49 83
3 2 52 84
3 2 50 83
7 2 48 75
7 2 49 74
5 2 52 73
1 2 47 9
2 2 47 10
4 2 47 12
2 2 47 14
4 2 47 16
2 2 47 18
4 2 47 20
3 2 68 100
2 2 47 30
3 2 47 29
4 2 47 32
1 2 74 32
1 2 47 31
2 2 47 34
3 2 47 33
2 2 49 34
3 2 48 35
4 2 47 36
2 2 47 38
4 2 47 40
2 2 47 42
4 2 47 44
1 2 73 19
2 2 47 46
4 2 47 48
7 2 47 64
3 2 53 63
5 2 53 64
3 2 50 64
3 2 54 64
6 2 53 64
6 2 47 75
3 2 58 74
4 2 51 74
5 2 51 75
6 2 47 87
3 2 52 86
1 2 46 16
5 2 45 52
6 2 60 51
3 2 50 51
5 2 72 53
6 2 64 50
5 2 62 53
5 2 60 52
6 2 51 50
6 2 47 52
4 2 57 53
3 2 56 53
3 2 53 53
5 2 52 53
4 2 53 55
5 2 65 56
3 2 52 55
6 2 49 53
3 2 54 52
6 2 56 51
4 2 52 55
7 2 48 53
8 2 47 53
5 2 45 64
6 2 45 77
6 2 50 78
6 2 49 76
2 2 44 30
4 2 44 32
2 2 44 34
4 2 44 36
2 2 44 38
4 2 44 40
2 2 44 42
4 2 44 44
2 2 44 46
4 2 44 48
6 2 44 54
6 2 44 61
6 2 44 95
5 2 51 95
7 2 48 96
4 2 50 94
3 2 50 95
6 2 47 54
6 2 46 95
7 2 44 100
5 2 54 99
3 2 52 97
4 2 52 97
5 2 55 98
4 2 53 99
5 2 51 99
7 2 43 66
5 2 43 90
5 2 53 91
3 2 56 92
3 2 52 89
5 2 60 96
1 2 42 13
3 2 42 15
1 2 42 17
3 2 46 18
4 2 45 16
3 2 42 19
1 2 46 20
2 2 45 18
1 2 42 21
8 2 62 21
4 2 45 20
7 2 42 64
3 2 57 64
7 2 45 65
5 2 45 65
6 2 42 85
5 2 46 85
5 2 49 84
6 2 45 85
2 2 41 34
2 2 43 34
4 2 41 36
2 2 41 38
4 2 41 40
2 2 41 42
4 2 41 44
2 2 41 46
4 2 41 48
7 2 41 55
7 2 41 59
5 2 41 78
3 2 52 77
3 2 52 79
4 2 56 80
7 2 41 83
5 2 46 82
6 2 46 84
5 2 42 83
5 2 41 86
5 2 41 92
3 2 53 91
7 2 49 90
6 2 44 92
5 2 43 92
5 2 41 94
7 2 41 97
5 2 42 95
8 2 40 37
2 2 43 38
5 2 39 54
6 2 48 94
5 2 43 56
4 2 39 56
7 2 42 57
4 2 39 96
4 2 39 99
2 2 38 22
4 2 38 24
2 2 38 26
6 2 38 70
7 2 46 57
6 2 47 69
6 2 44 71
5 2 50 70
6 2 42 69
5 2 52 58
7 2 38 76
6 2 46 78
5 2 42 75
3 2 52 67
4 2 41 74
4 2 52 74
4 2 40 76
6 2 38 83
7 2 38 84
7 2 38 89
4 2 47 85
6 2 41 89
5 2 39 88
6 2 38 94
5 2 37 65
4 2 38 65
7 2 37 82
4 2 53 82
7 2 44 82
3 2 49 82
7 2 37 87
4 2 55 87
6 2 37 88
5 2 44 89
5 2 43 87
5 2 46 85
5 2 44 87
3 2 36 35
6 2 36 53
6 2 36 82
5 2 36 84
5 2 35 69
7 2 45 70
6 2 35 84
7 2 44 86
3 2 49 87
4 2 36 83
7 2 35 85
5 2 35 92
3 2 50 93
3 2 47 92
6 2 46 93
6 2 39 92
6 2 43 91
4 2 51 90
4 2 48 92
6 2 35 99
6 2 37 98
5 2 36 97
5 2 48 97
7 2 34 62
7 2 46 61
3 2 33 35
5 2 33 77
6 2 42 77
5 2 47 79
7 2 36 78
5 2 45 79
5 2 56 80
6 2 55 80
6 2 48 81
6 2 46 80
7 2 46 81
6 2 35 78
6 2 33 91
5 2 37 89
7 2 35 90
6 2 35 90
5 2 43 91
5 2 35 91
4 2 41 92
6 2 41 92
6 2 32 67
6 2 32 72
3 2 52 73
6 2 41 71
4 2 48 70
5 2 38 70
5 2 44 69
5 2 36 72
6 2 32 96
5 2 38 97
5 2 36 96
5 2 31 63
4 2 58 62
6 2 57 62
5 2 56 62
6 2 47 62
4 2 50 63
5 2 40 62
5 2 31 78
7 2 35 78
4 2 45 77
3 2 44 78
6 2 44 78
5 2 31 86
6 2 35 85
5 2 30 88
7 2 39 87
4 2 48 87
7 2 40 87
4 2 37 87
8 2 39 86
1 2 29 1
2 2 29 2
4 2 29 4
2 2 29 6
7 2 53 5
4 2 29 8
4 2 44 7
2 2 48 6
8 2 43 8
4 2 46 9
1 2 45 9
2 2 29 10
3 2 47 11
4 2 29 12
2 2 29 14
4 2 29 16
5 2 59 90
2 2 29 18
1 2 35 18
4 2 42 20
3 2 69 15
3 2 42 19
3 2 37 19
4 2 29 20
1 2 29 49
7 2 29 70
1 2 36 20
5 2 29 80
5 2 37 70
7 2 36 80
5 2 42 80
7 2 29 99
8 2 28 49
8 2 28 77
7 2 34 76
3 2 44 76
8 2 27 57
3 2 49 58
3 2 46 57
4 2 49 58
5 2 52 58
3 2 50 56
4 2 50 56
8 2 49 57
3 2 49 57
3 2 45 80
7 2 41 56
6 2 32 57
6 2 41 56
7 2 27 57
6 2 31 57
6 2 27 62
6 2 34 61
4 2 39 59
7 2 37 61
7 2 30 62
6 2 36 61
5 2 27 72
3 2 51 60
6 2 35 73
5 2 29 73
7 2 37 74
5 2 27 95
7 2 26 71
7 2 34 70
5 2 26 88
5 2 35 87
6 2 33 87
5 2 39 87
7 2 29 88
5 2 35 88
6 2 26 91
6 2 28 92
6 2 25 61
7 2 48 60
6 2 41 60
5 2 25 75
5 2 43 77
5 2 33 76
7 2 25 85
7 2 29 84
5 2 29 86
5 2 25 92
6 2 24 87
5 2 23 73
5 2 23 96
6 2 29 95
5 2 22 65
7 2 44 64
8 2 40 64
4 2 49 66
5 2 52 66
6 2 28 64
5 2 29 63
5 2 22 76
7 2 28 76
5 2 24 76
5 2 44 77
7 2 22 91
8 2 24 91
5 2 33 92
4 2 52 71
6 2 37 91
6 2 21 88
6 2 29 89
5 2 20 63
5 2 31 64
5 2 27 62
5 2 20 68
7 2 33 67
7 2 32 68
7 2 25 69
6 2 39 69
6 2 24 67
7 2 20 82
6 2 20 99
5 2 54 93
5 2 38 100
5 2 23 100
5 2 19 66
5 2 22 67
6 2 19 71
6 2 19 85
5 2 32 84
5 2 19 90
4 2 33 90
6 2 18 58
7 2 40 58
6 2 32 58
7 2 25 56
6 2 38 54
7 2 36 55
6 2 36 56
7 2 27 57
8 2 36 56
7 2 23 57
5 2 34 57
7 2 28 56
5 2 18 57
5 2 18 62
6 2 18 93
5 2 36 94
6 2 33 93
6 2 27 94
5 2 20 93
6 2 23 92
5 2 30 93
5 2 24 92
5 2 25 93
6 2 17 56
5 2 30 55
7 2 17 66
7 2 23 65
1 2 16 1
2 2 16 2
5 2 17 99
6 2 31 98
3 2 29 3
7 2 27 98
7 2 33 98
5 2 20 100
6 2 19 100
8 2 24 99
4 2 16 4
7 2 24 100
5 2 23 100
1 2 29 5
2 2 16 6
5 2 54 99
3 2 29 7
4 2 16 8
2 2 16 10
2 2 44 9
1 2 29 9
3 2 29 11
4 2 16 12
2 2 44 11
4 2 41 12
1 2 29 13
2 2 16 14
2 2 44 14
1 2 40 13
3 2 41 14
3 2 29 15
3 2 35 16
4 2 16 16
1 2 29 17
2 2 16 18
3 2 29 19
4 2 16 20
5 2 16 55
6 2 24 54
4 2 37 53
5 2 39 52
4 2 43 12
8 2 39 51
8 2 40 50
6 2 31 54
6 2 20 56
7 2 16 59
7 2 16 78
6 2 16 97
8 2 15 7
8 2 14 57
5 2 35 53
5 2 20 58
5 2 14 63
5 2 17 65
7 2 27 65
7 2 25 66
5 2 28 67
6 2 37 66
8 2 36 65
6 2 14 66
6 2 39 68
5 2 26 65
4 2 34 64
5 2 23 66
4 2 33 66
7 2 14 67
5 2 23 69
5 2 15 67
2 2 13 2
3 2 16 3
2 2 13 14
3 2 16 15
4 2 13 16
1 2 16 17
5 2 13 97
5 2 31 98
7 2 12 58
5 2 28 59
4 2 38 66
5 2 37 59
6 2 37 66
6 2 36 60
7 2 30 59
7 2 12 63
5 2 12 74
8 2 14 75
7 2 20 76
5 2 13 75
6 2 38 76
4 2 39 77
8 2 38 77
5 2 12 85
5 2 28 85
3 2 40 85
8 2 39 85
7 2 35 86
7 2 12 95
8 2 13 95
3 2 11 19
3 2 14 19
4 2 11 19
3 2 36 18
1 2 38 17
2 2 13 18
1 2 11 21
6 2 43 60
1 2 34 19
2 2 33 19
3 2 33 18
3 2 11 23
2 2 34 18
4 2 11 23
2 2 40 22
5 2 11 63
5 2 11 66
7 2 20 68
7 2 11 77
5 2 20 78
7 2 24 64
5 2 16 75
7 2 34 74
7 2 20 75
2 2 10 2
7 2 10 67
5 2 10 77
7 2 20 78
7 2 10 82
6 2 18 83
7 2 34 81
6 2 22 84
7 2 13 84
7 2 20 83
5 2 10 84
3 2 9 6
1 2 9 8
1 2 16 9
3 2 9 10
3 2 16 11
1 2 9 12
1 2 16 13
3 2 9 14
1 2 9 16
3 2 9 18
7 2 9 76
5 2 9 81
6 2 31 81
2 2 8 22
2 2 39 21
8 2 45 20
4 2 10 21
4 2 8 24
1 2 36 24
7 2 8 55
5 2 8 65
7 2 12 65
7 2 9 65
6 2 8 86
7 2 23 87
6 2 31 88
5 2 30 86
5 2 27 88
5 2 8 85
6 2 13 86
5 2 16 86
7 2 20 87
6 2 32 88
6 2 11 84
6 2 7 85
5 2 11 84
5 2 7 90
7 2 21 90
6 2 22 90
8 2 28 89
7 2 13 89
5 2 14 88
5 2 15 89
7 2 15 89
5 2 10 89
7 2 20 90
5 2 30 90
8 2 12 88
2 2 5 18
3 2 11 18
7 2 33 19
2 2 9 19
5 2 63 19
8 2 9 18
2 2 6 18
4 2 5 18
4 2 5 20
6 2 5 64
5 2 13 63
7 2 5 68
7 2 31 68
6 2 14 68
5 2 16 68
5 2 19 70
5 2 23 70
7 2 32 70
5 2 17 69
7 2 32 68
5 2 32 70
6 2 13 69
7 2 8 69
5 2 7 66
7 2 7 67
7 2 5 90
6 2 5 97
5 2 38 96
6 2 25 98
5 2 38 99
8 2 37 99
6 2 18 96
7 2 13 97
5 2 27 96
7 2 32 95
5 2 19 96
6 2 37 95
5 2 36 96
6 2 18 97
5 2 31 95
6 2 14 96
5 2 4 68
7 2 10 68
6 2 4 74
5 2 6 74
5 2 38 73
6 2 36 73
7 2 4 78
7 2 27 77
5 2 13 78
5 2 35 79
5 2 17 77
6 2 22 79
7 2 39 80
6 2 33 80
5 2 39 79
6 2 28 80
6 2 34 80
5 2 15 79
5 2 7 77
8 2 3 58
7 2 5 57
5 2 16 58
5 2 35 59
6 2 15 58
7 2 3 100
6 2 36 99
7 2 2 69
5 2 12 71
5 2 3 70
5 2 20 70
6 2 30 71
6 2 2 74
6 2 2 83
5 2 4 82
6 2 35 82
7 2 29 82
3 2 29 83
8 2 22 83
8 2 32 82
7 2 21 84
7 2 22 84
6 2 18 81
5 2 11 83
8 2 11 82
7 2 14 81
7 2 26 80
6 2 25 80
5 2 22 80
6 2 1 52
6 2 1 89
1 2 74 26
8 2 74 25
2 3 71 39
8 2 70 39
4 3 62 81
5 3 61 52
5 3 59 81
4 3 58 75
5 3 55 75
5 3 49 94
3 3 48 27
8 3 47 51
4 3 46 78
3 3 45 23
4 3 44 63
5 3 44 97
5 3 43 78
3 3 42 75
4 2 41 75
1 3 41 32
4 2 41 32
5 2 75 31
1 3 41 40
3 3 41 42
4 2 41 41
1 3 41 44
2 2 41 43
3 3 40 23
4 3 40 53
3 3 40 81
3 3 40 94
1 3 39 5
3 3 41 46
4 2 41 45
3 3 39 15
3 3 39 26
4 3 38 28
3 3 38 51
8 2 37 51
3 2 36 51
8 2 35 51
3 2 34 51
8 2 33 51
6 2 34 51
3 2 32 51
8 2 31 51
4 3 38 84
3 3 37 3
2 2 42 2
1 3 37 25
4 3 37 62
4 3 37 87
3 3 36 22
7 2 61 21
5 3 35 64
5 3 35 84
1 3 33 49
8 2 55 48
5 3 33 75
3 2 38 74
6 2 37 74
6 3 32 52
7 3 32 60
6 2 32 59
3 3 43 60
3 2 47 59
5 2 46 59
6 2 42 60
4 3 32 64
3 3 32 88
3 3 36 89
4 3 31 86
3 3 30 66
3 3 29 35
8 2 28 35
1 2 37 34
3 3 29 69
8 3 27 51
3 2 26 51
5 3 27 97
6 2 26 97
4 3 31 96
7 3 25 74
5 2 24 74
8 2 25 73
6 2 32 74
4 3 32 74
5 3 25 89
7 3 22 78
3 3 31 77
3 3 27 78
4 3 27 78
6 3 22 79
7 3 21 79
5 3 20 89
6 3 18 100
1 3 17 1
8 2 33 1
4 2 16 1
3 3 17 3
3 3 17 15
3 2 31 14
1 2 69 4
1 3 17 17
5 3 17 60
5 2 28 59
6 3 21 61
5 2 37 61
6 3 19 59
1 3 16 4
4 3 36 4
4 2 42 4
1 3 16 49
8 2 15 49
7 3 16 59
5 3 15 52
6 2 40 51
8 2 39 51
4 2 39 52
7 3 26 52
5 2 35 52
7 3 23 53
5 2 29 54
5 2 42 55
8 2 41 55
4 3 14 20
1 3 22 21
3 2 37 21
2 3 13 2
2 3 13 14
5 3 12 74
5 3 11 94
7 3 7 59
2 3 6 18
7 3 6 53
5 2 26 52
5 2 33 53
5 2 29 54
4 3 13 16
6 3 5 55
7 2 12 55
6 2 17 54
5 3 3 60
6 2 6 61
6 2 7 62
6 3 4 83
5 3 19 83
7 3 3 74
7 2 19 73
5 3 24 61
6 3 3 74
7 2 3 74
6 2 9 74
7 2 11 76
5 3 3 79
7 2 6 79
7 2 16 80
7 3 11 74
7 2 19 75
7 3 20 73
8 2 23 80
5 2 35 81
7 3 29 71
6 3 3 85
6 2 8 86
7 2 16 87
5 2 12 87
5 2 18 84
5 3 35 88
6 2 34 88
5 3 17 88
5 3 2 73
6 2 2 74
7 2 5 74
7 2 14 73
5 2 14 73
7 3 2 78
5 2 5 77
5 3 16 79
5 3 12 79
8 2 20 78
7 3 20 80
7 3 9 80
5 2 12 80
1 3 1 1
2 3 1 2
2 2 16 3
4 3 1 4
1 3 17 5
7 3 26 73
8 2 30 72
4 3 13 4
2 3 1 6
2 3 12 6
4 3 1 8
2 3 29 6
1 3 17 9
4 3 12 8
4 3 29 8
2 3 1 10
4 2 32 8
2 3 32 10
3 3 17 11
2 3 12 10
3 3 38 11
3 3 34 11
4 3 1 12
1 3 17 13
3 2 70 13
4 3 12 12
1 2 32 12
4 3 29 12
6 2 69 12
2 3 1 14
3 2 9 14
2 3 25 14
4 3 1 16
4 2 16 17
1 2 9 16
4 2 25 16
2 3 1 18
4 3 1 20
1 3 10 20
1 3 46 19
5 3 1 55
5 2 33 56
6 2 32 56
4 3 33 55
7 3 20 55
7 3 1 58
5 2 2 57
6 3 11 56
5 2 18 56
6 3 18 57
5 3 1 99
6 2 14 99
7 2 6 99
6 2 5 100
6 2 12 98
7 2 25 98
7 3 26 98
2 3 83 9
2 4 79 17
1 4 56 15
4 4 55 72
1 4 51 15
5 4 46 98
5 4 45 63
3 4 44 31
2 2 43 31
3 3 43 30
5 4 42 69
1 4 41 36
4 3 39 36
5 4 41 60
5 4 40 63
3 4 38 71
5 4 36 66
3 4 33 65
4 4 32 85
2 4 30 6
2 2 59 6
1 2 56 7
8 2 58 6
6 4 30 81
5 4 29 62
3 4 28 85
3 4 27 75
6 4 26 99
3 2 39 99
5 2 38 100
7 4 25 77
8 4 25 87
2 4 24 26
3 4 40 27
4 4 24 28
1 2 35 27
1 4 43 29
2 4 24 30
2 2 38 30
7 2 46 29
4 4 24 32
1 4 41 33
4 2 41 33
2 4 24 34
4 4 24 36
2 4 24 38
4 4 24 40
2 4 24 42
2 2 38 42
4 4 24 44
4 2 38 44
1 4 24 45
6 4 24 90
3 4 21 7
7 2 51 7
8 2 62 7
3 4 20 19
5 4 20 78
5 4 19 54
7 4 22 54
5 4 19 67
8 2 18 67
5 3 25 69
3 4 18 15
7 4 18 56
7 4 16 79
5 4 15 86
5 3 27 86
6 4 14 91
6 2 19 91
6 2 18 93
3 2 28 90
7 4 32 95
1 4 13 1
3 4 13 19
7 4 12 71
7 3 18 70
7 3 13 72
8 2 25 69
3 2 26 70
5 4 22 71
7 4 25 71
2 4 11 2
3 4 16 3
1 4 11 17
4 4 10 20
5 4 9 85
7 2 18 86
2 4 8 26
4 2 7 26
2 4 28 26
2 4 29 26
4 4 8 28
2 2 7 28
4 2 42 29
1 2 41 29
2 4 76 17
4 4 29 28
4 4 30 28
2 4 8 30
4 2 7 30
4 4 8 32
2 2 7 32
1 3 86 31
7 4 8 83
7 4 8 91
7 3 16 91
5 3 38 91
7 4 6 61
7 2 19 59
6 2 6 61
6 2 17 61
6 4 13 60
5 3 19 61
4 4 35 58
8 2 35 59
3 4 5 7
3 3 13 7
1 4 5 9
1 2 11 8
1 4 7 9
1 4 25 8
8 2 24 9
1 4 10 9
7 2 28 9
3 4 5 11
3 2 11 10
3 2 28 10
3 4 7 11
3 4 10 11
1 4 5 13
1 2 11 12
1 4 7 13
1 4 10 13
3 4 5 15
2 3 45 15
3 4 7 15
3 2 24 14
1 4 5 17
1 4 8 17
1 4 11 17
5 4 5 80
7 4 4 76
1 4 2 1
4 2 1 1
3 4 1 2
8 2 6 1
1 4 1 4
4 4 30 4
8 2 37 4
1 4 8 5
3 4 1 6
3 2 10 6
1 4 1 8
4 4 10 8
3 4 1 10
2 4 10 10
1 4 1 12
1 3 21 13
7 2 25 12
4 4 10 12
3 4 1 14
1 4 1 16
4 4 1 32
2 2 13 32
3 2 38 31
1 4 1 49
1 5 82 27
3 5 42 47
4 5 41 24
1 5 41 41
3 5 40 43
3 5 40 98
6 2 39 98
2 5 37 22
4 5 36 24
4 5 36 72
6 2 35 72
4 5 35 59
8 5 33 51
4 5 30 75
8 5 27 51
6 2 26 51
4 5 21 61
5 5 21 63
3 3 28 63
6 4 21 62
4 2 26 62
5 5 21 76
3 2 25 75
7 5 21 85
5 5 21 86
5 5 18 68
5 5 14 95
6 2 21 95
5 4 18 97
4 5 13 4
2 5 8 14
4 5 8 16
1 2 17 16
2 5 8 34
2 2 29 34
3 5 31 35
8 2 30 35
4 5 8 36
1 5 8 37
3 5 5 2
1 5 5 4
1 2 11 4
6 2 10 4
3 5 22 3
1 5 10 4
3 5 4 7
2 4 10 6
2 5 4 18
5 5 3 75
5 2 11 75
4 5 18 76
1 5 1 1
2 6 64 39
2 6 58 31
4 6 38 81
1 6 37 44
3 6 36 98
1 6 29 25
1 4 32 25
1 3 33 25
1 6 28 33
3 2 28 33
3 2 29 34
3 6 26 23
5 6 26 98
3 4 30 99
8 2 29 99
5 2 30 100
4 2 29 100
7 6 19 52
7 4 22 53
3 6 10 14
2 6 8 37
1 2 8 37
7 2 48 37
7 6 5 64
8 2 6 64
7 2 11 64
4 4 24 64
8 2 23 65
4 5 28 66
6 2 27 66
6 6 3 52
7 2 1 54
7 2 8 54
8 2 17 54
7 6 3 94
7 2 13 93
7 2 6 97
6 2 25 95
6 3 10 98
7 3 5 95
7 2 8 94
7 2 6 95
8 2 24 94
7 3 28 93
5 4 14 92
6 2 18 91
7 6 2 72
6 2 1 73
5 4 1 72
7 2 23 71
5 5 9 69
7 2 8 70
2 6 1 2
2 6 1 22
4 6 1 24
2 6 1 26
2 4 32 26
4 6 1 28
1 6 29 29
2 6 1 30
2 3 54 31
3 6 29 31
2 6 1 34
4 6 1 36
1 6 1 37
2 6 1 38
4 6 1 40
2 5 58 39
2 6 1 42
4 6 1 44
2 6 1 46
2 2 38 46
4 6 1 48
5 6 1 63
5 2 9 65
7 2 1 63
7 2 10 63
5 3 1 63
7 3 10 63
8 2 24 62
3 7 41 39
4 7 33 67
3 7 29 27
5 7 22 60
4 6 22 60
5 7 21 98
8 2 21 97
3 4 25 100
6 7 19 59
1 7 16 45
4 2 29 44
7 2 38 45
4 7 15 19
2 2 14 19
8 2 13 19
4 7 13 8
4 7 10 40
2 7 10 42
2 3 53 41
4 7 10 44
1 2 75 43
1 3 76 27
1 7 9 5
3 2 64 5
3 7 8 39
1 7 8 41
3 7 8 43
1 7 8 45
4 7 6 32
6 2 5 32
3 7 8 47
3 2 35 46
2 7 5 34
4 7 5 36
2 4 48 35
8 2 47 35
1 7 4 1
4 2 3 1
2 7 4 26
2 7 17 26
4 7 4 28
3 2 14 27
2 7 4 30
1 2 14 29
3 2 14 30
6 7 4 89
7 4 22 88
4 7 2 48
3 7 1 38
2 2 1 38
2 2 24 39
8 2 58 32
1 4 72 37
2 7 2 38
1 7 1 40
3 7 1 42
1 7 1 44
3 7 1 46
2 3 54 46
2 8 60 16
4 8 34 52
4 8 22 77
2 8 20 22
4 8 20 24
2 8 18 34
2 8 16 2
6 8 14 95
2 8 13 6
3 8 17 7
8 2 16 7
2 8 13 10
2 8 7 34
5 8 5 71
4 7 29 69
4 7 25 72
1 8 3 1
5 8 3 66
7 2 1 68
3 8 2 2
6 2 1 2
1 2 39 4
4 8 1 40
2 8 1 42
1 8 68 41
4 8 1 44
8 2 14 43
2 8 1 46
7 8 1 87
5 2 4 88
6 2 2 88
5 3 16 88
3 2 17 88
5 7 21 89
6 2 22 90
5 7 27 91
6 2 22 92
5 5 21 92
5 3 29 91
8 2 28 91
1 6 73 37
2 9 74 23
1 9 74 29
1 9 74 33
2 9 73 25
1 9 38 34
2 9 32 15
4 2 31 15
2 7 35 15
5 9 22 89
4 9 18 11
8 2 17 11
4 9 16 48
1 9 25 49
4 9 16 79
6 9 16 99
3 5 16 99
7 9 14 72
3 2 19 72
5 7 15 72
4 2 15 72
5 6 23 70
6 9 14 75
8 2 13 75
8 3 15 75
2 9 13 25
4 9 13 27
7 9 12 84
3 9 9 2
4 9 4 32
2 8 24 32
2 2 25 32
1 8 39 32
2 9 4 38
4 9 4 40
1 9 15 41
2 9 4 42
1 9 66 43
4 9 4 44
1 3 61 43
5 2 60 43
7 9 4 74
2 9 2 2
8 3 1 3
4 9 1 16
8 2 1 17
4 9 9 15
2 9 10 14
2 9 7 18
6 9 1 98
1 10 47 23
8 2 46 23
2 10 47 29
8 2 46 29
2 10 47 33
2 10 46 27
8 2 45 27
2 10 45 37
8 2 44 37
2 10 41 43
8 2 40 43
3 10 15 39
4 10 13 35
2 3 43 35
1 6 62 35
2 10 11 26
6 2 10 26
2 10 11 34
6 2 10 34
3 10 10 10
6 2 9 10
4 11 30 52
8 2 26 53
5 2 30 52
3 2 29 52
3 11 24 46
8 2 18 47
4 11 24 83
2 11 12 32
6 2 11 32
3 11 10 6
6 2 9 6
5 11 10 89
7 11 9 66
4 9 15 67
1 11 4 44
6 2 3 44
7 2 45 45
3 11 3 35
8 2 2 35
1 5 30 35
3 11 2 22
2 2 1 23
1 10 46 25
2 9 62 24
5 11 2 84
6 2 4 84
5 3 5 84
8 2 4 85
2 12 34 33
8 2 33 33
2 12 33 27
5 12 17 66
5 12 16 80
4 2 12 84
1 12 15 29
8 2 14 29
1 9 49 28
3 12 14 27
8 2 13 27
7 12 12 54
6 3 18 57
4 8 29 58
6 2 28 58
6 10 21 58
2 12 9 42
6 2 8 42
2 10 8 42
1 9 25 42
2 11 28 43
4 12 5 24
6 2 4 24
2 4 57 25
1 12 33 25
8 2 32 25
5 12 4 59
8 2 19 58
6 2 10 57
7 2 9 58
7 2 23 63
4 6 24 56
6 2 23 56
4 11 18 56
4 12 3 48
6 2 2 48
3 12 2 47
8 2 1 47
1 2 62 46
2 6 39 46
6 2 38 46
1 4 55 46
2 12 1 14
8 2 1 15
3 2 7 16
3 13 16 30
8 2 14 31
4 2 16 30
1 9 57 30
2 13 10 21
6 2 5 22
1 5 31 23
2 9 47 22
2 10 65 21
3 13 3 23
8 2 2 23
4 14 21 69
8 2 20 71
8 2 21 69
5 14 20 81
7 2 19 81
1 14 16 37
1 9 53 36
5 14 8 91
7 2 8 92
8 2 14 92
5 2 22 93
8 2 21 93
3 14 7 26
4 2 1 27
2 4 2 26
6 2 1 28
2 2 16 29
1 2 15 29
1 14 7 36
8 2 2 37
4 3 1 37
6 2 1 38
1 2 25 37
5 2 24 37
1 11 14 37
3 14 3 38
8 2 1 39
2 3 2 38
6 2 1 40
8 2 3 39
1 6 36 38
1 6 37 38
2 9 17 38
6 2 16 38
2 10 31 41
8 2 30 41
1 9 46 40
4 14 1 8
8 2 1 9
2 14 1 10
8 2 1 11
3 14 1 31
2 10 29 30
6 2 28 30
3 14 1 35
1 2 28 35
2 10 23 36
6 2 22 36
2 14 1 50
2 12 2 50
6 2 1 50
7 15 26 51
6 15 20 62
3 15 19 95
6 2 18 98
1 15 2 27
8 2 1 27
2 2 1 29
2 10 16 28
6 2 15 28
2 15 1 6
4 15 1 12
8 2 1 13
3 15 1 18
6 2 1 18
2 4 60 21
8 2 59 21
2 9 51 20
1 16 32 33
2 16 19 40
6 2 18 40
2 17 57 4
5 17 21 93
6 18 8 92
1 24 35 21
4 24 1 3
8 3 1 5
3 24 4 42
8 2 5 42
1 25 1 48
8 2 1 49
5 28 2 52
7 2 1 54
6 18 8 52
8 2 6 53
5 2 7 52
7 33 3 80
5 41 1 89
5 2 4 94
6 2 1 92
7 6 1 98
5 2 1 97
6 2 1 96
8 2 1 99
2 57 3 28
8 3 4 31
7 2 4 30
6 2 3 30
5 58 6 54
4 2 7 56
3 2 6 56
7 2 5 57
8 2 10 59
2 69 3 34
6 2 3 36
7 2 3 36
8 2 2 37
4 3 3 35
8 2 2 35
1 9 21 39
7 25 10 61
1 74 4 38
6 2 4 40
8 2 1 41
4 3 2 40
6 2 5 42
1 15 7 41
7 2 6 41
7 86 11 89
5 2 4 96
4 2 2 95
6 2 1 94
8 4 1 95
6 2 2 94
8 2 11 88
1 156 29 44
6 2 27 48
2 186 3 43
6 2 4 46
6 2 1 46
8 2 3 47
4 2 1 48
1 2 5 44
8 3 1 45
7 3 1 47
6 4 1 44
8 3 4 45
2 290 30 1
7 2 30 5
6 2 29 14
4 2 28 10
6 2 27 2
6 2 27 10
6 2 31 8
6 370 2 50
8 2 4 56
8 2 4 75
7 2 3 73
7 2 3 75
8 2 3 77
8 2 1 57
8 2 1 65
5 2 2 59
3 2 1 86
3 2 2 65
7 2 2 85
8 2 1 86
4 2 1 85
5 2 1 85
7 2 1 84
5 3 2 71
7 3 1 54
7 3 1 60
8 2 1 60
5 3 1 62
7 2 1 62
5 2 1 62
5 2 2 62
7 3 2 54
8 3 1 76
8 4 2 61
5 8 1 68
1 714 4 1
4 2 7 21
5 2 6 31
6 2 5 8
7 2 5 10
6 2 5 14
6 2 4 4
7 2 5 3
8 2 4 15
7 2 7 15
6 2 3 2
6 2 3 10
3 2 2 5
2 2 2 22
4 2 2 26
6 2 2 28
4 2 2 32
6 2 2 36
8 2 1 7
7 2 3 7
6 2 1 8
8 2 1 25
6 2 1 26
2 2 6 15
6 3 6 16
8 3 6 17
8 3 4 1
6 3 4 24
8 3 3 11
6 3 3 22
6 3 2 6
6 3 2 18
4 3 1 7
7 3 1 25
8 3 1 29
4 2 2 29
1 2 1 30
8 4 5 12
6 5 5 19
4 2 4 19
6 5 1 11
8 3 7 21
2 147 6 14
2 6 10 17
