9639
4312
1 2 102 20
4 2 102 32
5 2 102 36
4 2 102 41
4 2 102 44
2 2 102 50
5 2 102 68
4 2 102 73
4 2 102 83
6 2 101 1
6 2 101 23
7 2 101 34
6 2 101 57
6 2 101 59
6 2 101 71
6 2 101 77
7 2 101 80
6 2 101 81
7 2 101 90
7 2 101 92
4 2 100 2
7 2 100 1
7 2 100 6
5 2 100 7
4 2 100 17
6 2 101 18
7 2 100 28
8 2 100 29
6 2 100 28
7 2 100 29
3 2 100 33
7 2 100 60
7 2 100 64
6 2 100 67
7 2 100 84
2 2 100 91
3 2 99 2
3 2 99 4
4 2 99 7
4 2 99 15
3 2 100 15
3 2 99 27
1 2 99 38
5 2 99 50
3 2 99 51
6 2 99 51
1 2 99 59
8 2 99 63
4 2 99 68
1 2 99 75
5 2 99 77
6 2 99 83
8 2 99 90
2 2 99 95
7 2 100 94
4 2 98 1
7 2 98 5
6 2 98 7
1 2 98 11
1 2 98 13
6 2 99 96
6 2 100 97
7 2 99 95
6 2 99 94
1 2 98 24
5 2 100 23
6 2 100 25
1 2 98 35
2 2 99 36
2 2 98 67
5 2 98 68
7 2 98 67
2 2 98 86
7 2 101 12
2 2 98 90
7 2 98 92
4 2 98 94
2 2 97 3
3 2 97 2
6 2 97 36
4 2 97 44
2 2 99 42
7 2 100 41
6 2 100 40
7 2 99 40
5 2 98 42
8 2 97 54
2 2 100 53
5 2 97 54
4 2 97 56
8 2 100 55
6 2 98 55
7 2 98 56
8 2 97 57
4 2 97 58
1 2 97 70
8 2 98 71
5 2 97 76
5 2 97 94
2 2 97 97
7 2 96 9
1 2 96 55
2 2 96 81
6 2 96 87
7 2 95 12
8 2 95 14
8 2 95 24
7 2 96 95
1 2 97 96
6 2 96 96
1 2 95 25
4 2 95 33
1 2 96 34
8 2 95 37
1 2 95 41
3 2 95 41
1 2 95 43
8 2 95 61
4 2 95 81
7 2 94 2
1 2 96 3
8 2 96 4
8 2 94 8
6 2 94 26
5 2 94 34
7 2 94 39
4 2 96 26
2 2 95 26
3 2 95 27
7 2 94 44
2 2 94 44
8 2 96 39
4 2 94 61
3 2 94 71
8 2 94 81
7 2 97 43
7 2 94 88
4 2 95 87
8 2 97 88
2 2 94 90
1 2 97 89
5 2 93 2
3 2 93 7
5 2 93 9
7 2 93 19
6 2 95 19
2 2 93 22
8 2 94 22
7 2 98 21
6 2 98 20
4 2 98 22
4 2 93 39
6 2 96 38
8 2 95 39
8 2 93 40
8 2 94 41
4 2 93 49
1 2 98 83
1 2 96 50
1 2 93 52
5 2 94 51
6 2 93 77
2 2 97 78
7 2 97 79
3 2 93 82
2 2 93 81
2 2 94 80
7 2 93 86
2 2 100 85
7 2 97 87
8 2 93 88
7 2 93 90
5 2 93 91
4 2 93 96
8 2 92 12
7 2 99 13
6 2 98 13
8 2 98 14
3 2 97 13
6 2 97 15
5 2 94 13
2 2 93 13
6 2 92 18
7 2 98 17
1 2 92 30
6 2 92 30
5 2 92 40
7 2 92 43
6 2 92 59
6 2 92 63
4 2 93 63
4 2 98 64
7 2 92 64
1 2 94 64
7 2 92 70
8 2 99 69
6 2 98 69
6 2 95 69
1 2 92 82
4 2 95 82
7 2 96 84
7 2 95 82
6 2 95 83
1 2 92 92
7 2 92 92
4 2 91 15
4 2 95 16
8 2 97 16
5 2 94 16
7 2 95 16
8 2 91 26
6 2 92 27
4 2 97 28
7 2 94 28
8 2 93 28
7 2 91 25
1 2 93 24
6 2 95 23
3 2 96 22
2 2 96 21
7 2 92 24
8 2 91 48
8 2 94 48
3 2 98 47
2 2 98 49
8 2 96 47
6 2 98 46
4 2 97 46
5 2 95 47
2 2 95 48
7 2 95 48
6 2 93 48
5 2 91 50
1 2 92 50
7 2 92 51
4 2 96 52
3 2 91 50
1 2 91 59
1 2 91 85
8 2 90 8
8 2 94 8
5 2 93 8
7 2 90 8
4 2 92 9
7 2 90 16
1 2 97 17
5 2 95 17
8 2 95 18
1 2 90 20
4 2 91 22
1 2 93 21
3 2 96 20
4 2 96 19
7 2 95 20
7 2 91 21
3 2 94 20
6 2 91 22
1 2 90 24
5 2 90 26
5 2 93 25
4 2 90 37
3 2 96 37
4 2 90 43
1 2 90 44
7 2 90 62
3 2 90 69
5 2 90 75
2 2 93 75
2 2 90 78
3 2 92 77
2 2 92 78
1 2 96 77
4 2 91 77
8 2 93 77
5 2 92 77
8 2 90 80
5 2 94 79
1 2 92 79
5 2 92 80
8 2 91 80
8 2 90 85
1 2 90 91
6 2 93 91
4 2 94 92
8 2 92 91
4 2 90 96
1 2 94 97
7 2 90 98
6 2 89 2
8 2 89 6
8 2 89 12
2 2 89 11
6 2 91 13
6 2 89 12
2 2 89 15
5 2 89 14
6 2 92 13
3 2 91 13
7 2 90 14
6 2 89 21
5 2 89 24
7 2 90 23
4 2 89 27
2 2 89 37
1 2 90 37
4 2 89 40
2 2 91 39
5 2 89 46
7 2 97 45
7 2 94 46
7 2 89 56
3 2 89 56
5 2 92 45
5 2 91 56
6 2 89 60
2 2 89 76
7 2 89 83
6 2 92 75
7 2 92 74
4 2 94 73
3 2 91 75
3 2 89 96
2 2 88 8
5 2 91 7
6 2 88 7
1 2 88 13
1 2 88 15
4 2 89 14
3 2 88 15
4 2 88 21
8 2 88 27
2 2 88 26
2 2 88 39
3 2 90 38
1 2 88 38
3 2 88 51
2 2 92 84
6 2 88 67
7 2 95 52
7 2 95 66
4 2 88 67
2 2 88 71
6 2 94 70
7 2 88 75
7 2 90 75
2 2 87 3
7 2 92 1
5 2 87 24
8 2 88 23
3 2 87 38
7 2 90 37
1 2 87 43
5 2 89 41
7 2 93 42
5 2 87 43
5 2 87 49
6 2 87 54
4 2 89 54
7 2 87 57
3 2 87 59
5 2 87 68
2 2 93 68
7 2 87 72
1 2 97 65
2 2 95 72
3 2 87 74
1 2 87 75
2 2 91 73
8 2 94 72
7 2 94 72
4 2 87 76
7 2 91 78
8 2 87 75
1 2 87 80
5 2 87 85
8 2 87 89
2 2 95 73
4 2 91 90
6 2 90 88
6 2 87 93
2 2 90 93
2 2 91 92
2 2 87 97
1 2 89 96
5 2 89 98
1 2 86 5
4 2 86 10
2 2 89 10
3 2 89 10
5 2 88 10
1 2 92 9
2 2 91 9
1 2 86 29
7 2 86 31
5 2 89 30
4 2 91 31
7 2 94 32
5 2 86 82
7 2 90 82
4 2 88 82
5 2 91 83
8 2 88 81
2 2 89 82
1 2 88 82
1 2 86 88
2 2 90 88
3 2 86 96
5 2 88 95
7 2 88 97
2 2 87 97
3 2 85 2
1 2 90 4
7 2 85 8
1 2 88 9
3 2 87 9
1 2 85 8
6 2 85 22
7 2 86 22
6 2 85 28
5 2 85 33
4 2 90 88
5 2 90 89
2 2 89 33
2 2 85 37
6 2 85 39
7 2 87 38
5 2 88 37
7 2 86 39
3 2 88 40
4 2 89 41
6 2 85 50
3 2 85 51
3 2 85 53
6 2 90 33
6 2 92 34
3 2 89 33
8 2 86 53
4 2 85 58
3 2 89 57
7 2 92 54
3 2 87 58
7 2 85 59
1 2 87 60
8 2 86 60
7 2 86 59
2 2 88 60
6 2 88 59
3 2 87 59
8 2 85 58
2 2 88 57
1 2 85 61
7 2 87 62
3 2 86 63
4 2 85 84
7 2 85 92
5 2 85 97
3 2 84 40
6 2 84 53
6 2 90 94
3 2 86 55
4 2 91 52
2 2 84 55
1 2 84 55
6 2 90 54
7 2 84 56
7 2 84 66
3 2 94 65
4 2 93 66
8 2 94 65
5 2 84 80
4 2 86 79
7 2 84 88
2 2 87 89
8 2 89 67
3 2 89 88
3 2 87 88
5 2 84 91
6 2 83 4
6 2 84 93
2 2 84 94
8 2 83 7
2 2 84 7
6 2 91 4
3 2 90 6
3 2 85 6
5 2 83 7
2 2 84 7
4 2 83 7
6 2 83 9
3 2 83 11
6 2 85 11
2 2 83 13
5 2 86 12
1 2 83 14
2 2 83 21
4 2 87 20
2 2 88 6
3 2 84 20
8 2 83 37
4 2 83 40
5 2 83 43
4 2 83 44
2 2 83 47
6 2 85 45
6 2 90 47
7 2 89 48
4 2 89 47
2 2 83 50
1 2 90 51
3 2 89 52
8 2 88 52
8 2 83 56
1 2 87 55
1 2 83 67
6 2 83 68
4 2 83 85
6 2 89 86
8 2 83 88
8 2 82 17
1 2 89 18
6 2 90 19
2 2 89 20
1 2 87 18
3 2 86 15
2 2 82 28
1 2 87 27
2 2 85 29
7 2 84 27
6 2 88 26
1 2 82 40
5 2 83 40
3 2 83 39
2 2 82 39
1 2 82 57
2 2 89 57
3 2 88 57
7 2 88 58
8 2 87 58
6 2 82 58
2 2 82 59
4 2 83 58
1 2 82 58
6 2 82 77
7 2 85 77
1 2 87 76
7 2 86 78
2 2 85 76
8 2 85 79
5 2 84 78
3 2 83 78
7 2 86 77
2 2 82 78
2 2 82 82
6 2 81 2
7 2 82 2
4 2 86 1
6 2 85 1
3 2 81 15
4 2 81 18
1 2 88 18
7 2 81 37
8 2 81 41
6 2 84 41
7 2 81 41
5 2 81 44
4 2 86 45
5 2 81 81
8 2 84 80
7 2 82 80
3 2 86 81
6 2 85 81
3 2 83 80
2 2 82 80
1 2 81 88
8 2 82 88
5 2 84 89
4 2 81 94
3 2 87 94
8 2 83 94
4 2 86 96
5 2 82 93
3 2 88 93
7 2 81 94
4 2 80 4
7 2 89 4
2 2 87 4
5 2 80 12
5 2 80 29
8 2 80 36
6 2 92 36
6 2 86 36
5 2 80 60
6 2 80 60
7 2 80 85
7 2 86 85
8 2 90 86
1 2 83 85
5 2 80 91
2 2 86 91
3 2 85 90
2 2 87 89
7 2 79 7
7 2 80 7
7 2 79 17
6 2 79 25
3 2 87 24
6 2 79 36
5 2 84 35
2 2 87 34
6 2 87 34
7 2 79 52
4 2 86 51
3 2 79 60
1 2 81 60
6 2 89 61
4 2 89 61
2 2 79 76
3 2 79 80
6 2 79 84
6 2 87 83
6 2 85 84
7 2 85 83
8 2 84 84
6 2 82 85
1 2 86 85
3 2 86 86
3 2 79 85
2 2 78 6
7 2 83 6
7 2 85 5
3 2 82 5
4 2 85 4
2 2 82 4
6 2 83 4
5 2 78 14
2 2 81 16
3 2 89 17
1 2 83 15
4 2 82 15
6 2 78 17
2 2 78 26
6 2 80 26
1 2 84 28
3 2 78 26
8 2 83 27
5 2 84 28
6 2 78 42
2 2 78 44
3 2 81 45
2 2 85 46
8 2 78 49
3 2 88 48
4 2 81 48
4 2 83 50
8 2 78 65
5 2 90 46
4 2 82 63
1 2 88 62
6 2 89 61
5 2 88 62
6 2 91 63
5 2 90 64
6 2 88 62
4 2 80 64
8 2 78 82
1 2 78 84
5 2 78 87
5 2 82 86
3 2 78 92
2 2 79 91
6 2 77 8
8 2 83 9
8 2 77 12
4 2 77 41
5 2 77 43
4 2 77 46
2 2 77 48
6 2 77 51
2 2 77 66
8 2 80 67
6 2 84 66
2 2 79 67
8 2 77 68
2 2 77 84
5 2 76 1
4 2 76 5
1 2 76 5
8 2 82 4
2 2 79 6
2 2 76 7
2 2 80 8
7 2 76 26
4 2 84 25
1 2 85 24
2 2 84 24
4 2 82 25
5 2 76 29
4 2 84 30
5 2 83 31
8 2 91 31
1 2 86 31
4 2 85 32
7 2 87 32
7 2 80 28
2 2 76 30
3 2 77 31
4 2 82 32
2 2 81 30
8 2 81 32
6 2 76 32
1 2 76 34
4 2 86 34
7 2 76 43
1 2 77 43
1 2 83 44
3 2 76 44
1 2 76 48
8 2 78 48
8 2 76 54
3 2 85 53
7 2 76 60
8 2 78 60
6 2 81 61
7 2 89 62
3 2 88 63
1 2 79 59
2 2 80 58
2 2 76 62
8 2 76 64
5 2 76 65
1 2 76 80
7 2 76 80
2 2 76 82
6 2 76 83
2 2 76 87
5 2 76 93
3 2 87 92
3 2 79 92
7 2 78 92
4 2 78 92
8 2 79 91
6 2 78 91
5 2 75 8
1 2 76 7
7 2 75 13
2 2 75 16
1 2 75 22
8 2 85 21
6 2 84 21
4 2 82 23
4 2 80 22
1 2 81 24
3 2 75 35
1 2 82 34
4 2 79 35
2 2 84 35
3 2 83 36
7 2 80 34
6 2 79 35
2 2 78 37
1 2 75 45
8 2 75 52
7 2 78 52
5 2 75 60
3 2 75 65
2 2 88 65
5 2 77 65
2 2 82 65
1 2 82 64
2 2 86 63
7 2 81 65
6 2 82 64
2 2 75 77
8 2 82 76
8 2 77 76
2 2 81 75
5 2 78 77
2 2 79 76
7 2 81 75
2 2 84 74
4 2 88 73
8 2 87 74
7 2 89 66
6 2 87 73
5 2 85 73
7 2 85 72
5 2 87 71
3 2 90 73
4 2 86 73
8 2 80 75
7 2 78 78
3 2 76 77
5 2 75 78
1 2 75 96
3 2 84 96
4 2 83 95
2 2 81 96
2 2 78 96
4 2 77 95
5 2 80 96
3 2 75 95
7 2 78 96
3 2 79 97
6 2 76 96
2 2 75 96
4 2 74 2
2 2 80 1
4 2 81 2
7 2 79 3
6 2 82 3
7 2 76 1
3 2 76 2
6 2 74 18
4 2 75 18
8 2 74 26
8 2 75 26
1 2 74 28
5 2 74 66
2 2 74 72
7 2 83 70
2 2 84 71
8 2 88 70
6 2 89 69
6 2 88 70
3 2 77 73
7 2 77 73
4 2 79 72
2 2 78 72
4 2 85 71
6 2 85 70
1 2 87 69
3 2 85 69
5 2 84 72
2 2 77 74
7 2 79 76
2 2 74 75
8 2 76 74
3 2 77 75
6 2 74 76
8 2 73 1
7 2 73 2
1 2 73 5
5 2 75 4
6 2 73 13
1 2 73 15
4 2 73 40
5 2 77 39
4 2 73 53
8 2 86 70
1 2 85 70
5 2 87 53
7 2 73 79
2 2 73 93
2 2 72 10
3 2 79 9
6 2 80 9
4 2 72 11
7 2 79 10
5 2 79 9
1 2 79 10
3 2 76 11
1 2 72 26
4 2 75 26
3 2 73 26
2 2 72 26
7 2 72 34
8 2 74 35
2 2 73 33
6 2 80 32
8 2 72 40
5 2 78 39
1 2 72 39
8 2 75 39
4 2 74 38
6 2 73 40
3 2 72 45
5 2 74 46
8 2 73 44
1 2 76 45
3 2 81 46
7 2 80 47
4 2 72 50
3 2 73 48
3 2 72 50
3 2 77 52
6 2 86 53
1 2 80 53
4 2 85 54
8 2 84 55
2 2 80 54
1 2 84 55
5 2 83 56
5 2 72 52
3 2 72 57
8 2 72 58
6 2 73 57
4 2 75 58
5 2 72 57
6 2 82 56
2 2 73 58
2 2 72 56
5 2 72 60
4 2 72 62
2 2 72 82
7 2 77 82
5 2 79 82
2 2 77 82
5 2 74 82
5 2 72 91
2 2 75 91
1 2 72 91
6 2 71 14
2 2 77 15
8 2 76 16
2 2 74 13
6 2 79 13
4 2 74 12
8 2 74 15
8 2 73 12
5 2 71 31
8 2 77 32
6 2 74 30
4 2 74 29
8 2 76 30
4 2 76 31
6 2 71 33
7 2 71 36
5 2 76 36
6 2 81 37
6 2 72 36
7 2 71 46
2 2 84 45
8 2 83 45
8 2 81 46
4 2 71 53
3 2 82 55
7 2 71 59
3 2 75 60
1 2 71 61
3 2 82 61
1 2 84 62
6 2 75 61
2 2 80 62
2 2 72 60
5 2 71 66
4 2 71 66
4 2 71 70
5 2 80 69
1 2 71 74
2 2 71 89
8 2 76 88
6 2 80 87
5 2 81 70
2 2 80 86
5 2 75 89
6 2 79 89
6 2 74 88
4 2 78 86
7 2 73 88
5 2 77 87
3 2 72 91
1 2 75 92
2 2 70 4
1 2 78 3
1 2 75 4
2 2 70 13
7 2 70 13
4 2 70 17
6 2 79 18
6 2 70 22
5 2 74 21
5 2 79 22
6 2 74 22
3 2 77 23
1 2 70 25
5 2 71 25
3 2 70 33
3 2 72 32
2 2 75 31
1 2 74 32
5 2 70 36
3 2 70 39
7 2 73 39
6 2 70 38
8 2 70 43
1 2 70 46
1 2 70 58
5 2 72 57
3 2 80 55
6 2 71 57
4 2 74 56
2 2 77 55
4 2 78 54
7 2 71 58
7 2 70 63
7 2 76 64
1 2 75 64
2 2 80 86
2 2 79 64
8 2 76 63
3 2 70 62
6 2 70 64
3 2 73 63
4 2 75 64
1 2 70 70
5 2 73 69
2 2 78 63
6 2 76 68
8 2 74 68
3 2 78 69
4 2 75 70
5 2 70 70
7 2 70 69
7 2 71 68
6 2 70 70
6 2 70 74
7 2 70 87
8 2 71 87
4 2 73 70
1 2 70 87
8 2 75 86
7 2 72 86
6 2 74 86
4 2 69 8
6 2 69 15
3 2 69 18
7 2 72 20
7 2 76 21
5 2 70 18
7 2 69 19
4 2 80 19
3 2 70 94
5 2 72 95
8 2 70 93
7 2 71 95
5 2 73 97
5 2 72 95
7 2 79 94
4 2 72 96
1 2 75 98
3 2 71 96
2 2 69 31
7 2 75 30
5 2 74 30
8 2 69 50
8 2 79 50
1 2 73 49
2 2 81 48
8 2 72 49
6 2 74 48
1 2 69 55
4 2 69 67
3 2 78 65
5 2 77 66
1 2 70 66
1 2 69 68
5 2 69 74
3 2 73 76
7 2 69 94
5 2 69 97
3 2 69 98
5 2 68 4
3 2 72 4
4 2 69 3
2 2 74 2
1 2 72 2
7 2 69 3
2 2 68 9
7 2 72 8
7 2 74 7
3 2 73 7
1 2 68 10
7 2 71 9
5 2 68 15
4 2 68 19
8 2 68 21
6 2 77 21
8 2 71 20
4 2 68 24
7 2 71 23
5 2 71 23
6 2 68 54
7 2 72 22
4 2 72 54
1 2 74 21
1 2 71 53
8 2 69 53
5 2 69 53
3 2 71 52
4 2 68 55
1 2 68 63
7 2 68 68
7 2 69 67
8 2 68 84
6 2 68 83
5 2 71 62
3 2 68 91
5 2 68 98
1 2 67 1
5 2 67 30
3 2 67 32
4 2 69 33
6 2 68 31
4 2 67 35
7 2 67 48
4 2 71 49
8 2 74 49
3 2 72 82
4 2 67 52
8 2 70 53
4 2 69 53
7 2 68 53
5 2 67 58
6 2 67 60
5 2 67 64
8 2 67 78
1 2 72 77
4 2 73 76
7 2 72 76
1 2 69 78
8 2 66 3
5 2 66 16
7 2 77 50
3 2 80 17
5 2 76 51
4 2 66 15
8 2 70 14
8 2 68 15
4 2 67 14
7 2 66 39
4 2 66 41
1 2 72 43
6 2 66 40
4 2 68 39
2 2 67 41
8 2 67 40
4 2 66 41
3 2 66 47
1 2 74 48
1 2 75 49
7 2 66 58
2 2 66 60
2 2 66 62
3 2 66 68
7 2 68 59
4 2 66 85
3 2 71 87
7 2 68 87
8 2 66 84
6 2 69 85
6 2 66 86
1 2 65 3
8 2 68 5
6 2 65 11
5 2 67 11
7 2 66 11
4 2 73 10
1 2 65 15
6 2 67 14
3 2 67 15
6 2 67 16
5 2 65 35
1 2 76 68
1 2 72 35
7 2 68 36
2 2 71 35
4 2 76 34
4 2 74 34
6 2 65 54
6 2 65 62
3 2 73 61
2 2 65 83
5 2 67 83
6 2 65 89
7 2 73 61
1 2 68 88
7 2 76 89
3 2 71 89
4 2 64 15
4 2 64 45
4 2 69 43
2 2 66 45
4 2 65 45
6 2 64 57
8 2 65 58
8 2 64 61
2 2 64 62
1 2 64 68
3 2 64 69
4 2 71 68
5 2 72 69
2 2 70 69
8 2 70 68
8 2 69 70
8 2 75 89
3 2 74 90
4 2 65 68
2 2 65 67
6 2 72 65
3 2 69 68
5 2 65 69
1 2 70 71
7 2 68 68
1 2 68 70
8 2 64 74
8 2 65 74
2 2 73 73
8 2 72 73
4 2 67 74
1 2 69 73
8 2 70 72
8 2 69 75
7 2 71 75
8 2 68 73
7 2 64 74
5 2 64 82
6 2 70 75
8 2 66 83
1 2 65 84
3 2 64 84
8 2 63 9
1 2 63 19
8 2 65 17
7 2 64 17
5 2 63 23
2 2 69 22
4 2 64 93
1 2 67 92
5 2 68 91
7 2 68 93
3 2 72 92
6 2 75 93
4 2 74 94
6 2 63 25
3 2 67 24
2 2 64 25
6 2 65 25
5 2 64 24
4 2 69 24
4 2 63 35
7 2 71 26
5 2 63 47
8 2 63 52
5 2 69 51
8 2 70 50
8 2 74 34
5 2 63 55
3 2 64 54
2 2 63 57
2 2 64 56
2 2 63 60
1 2 63 73
1 2 71 72
5 2 69 72
5 2 66 72
3 2 74 71
4 2 62 13
7 2 63 12
1 2 62 13
8 2 68 12
8 2 63 12
7 2 66 13
2 2 62 12
7 2 62 16
1 2 71 17
3 2 63 15
3 2 62 21
2 2 68 20
2 2 62 26
5 2 62 33
2 2 62 33
5 2 71 34
5 2 69 34
3 2 68 35
5 2 62 68
4 2 62 84
7 2 71 85
7 2 66 85
7 2 63 86
8 2 62 89
5 2 72 88
1 2 65 90
6 2 68 92
5 2 68 93
8 2 68 92
6 2 62 97
5 2 63 96
6 2 61 6
1 2 62 5
5 2 61 5
2 2 61 17
7 2 61 20
5 2 61 23
2 2 66 22
1 2 66 24
6 2 64 22
2 2 63 22
6 2 61 25
4 2 65 24
2 2 64 24
7 2 65 23
6 2 69 22
4 2 68 21
3 2 62 26
8 2 70 27
3 2 69 28
4 2 70 28
7 2 78 49
2 2 65 28
4 2 61 36
5 2 64 29
3 2 61 44
6 2 65 37
4 2 66 38
8 2 64 37
3 2 67 37
1 2 62 45
5 2 62 45
3 2 61 50
4 2 64 50
7 2 63 49
3 2 71 51
5 2 63 51
5 2 61 54
1 2 66 53
4 2 62 55
6 2 61 57
1 2 63 57
1 2 61 59
3 2 61 67
1 2 64 69
8 2 61 68
7 2 61 76
7 2 61 79
6 2 66 79
6 2 74 45
3 2 74 46
4 2 70 78
5 2 74 78
6 2 60 5
3 2 61 80
1 2 70 5
4 2 71 7
4 2 70 5
2 2 67 79
1 2 73 79
2 2 69 80
1 2 69 81
7 2 60 5
7 2 60 17
8 2 66 17
3 2 65 19
2 2 62 18
5 2 60 25
5 2 65 25
7 2 60 47
7 2 67 78
3 2 60 57
4 2 60 61
5 2 62 60
1 2 59 23
3 2 60 22
4 2 59 25
6 2 63 26
3 2 63 26
6 2 60 24
4 2 59 30
1 2 67 32
5 2 62 29
1 2 66 30
4 2 65 30
4 2 61 29
8 2 70 30
3 2 65 31
8 2 62 28
8 2 59 35
6 2 61 36
1 2 60 35
7 2 63 34
7 2 59 45
2 2 61 44
2 2 59 52
8 2 59 55
5 2 63 43
2 2 71 42
6 2 70 45
7 2 63 55
8 2 59 57
4 2 59 70
8 2 59 77
4 2 70 76
1 2 59 89
8 2 64 89
2 2 59 96
1 2 58 2
3 2 72 1
4 2 66 1
7 2 65 1
4 2 58 3
4 2 58 28
1 2 75 29
1 2 65 27
7 2 58 67
2 2 72 66
1 2 59 66
2 2 58 94
7 2 62 93
3 2 58 95
3 2 57 6
2 2 65 6
5 2 68 7
6 2 57 11
1 2 62 10
3 2 63 9
6 2 64 8
7 2 61 13
7 2 59 10
8 2 57 25
8 2 57 31
1 2 61 33
1 2 57 35
7 2 67 34
6 2 65 34
8 2 65 33
3 2 64 34
7 2 65 34
8 2 57 39
1 2 65 40
3 2 63 40
5 2 64 41
2 2 60 38
4 2 60 40
2 2 63 39
7 2 57 44
2 2 58 39
4 2 57 59
3 2 57 64
2 2 65 64
3 2 62 64
2 2 67 65
4 2 58 65
8 2 64 64
7 2 61 63
7 2 59 64
6 2 59 66
1 2 60 65
2 2 59 65
5 2 57 69
3 2 59 68
6 2 59 70
4 2 64 71
7 2 63 72
7 2 57 71
7 2 64 70
7 2 70 71
1 2 56 3
7 2 56 7
5 2 62 8
7 2 59 7
7 2 65 8
8 2 60 8
6 2 56 6
8 2 56 7
2 2 56 21
1 2 56 28
7 2 70 27
3 2 56 28
5 2 56 38
3 2 56 37
1 2 56 44
8 2 56 47
6 2 56 59
7 2 57 58
4 2 59 58
5 2 57 57
4 2 56 67
3 2 56 69
6 2 59 68
4 2 57 68
7 2 57 69
2 2 56 78
3 2 65 76
6 2 64 76
3 2 62 78
5 2 56 81
3 2 62 82
1 2 56 94
7 2 56 96
2 2 63 97
6 2 55 3
6 2 67 2
1 2 55 23
6 2 66 22
1 2 64 22
5 2 61 22
6 2 60 22
5 2 59 23
4 2 65 23
2 2 64 23
7 2 56 24
4 2 55 46
6 2 66 46
5 2 64 46
8 2 60 46
7 2 64 47
7 2 68 48
5 2 67 48
2 2 63 47
5 2 57 46
6 2 59 45
4 2 57 46
2 2 59 47
4 2 58 46
8 2 59 46
1 2 56 46
8 2 58 45
8 2 55 58
3 2 56 57
7 2 56 56
2 2 55 63
8 2 61 62
7 2 60 62
2 2 61 61
1 2 55 68
8 2 55 89
1 2 68 89
6 2 67 90
5 2 62 90
4 2 64 90
3 2 55 88
5 2 67 87
7 2 55 90
8 2 64 91
6 2 55 96
1 2 55 97
4 2 54 8
4 2 54 11
3 2 59 10
7 2 56 10
1 2 54 11
4 2 54 15
3 2 54 15
2 2 59 14
1 2 58 16
4 2 57 16
1 2 55 15
1 2 54 61
5 2 54 65
7 2 55 66
6 2 57 65
8 2 58 64
8 2 56 65
2 2 61 66
1 2 59 67
4 2 54 81
5 2 58 80
2 2 58 80
1 2 62 80
2 2 67 81
6 2 68 81
5 2 65 82
5 2 60 79
3 2 68 77
3 2 66 80
5 2 64 80
2 2 60 78
1 2 59 80
2 2 66 81
8 2 58 80
3 2 57 80
6 2 58 80
8 2 65 81
7 2 64 81
5 2 59 81
4 2 58 81
8 2 57 80
7 2 54 87
3 2 64 85
3 2 62 86
1 2 57 86
2 2 64 87
4 2 58 87
3 2 57 87
8 2 61 86
8 2 59 87
1 2 63 86
5 2 65 85
5 2 61 87
1 2 60 87
6 2 56 87
7 2 53 2
3 2 64 3
8 2 62 1
3 2 61 1
2 2 57 2
2 2 61 2
4 2 60 2
1 2 61 2
8 2 60 2
6 2 53 6
4 2 55 5
7 2 53 15
2 2 54 14
5 2 60 14
2 2 60 13
8 2 59 13
1 2 58 12
3 2 58 13
2 2 53 22
3 2 57 21
5 2 63 21
8 2 56 21
2 2 56 22
1 2 53 42
7 2 69 49
3 2 55 43
7 2 71 43
1 2 57 42
4 2 60 42
1 2 59 42
6 2 56 45
5 2 55 45
4 2 59 46
7 2 53 41
8 2 63 40
4 2 61 41
2 2 56 40
8 2 53 40
3 2 53 51
6 2 62 50
8 2 55 49
7 2 55 49
8 2 55 52
6 2 54 52
2 2 65 53
6 2 55 51
6 2 62 52
7 2 61 53
7 2 55 54
3 2 53 57
4 2 53 60
8 2 53 77
5 2 57 77
5 2 59 76
5 2 64 75
6 2 55 76
1 2 56 76
8 2 62 75
2 2 62 74
5 2 64 73
3 2 62 73
7 2 54 76
2 2 54 77
5 2 53 76
7 2 57 75
6 2 60 74
2 2 53 94
5 2 66 42
3 2 65 42
2 2 67 42
8 2 66 42
3 2 58 93
2 2 65 92
6 2 59 93
3 2 60 93
8 2 60 92
2 2 58 93
5 2 65 93
8 2 53 97
4 2 53 97
8 2 54 96
8 2 59 95
2 2 58 95
6 2 64 93
4 2 54 96
3 2 52 1
3 2 54 2
6 2 52 4
2 2 52 31
5 2 53 33
5 2 55 34
5 2 54 97
6 2 52 37
2 2 64 36
6 2 61 35
2 2 62 37
5 2 62 36
1 2 52 36
4 2 54 35
7 2 53 35
7 2 54 38
7 2 52 45
2 2 52 48
5 2 53 47
2 2 52 57
8 2 52 66
4 2 53 67
2 2 52 79
1 2 51 8
7 2 55 8
2 2 58 9
4 2 57 9
2 2 51 16
3 2 51 29
7 2 51 34
2 2 57 35
5 2 58 33
4 2 56 35
3 2 51 37
6 2 51 36
3 2 51 55
2 2 51 58
4 2 52 57
4 2 51 74
7 2 51 80
7 2 57 81
2 2 59 82
1 2 63 38
5 2 51 80
6 2 51 88
6 2 59 87
3 2 51 88
5 2 59 89
1 2 54 90
2 2 50 21
5 2 65 20
8 2 52 20
4 2 61 19
1 2 53 21
7 2 50 22
5 2 52 23
3 2 50 26
8 2 54 26
7 2 52 25
7 2 59 27
2 2 59 26
8 2 51 24
3 2 51 25
5 2 56 27
5 2 50 29
8 2 52 28
3 2 53 29
6 2 52 29
8 2 63 30
1 2 50 33
1 2 59 32
3 2 58 32
5 2 52 32
2 2 59 31
5 2 58 32
3 2 53 33
4 2 52 31
5 2 50 36
1 2 50 46
5 2 50 50
1 2 56 50
7 2 65 50
5 2 55 49
1 2 50 49
7 2 57 50
1 2 56 48
1 2 50 52
1 2 50 61
8 2 59 63
1 2 58 63
7 2 50 65
7 2 53 64
1 2 53 65
2 2 51 65
6 2 50 76
2 2 49 8
3 2 51 9
3 2 52 9
6 2 49 22
8 2 59 23
5 2 49 30
6 2 53 29
7 2 53 28
5 2 52 29
3 2 57 28
1 2 50 29
6 2 49 46
1 2 52 47
4 2 50 47
7 2 49 53
2 2 50 52
5 2 56 53
7 2 51 51
3 2 49 63
8 2 52 63
8 2 58 62
1 2 49 67
2 2 49 66
7 2 49 73
3 2 58 72
6 2 49 88
2 2 53 89
1 2 51 87
5 2 55 87
3 2 50 87
7 2 52 86
3 2 60 85
5 2 51 86
5 2 54 85
6 2 69 84
3 2 49 94
2 2 50 89
5 2 53 90
2 2 48 3
2 2 50 4
3 2 52 5
6 2 48 27
2 2 49 26
1 2 48 29
8 2 53 27
6 2 48 31
3 2 48 30
8 2 48 32
7 2 48 35
7 2 54 94
2 2 48 49
4 2 48 52
1 2 48 57
7 2 48 77
5 2 50 78
6 2 56 78
6 2 55 34
7 2 55 78
1 2 54 35
8 2 54 78
8 2 48 84
7 2 54 83
7 2 52 78
4 2 53 83
2 2 48 86
7 2 48 88
3 2 51 89
1 2 50 89
6 2 47 2
1 2 47 2
7 2 48 1
4 2 47 3
8 2 47 6
5 2 56 7
8 2 51 7
4 2 47 19
6 2 50 18
3 2 51 18
7 2 56 79
5 2 51 18
2 2 51 19
4 2 54 17
8 2 47 24
3 2 47 33
5 2 53 33
1 2 47 41
3 2 61 39
8 2 57 40
8 2 48 41
5 2 47 41
1 2 62 42
8 2 52 41
6 2 51 40
5 2 54 39
2 2 47 46
6 2 47 52
4 2 47 58
6 2 60 59
8 2 59 59
3 2 59 60
3 2 57 59
3 2 48 56
1 2 53 55
2 2 52 55
5 2 57 55
1 2 55 54
5 2 47 64
3 2 47 79
3 2 52 81
3 2 47 90
2 2 47 98
7 2 54 97
7 2 46 9
7 2 53 11
7 2 51 10
3 2 52 10
6 2 52 11
2 2 56 12
7 2 56 12
4 2 55 12
5 2 51 10
7 2 65 10
5 2 46 31
8 2 46 46
5 2 46 76
2 2 48 75
1 2 50 74
8 2 57 72
1 2 56 72
3 2 62 71
5 2 56 73
2 2 53 72
1 2 47 75
7 2 46 83
1 2 57 82
6 2 55 83
2 2 61 84
2 2 54 82
4 2 55 83
3 2 55 84
3 2 53 83
3 2 61 83
3 2 48 81
7 2 55 82
3 2 46 83
2 2 52 83
6 2 45 3
5 2 45 14
1 2 54 14
5 2 52 14
4 2 48 13
1 2 48 12
3 2 47 12
7 2 55 12
8 2 52 13
3 2 49 11
7 2 47 13
7 2 46 14
2 2 46 13
2 2 45 31
2 2 46 30
7 2 47 29
2 2 48 28
1 2 45 33
1 2 45 39
5 2 50 38
1 2 45 61
1 2 56 60
5 2 45 63
8 2 48 61
3 2 45 65
5 2 45 68
1 2 51 69
1 2 45 75
4 2 47 74
3 2 45 77
5 2 45 82
1 2 45 83
6 2 45 87
1 2 45 87
8 2 45 88
1 2 45 88
3 2 44 10
1 2 46 9
1 2 48 8
6 2 48 10
4 2 44 28
5 2 45 27
5 2 50 26
1 2 51 26
1 2 53 25
3 2 48 26
1 2 44 27
5 2 44 40
7 2 44 57
8 2 44 63
8 2 45 62
4 2 44 64
7 2 46 66
3 2 46 66
4 2 47 65
7 2 45 64
1 2 45 67
5 2 51 66
7 2 50 66
8 2 44 78
4 2 44 84
6 2 52 84
6 2 54 85
8 2 51 84
1 2 51 85
4 2 46 85
8 2 48 85
7 2 50 84
3 2 44 85
6 2 44 97
8 2 43 3
1 2 43 14
4 2 43 14
1 2 45 15
6 2 43 19
1 2 62 19
6 2 61 20
2 2 59 18
7 2 50 20
4 2 49 18
1 2 58 17
6 2 52 20
2 2 43 30
6 2 45 29
1 2 43 38
8 2 50 17
7 2 55 37
1 2 54 37
5 2 53 37
8 2 55 36
1 2 52 37
5 2 44 37
4 2 43 44
2 2 53 42
2 2 51 44
1 2 52 44
8 2 49 44
6 2 49 44
7 2 47 45
6 2 43 48
4 2 43 51
8 2 54 52
7 2 43 62
6 2 45 61
6 2 46 61
7 2 47 61
5 2 47 60
8 2 48 59
2 2 46 61
7 2 43 72
4 2 53 72
5 2 47 72
6 2 47 71
3 2 57 19
5 2 63 20
6 2 54 71
7 2 45 71
7 2 49 72
5 2 51 70
1 2 50 71
4 2 48 70
8 2 43 74
8 2 46 75
4 2 43 81
7 2 43 84
4 2 44 76
6 2 47 77
1 2 46 84
6 2 45 75
7 2 44 75
6 2 43 94
5 2 53 95
7 2 58 93
7 2 50 95
8 2 47 76
5 2 45 93
5 2 52 92
7 2 48 93
4 2 53 92
4 2 48 92
8 2 58 94
6 2 56 91
3 2 53 91
7 2 52 91
5 2 43 94
2 2 49 91
5 2 48 91
8 2 48 91
4 2 50 93
1 2 42 5
8 2 44 6
1 2 42 9
5 2 42 38
4 2 42 38
8 2 42 46
2 2 42 46
2 2 44 45
2 2 42 56
8 2 43 55
5 2 45 94
3 2 46 93
8 2 48 54
3 2 48 53
4 2 48 54
4 2 42 55
5 2 42 83
6 2 44 82
6 2 42 98
5 2 41 2
4 2 50 1
1 2 49 2
3 2 42 2
3 2 45 4
3 2 41 6
4 2 51 94
6 2 49 8
1 2 43 5
3 2 45 6
6 2 41 35
8 2 41 43
6 2 41 53
6 2 41 65
1 2 40 12
5 2 43 7
5 2 45 8
7 2 42 13
1 2 42 12
3 2 41 14
4 2 40 13
5 2 40 17
6 2 48 16
6 2 46 17
6 2 40 21
3 2 43 22
7 2 42 23
1 2 47 22
4 2 47 21
2 2 40 25
4 2 46 24
5 2 43 24
2 2 48 24
6 2 47 24
5 2 40 27
7 2 42 29
3 2 49 29
1 2 40 29
2 2 40 30
1 2 40 41
2 2 42 39
1 2 50 11
2 2 41 41
1 2 41 40
6 2 42 42
2 2 47 42
5 2 46 43
8 2 40 40
6 2 52 39
2 2 40 45
5 2 40 46
8 2 40 54
1 2 40 53
6 2 40 71
7 2 45 53
8 2 45 54
2 2 40 76
8 2 45 75
8 2 43 76
4 2 42 77
4 2 44 78
6 2 46 79
4 2 51 80
6 2 48 80
5 2 48 81
6 2 41 77
1 2 45 77
7 2 40 75
8 2 40 86
6 2 40 91
4 2 46 91
8 2 49 91
5 2 49 92
4 2 48 90
2 2 46 91
6 2 46 91
8 2 45 90
5 2 45 90
6 2 40 95
7 2 53 71
8 2 59 70
6 2 54 95
3 2 53 72
5 2 53 71
2 2 54 70
6 2 53 70
1 2 53 70
8 2 48 95
2 2 47 95
5 2 46 96
7 2 45 96
1 2 48 96
8 2 46 95
5 2 40 96
1 2 43 97
7 2 41 95
3 2 39 3
7 2 41 2
4 2 39 4
5 2 42 4
2 2 48 95
5 2 39 20
3 2 47 20
7 2 48 19
2 2 47 19
8 2 39 20
8 2 47 19
2 2 42 21
1 2 41 20
3 2 45 20
3 2 41 21
3 2 39 21
8 2 47 22
3 2 46 22
6 2 41 20
7 2 39 33
3 2 40 34
8 2 46 35
6 2 50 36
1 2 48 36
8 2 40 33
7 2 40 33
5 2 55 33
8 2 54 34
1 2 39 34
1 2 39 39
4 2 39 46
3 2 40 46
3 2 39 76
7 2 39 92
3 2 43 91
7 2 44 92
8 2 42 91
3 2 38 1
7 2 38 7
3 2 38 6
4 2 38 8
2 2 44 9
1 2 44 9
3 2 38 11
7 2 38 20
8 2 38 19
6 2 38 21
2 2 38 43
7 2 42 10
6 2 43 9
1 2 43 45
7 2 38 47
2 2 47 47
2 2 51 47
6 2 44 11
6 2 39 46
3 2 47 48
6 2 38 57
2 2 38 56
2 2 38 63
6 2 43 62
2 2 43 62
4 2 42 62
1 2 43 61
3 2 40 65
3 2 43 64
1 2 43 65
7 2 42 64
3 2 42 65
6 2 38 75
8 2 38 74
4 2 38 75
3 2 38 97
6 2 37 6
8 2 37 12
1 2 37 25
2 2 44 24
5 2 38 26
8 2 37 27
2 2 37 28
5 2 37 46
4 2 49 49
2 2 37 45
3 2 37 54
6 2 42 53
4 2 39 54
5 2 41 54
3 2 38 46
7 2 49 47
1 2 39 47
5 2 46 48
4 2 46 52
2 2 45 49
8 2 42 47
8 2 43 49
7 2 42 48
6 2 46 47
6 2 41 49
7 2 40 48
5 2 37 54
5 2 40 49
3 2 47 54
4 2 46 55
3 2 45 48
4 2 42 48
2 2 41 48
6 2 37 66
5 2 38 65
1 2 41 64
2 2 36 10
6 2 41 11
1 2 36 28
1 2 36 39
5 2 40 38
5 2 50 51
7 2 43 39
8 2 36 48
4 2 36 69
5 2 50 39
6 2 45 68
1 2 38 71
7 2 37 68
6 2 36 74
4 2 40 74
8 2 36 82
6 2 44 67
3 2 44 68
1 2 44 69
7 2 46 81
6 2 47 82
8 2 46 82
6 2 42 83
4 2 42 84
1 2 38 84
2 2 36 87
7 2 42 86
8 2 41 86
3 2 41 87
7 2 40 86
6 2 40 86
1 2 40 85
2 2 39 85
3 2 40 85
1 2 39 87
4 2 36 88
1 2 39 89
6 2 37 89
4 2 37 90
8 2 37 89
3 2 36 93
8 2 38 93
3 2 35 18
7 2 43 19
8 2 42 19
2 2 54 70
2 2 40 17
3 2 46 17
2 2 45 18
5 2 43 16
7 2 35 24
7 2 39 23
4 2 37 25
1 2 38 24
8 2 39 25
1 2 41 24
7 2 42 23
6 2 38 23
5 2 36 23
3 2 42 24
8 2 37 21
8 2 36 23
5 2 38 24
3 2 35 24
2 2 36 24
4 2 44 25
4 2 35 25
4 2 40 26
7 2 35 35
6 2 37 34
8 2 35 36
4 2 43 36
1 2 42 37
3 2 41 37
6 2 35 41
3 2 35 43
5 2 35 45
4 2 39 44
2 2 35 56
3 2 37 57
7 2 47 58
1 2 46 59
8 2 46 59
8 2 41 56
6 2 40 57
4 2 35 61
4 2 40 60
7 2 35 84
7 2 35 88
5 2 37 87
4 2 37 87
4 2 34 7
4 2 42 8
2 2 39 8
6 2 40 9
8 2 39 9
8 2 37 5
5 2 44 7
5 2 34 9
1 2 40 8
3 2 39 8
8 2 34 14
6 2 37 13
3 2 34 32
5 2 37 31
2 2 39 32
7 2 39 31
6 2 34 31
7 2 34 48
8 2 34 49
6 2 38 48
4 2 36 50
5 2 42 51
4 2 34 58
1 2 37 58
5 2 36 58
1 2 34 60
5 2 38 60
5 2 42 59
6 2 35 61
5 2 37 61
2 2 34 61
4 2 38 60
3 2 34 76
6 2 34 84
4 2 39 85
3 2 34 89
7 2 37 89
5 2 37 89
2 2 36 89
7 2 38 90
4 2 34 88
4 2 37 89
7 2 33 17
4 2 43 18
4 2 33 43
1 2 39 44
6 2 37 17
4 2 55 16
8 2 43 43
7 2 33 46
1 2 33 50
8 2 33 51
3 2 33 79
8 2 42 80
8 2 40 79
3 2 46 80
8 2 45 80
2 2 43 78
8 2 37 79
2 2 44 80
1 2 38 79
5 2 38 79
3 2 36 79
7 2 44 78
5 2 41 80
1 2 40 81
5 2 42 80
5 2 33 87
2 2 36 88
2 2 35 86
7 2 35 88
1 2 33 90
1 2 39 92
3 2 35 91
1 2 34 92
1 2 37 91
1 2 38 92
3 2 36 91
7 2 39 92
6 2 43 94
6 2 35 92
3 2 32 13
5 2 49 14
2 2 42 14
7 2 45 15
3 2 33 12
1 2 40 11
3 2 39 12
5 2 41 14
4 2 45 15
2 2 42 11
3 2 42 15
1 2 44 15
6 2 40 15
7 2 32 30
7 2 34 30
4 2 33 31
6 2 33 30
5 2 33 29
7 2 35 28
2 2 34 29
1 2 32 37
4 2 32 46
2 2 35 46
7 2 32 45
1 2 33 44
5 2 38 10
4 2 37 11
8 2 36 11
3 2 32 52
3 2 39 51
2 2 41 52
5 2 32 54
6 2 38 53
1 2 39 52
6 2 36 53
8 2 34 53
1 2 32 79
1 2 33 79
2 2 32 92
6 2 32 94
5 2 37 94
6 2 35 95
8 2 41 96
6 2 33 94
8 2 31 3
2 2 39 2
4 2 38 2
6 2 38 4
4 2 40 4
3 2 39 3
2 2 33 3
2 2 38 3
8 2 38 2
1 2 31 10
3 2 34 10
7 2 36 9
6 2 35 9
1 2 35 8
6 2 36 8
7 2 34 9
6 2 33 9
3 2 31 10
8 2 31 11
5 2 32 11
6 2 31 12
5 2 39 12
7 2 31 36
2 2 42 35
6 2 41 36
6 2 41 38
7 2 31 53
6 2 31 52
6 2 38 51
2 2 38 50
4 2 37 50
3 2 35 51
6 2 31 64
1 2 37 63
8 2 31 64
8 2 38 65
3 2 32 63
7 2 31 75
4 2 37 76
8 2 38 78
3 2 36 74
4 2 33 76
6 2 32 75
4 2 31 82
5 2 34 82
7 2 41 82
1 2 38 83
3 2 39 82
7 2 30 4
5 2 31 4
7 2 32 3
2 2 30 5
7 2 37 5
4 2 33 4
6 2 37 5
1 2 36 3
8 2 36 5
5 2 30 7
7 2 30 7
5 2 33 7
3 2 42 6
4 2 40 6
2 2 39 7
7 2 30 13
1 2 35 14
5 2 34 12
3 2 34 13
2 2 33 12
5 2 30 29
4 2 30 36
7 2 40 37
1 2 38 36
8 2 37 36
3 2 30 44
7 2 36 44
6 2 42 43
7 2 41 44
3 2 33 44
2 2 30 57
7 2 31 57
4 2 34 56
4 2 43 57
4 2 42 55
2 2 34 57
2 2 30 69
2 2 37 70
5 2 31 70
8 2 36 72
3 2 47 73
4 2 42 72
4 2 38 72
1 2 31 71
3 2 30 70
6 2 42 69
8 2 33 71
2 2 35 72
1 2 34 70
3 2 34 69
6 2 37 68
2 2 41 67
3 2 34 72
6 2 46 73
5 2 33 70
6 2 30 74
4 2 30 80
4 2 40 79
2 2 34 81
1 2 34 82
2 2 37 82
8 2 37 83
5 2 36 84
8 2 34 82
1 2 38 83
4 2 34 82
3 2 31 80
1 2 30 92
4 2 34 93
5 2 34 92
6 2 30 96
7 2 40 95
3 2 35 96
8 2 37 97
7 2 34 96
6 2 33 97
5 2 30 98
7 2 29 21
4 2 35 19
5 2 39 20
3 2 31 21
6 2 29 26
3 2 33 25
2 2 29 32
6 2 38 32
5 2 37 32
5 2 31 31
7 2 31 32
3 2 29 35
2 2 36 36
8 2 29 39
4 2 35 39
3 2 36 39
3 2 39 37
8 2 32 38
7 2 32 38
6 2 33 39
3 2 34 39
6 2 38 41
6 2 36 40
4 2 34 38
1 2 35 39
4 2 42 38
3 2 29 52
4 2 29 69
6 2 29 68
3 2 36 67
8 2 39 67
7 2 40 67
5 2 39 67
8 2 31 67
2 2 29 78
1 2 29 80
6 2 34 80
5 2 29 83
2 2 32 82
2 2 29 84
1 2 38 84
5 2 29 85
5 2 37 85
3 2 35 85
2 2 29 96
7 2 28 6
5 2 47 5
3 2 29 5
2 2 29 4
3 2 39 3
4 2 38 4
4 2 28 16
5 2 28 33
8 2 28 35
2 2 28 41
2 2 34 41
7 2 33 41
3 2 33 41
5 2 28 46
2 2 28 50
4 2 31 49
8 2 29 49
3 2 30 48
2 2 31 47
4 2 32 47
7 2 29 49
2 2 39 48
8 2 32 49
7 2 34 50
5 2 28 52
1 2 28 54
7 2 32 53
4 2 31 53
5 2 39 54
8 2 38 54
4 2 28 56
4 2 29 55
3 2 31 55
8 2 30 53
8 2 29 57
5 2 28 57
6 2 28 60
3 2 28 67
4 2 31 66
6 2 31 68
7 2 28 68
1 2 34 68
2 2 33 68
8 2 32 68
1 2 28 77
6 2 28 80
8 2 31 81
6 2 29 80
8 2 28 84
2 2 28 93
7 2 32 94
5 2 31 92
7 2 36 91
3 2 28 94
7 2 29 95
8 2 27 17
3 2 49 17
8 2 44 42
8 2 39 17
1 2 28 16
7 2 37 15
5 2 30 15
6 2 33 13
7 2 32 13
1 2 30 14
5 2 34 15
4 2 32 15
4 2 34 16
7 2 27 27
2 2 32 27
2 2 28 15
5 2 41 16
3 2 40 16
7 2 36 27
7 2 27 31
1 2 27 31
2 2 27 38
8 2 34 37
3 2 28 39
2 2 30 39
1 2 27 40
4 2 27 39
1 2 31 38
5 2 31 37
6 2 31 39
2 2 30 37
3 2 30 38
3 2 27 50
8 2 27 51
1 2 27 57
6 2 27 63
3 2 32 63
7 2 29 62
3 2 37 61
3 2 31 61
7 2 33 61
8 2 28 62
5 2 29 64
3 2 30 65
4 2 28 65
2 2 31 65
1 2 31 64
6 2 31 65
1 2 30 66
4 2 32 66
3 2 29 65
5 2 27 68
5 2 28 67
6 2 31 69
4 2 32 69
3 2 35 71
6 2 34 72
3 2 29 68
3 2 27 71
3 2 27 77
1 2 36 78
7 2 34 77
8 2 29 76
2 2 28 77
2 2 31 78
4 2 30 78
6 2 27 83
4 2 27 88
1 2 32 87
7 2 27 89
4 2 27 89
5 2 28 89
6 2 27 98
5 2 29 97
1 2 28 98
3 2 31 98
5 2 39 97
2 2 38 98
1 2 30 97
5 2 30 96
4 2 29 98
4 2 26 1
5 2 26 15
3 2 26 16
2 2 26 19
7 2 33 19
6 2 34 19
6 2 30 20
2 2 27 19
2 2 29 17
5 2 31 20
7 2 28 18
7 2 39 17
6 2 34 19
1 2 30 16
6 2 27 18
1 2 31 19
1 2 26 36
1 2 29 36
2 2 26 41
3 2 49 42
7 2 48 42
1 2 26 48
1 2 31 47
2 2 28 47
3 2 26 48
5 2 26 47
2 2 26 50
5 2 26 53
6 2 26 75
4 2 27 76
4 2 26 74
8 2 32 73
1 2 26 93
3 2 26 96
2 2 27 98
3 2 27 97
8 2 27 96
4 2 30 95
2 2 25 2
8 2 30 1
3 2 30 3
2 2 25 6
4 2 30 7
6 2 28 5
5 2 25 10
4 2 31 11
2 2 30 11
1 2 29 12
1 2 26 12
8 2 26 11
7 2 26 10
4 2 25 19
4 2 28 18
4 2 25 29
3 2 25 31
7 2 25 36
3 2 25 42
5 2 27 32
3 2 26 43
8 2 26 44
6 2 29 45
1 2 27 45
4 2 30 45
6 2 25 44
1 2 25 56
3 2 25 66
4 2 25 79
7 2 28 80
3 2 30 79
7 2 25 82
1 2 27 81
8 2 26 82
1 2 25 89
2 2 30 90
8 2 29 88
7 2 29 90
5 2 29 89
3 2 28 88
3 2 26 90
8 2 27 88
2 2 25 97
2 2 28 96
5 2 31 41
7 2 25 97
7 2 24 1
4 2 29 2
1 2 29 3
7 2 26 2
8 2 26 3
6 2 27 2
7 2 24 8
2 2 24 14
3 2 24 16
3 2 30 98
1 2 24 35
5 2 24 35
5 2 24 44
4 2 26 43
1 2 27 42
5 2 26 42
8 2 27 43
3 2 30 43
2 2 45 42
1 2 29 43
5 2 28 42
2 2 27 42
7 2 25 43
4 2 26 42
1 2 26 43
6 2 25 42
4 2 24 63
4 2 25 64
5 2 24 67
5 2 24 71
4 2 32 71
1 2 25 70
2 2 24 77
7 2 24 92
3 2 24 94
4 2 24 95
5 2 24 98
7 2 23 6
6 2 23 5
8 2 24 3
6 2 23 8
8 2 28 9
2 2 28 9
4 2 23 11
3 2 24 12
4 2 23 40
3 2 26 40
6 2 26 39
8 2 26 41
4 2 23 44
4 2 23 46
3 2 23 61
5 2 28 60
3 2 27 60
1 2 23 67
6 2 23 71
8 2 25 70
4 2 24 70
6 2 23 75
3 2 25 74
6 2 29 73
8 2 27 73
7 2 28 72
5 2 27 73
8 2 26 74
2 2 23 84
1 2 29 85
2 2 28 85
8 2 29 85
6 2 23 93
4 2 26 94
4 2 24 93
8 2 24 93
3 2 22 6
3 2 24 7
2 2 22 8
8 2 24 8
3 2 22 16
3 2 22 24
7 2 27 24
7 2 22 25
8 2 23 16
1 2 24 17
7 2 31 25
3 2 31 26
3 2 32 27
4 2 31 28
7 2 30 27
5 2 31 26
3 2 23 25
1 2 22 25
7 2 22 52
3 2 30 52
2 2 22 56
5 2 34 55
6 2 26 57
3 2 25 58
8 2 27 58
1 2 22 70
5 2 23 71
3 2 23 70
7 2 29 69
4 2 22 72
8 2 25 72
7 2 24 73
5 2 22 86
1 2 30 86
1 2 25 86
1 2 22 87
5 2 26 86
1 2 23 88
6 2 25 87
7 2 24 87
5 2 22 89
4 2 22 90
4 2 25 90
1 2 22 95
8 2 25 95
8 2 21 2
8 2 24 1
1 2 21 10
5 2 21 17
4 2 21 25
7 2 21 30
3 2 24 29
4 2 23 29
2 2 22 16
6 2 24 30
6 2 26 15
6 2 21 37
2 2 21 37
7 2 21 44
8 2 21 47
6 2 23 48
4 2 22 48
7 2 21 61
5 2 21 67
6 2 24 67
4 2 21 73
3 2 32 74
6 2 30 74
7 2 21 75
1 2 22 76
5 2 21 77
2 2 30 77
1 2 21 77
5 2 21 79
7 2 25 78
8 2 21 85
8 2 30 84
3 2 21 88
7 2 21 95
6 2 20 21
2 2 35 22
1 2 20 20
7 2 31 21
3 2 27 19
2 2 36 18
8 2 26 21
8 2 37 22
3 2 30 22
2 2 22 19
6 2 20 30
1 2 23 29
3 2 27 28
4 2 20 33
1 2 33 33
2 2 32 33
5 2 47 33
1 2 26 33
2 2 25 33
8 2 20 32
2 2 42 33
4 2 20 52
7 2 24 51
4 2 28 33
7 2 30 34
2 2 29 34
3 2 31 50
6 2 27 51
7 2 20 54
5 2 23 54
4 2 23 53
4 2 20 57
7 2 20 57
8 2 24 55
7 2 23 56
1 2 20 73
7 2 22 73
3 2 29 71
1 2 21 73
5 2 29 73
2 2 20 76
8 2 22 77
6 2 26 78
4 2 20 83
2 2 20 85
2 2 21 86
4 2 22 85
6 2 20 88
1 2 19 5
1 2 23 4
4 2 22 4
2 2 29 5
7 2 19 6
6 2 19 13
2 2 26 13
3 2 20 14
7 2 26 14
5 2 26 13
3 2 24 13
6 2 20 14
2 2 19 26
3 2 20 26
7 2 19 29
1 2 19 35
6 2 20 34
1 2 25 33
4 2 26 34
3 2 19 38
8 2 25 39
1 2 21 40
2 2 21 39
7 2 20 40
1 2 20 39
6 2 19 44
8 2 25 44
1 2 25 45
2 2 27 44
7 2 19 60
8 2 30 59
1 2 21 62
1 2 20 60
7 2 19 65
8 2 26 65
2 2 23 64
6 2 37 63
7 2 33 63
6 2 24 63
3 2 25 62
1 2 24 62
7 2 23 62
4 2 27 61
1 2 32 60
5 2 31 60
6 2 19 65
8 2 19 74
1 2 19 82
1 2 24 83
7 2 19 89
4 2 19 91
3 2 25 91
8 2 21 91
8 2 22 91
4 2 31 92
3 2 19 93
5 2 22 92
3 2 18 18
6 2 18 22
1 2 29 22
6 2 29 21
4 2 18 29
8 2 18 40
2 2 18 39
7 2 18 39
5 2 18 52
6 2 18 57
2 2 36 58
7 2 35 58
5 2 18 58
5 2 18 61
8 2 21 60
4 2 20 61
5 2 18 69
1 2 18 72
5 2 18 78
1 2 18 79
2 2 18 78
1 2 20 78
6 2 19 78
3 2 20 78
1 2 28 79
2 2 27 80
7 2 26 80
5 2 25 77
8 2 18 77
1 2 18 79
1 2 18 84
7 2 18 96
1 2 24 96
7 2 22 97
5 2 20 96
5 2 21 95
3 2 34 94
3 2 17 8
2 2 24 7
2 2 17 9
7 2 20 10
6 2 17 12
6 2 26 11
1 2 17 14
8 2 20 14
4 2 21 15
4 2 20 13
7 2 19 14
2 2 17 13
3 2 18 12
2 2 21 11
2 2 19 12
3 2 17 34
2 2 21 35
7 2 17 43
5 2 19 44
6 2 23 43
8 2 17 59
1 2 21 60
6 2 19 61
6 2 17 62
2 2 17 69
3 2 19 68
7 2 17 71
5 2 16 9
7 2 16 15
7 2 19 16
6 2 16 18
6 2 20 20
4 2 28 20
6 2 22 20
1 2 21 21
3 2 20 21
5 2 21 21
5 2 16 22
5 2 26 22
5 2 23 22
2 2 16 35
7 2 20 34
3 2 26 35
2 2 16 50
8 2 22 49
2 2 26 50
8 2 15 16
3 2 15 23
5 2 28 24
5 2 25 23
4 2 27 23
7 2 20 24
4 2 15 28
6 2 15 27
2 2 15 33
7 2 15 39
1 2 15 42
2 2 19 41
5 2 18 41
5 2 21 42
3 2 25 40
5 2 16 41
3 2 16 43
2 2 15 58
7 2 22 58
7 2 15 67
3 2 30 68
8 2 17 69
2 2 15 70
5 2 15 80
7 2 14 8
8 2 16 7
8 2 18 7
1 2 18 6
1 2 19 7
5 2 17 7
6 2 27 5
2 2 16 6
6 2 14 8
5 2 14 36
8 2 20 35
6 2 14 48
6 2 19 47
3 2 14 58
8 2 17 57
5 2 14 59
5 2 14 69
6 2 17 68
7 2 18 67
7 2 23 66
7 2 14 85
8 2 25 84
4 2 21 87
4 2 19 86
5 2 14 87
6 2 14 87
4 2 17 89
3 2 15 86
2 2 14 86
8 2 14 87
8 2 13 18
6 2 18 19
1 2 36 18
6 2 38 33
2 2 20 20
3 2 18 20
8 2 17 19
8 2 35 18
8 2 33 18
7 2 13 17
1 2 14 16
5 2 24 18
8 2 14 19
7 2 18 19
5 2 18 20
5 2 16 19
5 2 13 16
4 2 13 34
6 2 23 18
4 2 15 33
1 2 15 32
5 2 23 35
4 2 17 31
7 2 16 32
3 2 13 36
4 2 17 37
4 2 13 39
2 2 16 38
7 2 18 37
7 2 13 41
6 2 13 43
2 2 13 59
5 2 21 58
2 2 13 72
7 2 13 73
2 2 20 74
3 2 20 75
4 2 13 88
2 2 13 88
8 2 13 94
7 2 13 94
3 2 21 94
5 2 21 93
1 2 21 94
6 2 12 14
8 2 12 31
1 2 15 30
3 2 12 34
2 2 14 31
7 2 12 38
3 2 15 37
7 2 14 34
3 2 15 39
8 2 14 37
1 2 12 51
1 2 21 35
1 2 12 57
8 2 12 59
7 2 12 66
3 2 21 50
6 2 21 66
2 2 17 66
8 2 14 65
2 2 17 66
4 2 16 66
5 2 12 70
4 2 12 80
1 2 16 80
2 2 24 81
7 2 14 79
6 2 17 77
7 2 17 76
3 2 12 83
8 2 12 89
2 2 18 90
6 2 12 96
4 2 20 95
1 2 18 95
4 2 14 95
1 2 11 3
2 2 22 2
1 2 21 2
5 2 21 3
6 2 18 3
7 2 16 3
7 2 18 2
8 2 32 3
6 2 20 3
8 2 19 3
7 2 11 15
5 2 26 16
4 2 11 16
6 2 11 40
7 2 11 48
6 2 20 46
2 2 20 46
1 2 25 45
5 2 24 45
6 2 18 48
2 2 11 50
5 2 18 50
3 2 11 53
7 2 11 57
3 2 11 66
6 2 12 67
8 2 11 83
2 2 13 67
6 2 13 68
4 2 11 88
8 2 15 89
5 2 16 90
2 2 14 89
8 2 11 92
8 2 20 92
5 2 20 91
2 2 10 3
7 2 20 3
6 2 17 2
2 2 10 5
4 2 18 4
4 2 16 5
2 2 10 7
6 2 21 82
2 2 10 10
6 2 15 10
4 2 17 12
8 2 14 9
3 2 14 10
2 2 10 15
5 2 12 15
3 2 10 23
8 2 17 24
6 2 22 25
8 2 14 24
1 2 18 25
6 2 20 27
5 2 16 26
2 2 25 27
1 2 23 6
4 2 19 27
1 2 32 26
2 2 36 28
1 2 24 27
3 2 10 28
8 2 21 28
2 2 14 29
3 2 21 30
6 2 20 28
6 2 10 47
3 2 11 46
1 2 13 24
3 2 12 45
6 2 10 50
6 2 20 49
2 2 14 45
3 2 16 49
6 2 15 44
1 2 15 43
3 2 12 50
7 2 15 49
6 2 13 51
8 2 14 51
4 2 20 49
7 2 10 53
6 2 23 51
5 2 13 54
1 2 21 55
2 2 15 56
4 2 15 56
5 2 10 57
4 2 10 57
7 2 10 56
1 2 10 59
8 2 11 54
8 2 14 53
7 2 17 59
3 2 14 52
5 2 18 52
1 2 14 54
3 2 14 55
1 2 10 76
6 2 10 80
2 2 10 81
2 2 10 84
5 2 15 76
5 2 13 82
7 2 15 84
8 2 9 7
7 2 9 11
4 2 9 15
1 2 10 14
1 2 9 22
2 2 10 23
8 2 11 22
4 2 9 23
8 2 14 22
6 2 9 24
5 2 14 24
8 2 9 28
7 2 12 29
1 2 9 35
8 2 9 34
5 2 12 34
1 2 9 33
7 2 9 36
1 2 9 40
3 2 9 50
2 2 9 57
8 2 9 80
6 2 13 79
8 2 15 78
4 2 16 77
4 2 9 83
3 2 9 86
4 2 17 83
3 2 16 84
1 2 14 87
4 2 13 85
6 2 15 84
5 2 13 88
3 2 13 87
5 2 8 2
5 2 14 85
7 2 9 1
2 2 8 1
1 2 8 25
7 2 8 38
5 2 8 51
5 2 9 51
5 2 12 52
4 2 8 60
4 2 12 60
4 2 15 25
5 2 30 26
6 2 11 60
3 2 8 65
2 2 17 64
6 2 11 65
8 2 8 76
4 2 11 75
5 2 8 83
1 2 9 82
2 2 8 92
7 2 7 7
8 2 14 5
1 2 14 5
8 2 7 44
8 2 13 43
8 2 17 42
3 2 13 44
1 2 10 45
8 2 12 46
1 2 12 46
8 2 13 47
4 2 10 46
3 2 13 45
6 2 12 46
2 2 12 45
3 2 12 46
4 2 7 48
5 2 7 48
4 2 7 51
8 2 16 51
4 2 7 62
4 2 17 61
8 2 18 63
2 2 7 65
7 2 14 65
2 2 9 64
8 2 13 65
6 2 7 85
5 2 10 84
6 2 9 84
4 2 7 85
2 2 6 3
2 2 6 7
3 2 6 8
7 2 15 63
1 2 6 11
6 2 6 36
5 2 6 40
7 2 6 44
5 2 6 56
6 2 10 55
5 2 6 60
1 2 6 67
5 2 7 66
1 2 6 71
8 2 10 71
1 2 11 70
2 2 9 70
7 2 9 70
6 2 10 71
3 2 9 72
2 2 7 71
4 2 6 75
5 2 16 74
5 2 6 84
3 2 10 84
3 2 6 84
7 2 12 86
3 2 5 11
7 2 17 7
4 2 10 11
5 2 6 12
1 2 5 16
4 2 5 20
1 2 6 19
7 2 11 20
5 2 13 18
3 2 10 20
2 2 5 31
8 2 6 22
7 2 5 32
8 2 12 32
4 2 25 33
3 2 18 30
4 2 5 46
2 2 5 48
3 2 5 53
6 2 11 33
6 2 11 52
7 2 5 56
3 2 10 55
8 2 11 53
3 2 8 56
2 2 5 60
8 2 5 64
6 2 14 52
5 2 9 64
4 2 10 63
2 2 19 62
5 2 11 63
4 2 14 62
3 2 9 64
5 2 5 64
5 2 5 89
2 2 7 90
1 2 8 91
3 2 8 92
3 2 13 62
6 2 13 94
2 2 12 94
1 2 11 94
5 2 14 61
2 2 17 93
6 2 5 91
7 2 5 92
7 2 15 92
4 2 14 93
3 2 5 96
3 2 12 95
5 2 8 96
8 2 9 95
5 2 5 98
7 2 6 97
6 2 7 96
8 2 4 5
8 2 6 6
7 2 19 5
8 2 13 5
7 2 9 5
1 2 8 5
4 2 10 4
3 2 6 5
6 2 4 10
5 2 11 11
7 2 10 12
6 2 4 32
2 2 26 60
8 2 7 33
6 2 12 34
3 2 11 34
5 2 6 32
7 2 8 32
1 2 10 31
8 2 16 32
3 2 4 35
8 2 4 43
3 2 9 42
2 2 7 42
6 2 13 41
1 2 12 41
8 2 11 41
1 2 4 45
6 2 4 54
5 2 11 54
4 2 10 55
5 2 6 53
8 2 9 52
2 2 10 52
3 2 5 54
6 2 4 61
6 2 4 84
2 2 5 84
6 2 4 94
5 2 3 20
5 2 8 20
4 2 10 19
5 2 3 26
5 2 3 33
6 2 3 33
4 2 3 39
3 2 12 38
1 2 5 38
1 2 3 38
5 2 10 37
4 2 3 37
2 2 3 42
6 2 7 42
7 2 3 42
1 2 10 43
2 2 8 43
4 2 3 60
4 2 11 61
8 2 10 62
1 2 7 61
6 2 6 61
5 2 23 31
6 2 3 71
2 2 18 72
5 2 12 73
1 2 11 74
4 2 10 70
6 2 8 70
5 2 20 69
8 2 5 70
3 2 8 69
8 2 12 68
4 2 3 75
7 2 3 76
5 2 8 75
5 2 3 75
4 2 6 77
2 2 12 77
5 2 11 77
3 2 8 75
1 2 16 74
8 2 7 75
7 2 7 76
4 2 5 75
3 2 4 75
8 2 3 81
3 2 7 81
1 2 6 81
1 2 15 80
6 2 5 82
4 2 3 94
4 2 6 94
5 2 2 4
5 2 16 6
1 2 6 3
2 2 13 2
1 2 12 2
6 2 5 3
5 2 3 5
1 2 2 7
4 2 5 7
4 2 2 7
7 2 2 9
5 2 2 16
2 2 10 17
4 2 10 17
8 2 9 17
4 2 2 17
5 2 23 62
6 2 2 59
6 2 4 58
4 2 2 65
7 2 11 63
8 2 2 70
6 2 17 71
4 2 4 71
2 2 2 78
5 2 2 83
4 2 4 82
7 2 3 83
1 2 2 83
8 2 2 82
5 2 2 89
5 2 2 93
5 2 6 92
2 2 2 94
4 2 13 93
1 2 1 15
6 2 8 14
4 2 10 13
4 2 8 14
6 2 7 15
4 2 4 14
5 2 8 13
3 2 7 14
5 2 1 19
3 2 7 18
3 2 1 29
2 2 22 18
3 2 16 28
7 2 8 30
3 2 4 28
8 2 1 28
3 2 1 29
8 2 1 32
4 2 2 28
6 2 3 32
3 2 6 31
4 2 1 37
5 2 6 39
6 2 3 39
6 2 7 38
4 2 7 39
1 2 1 45
5 2 7 45
6 2 7 46
2 2 9 47
4 2 7 45
8 2 6 46
2 2 1 45
5 2 1 55
4 2 6 54
5 2 8 55
3 2 3 56
1 2 3 57
1 2 5 58
3 2 2 53
2 2 6 52
8 2 2 52
8 2 4 51
8 2 11 50
7 2 1 53
4 2 1 59
7 2 1 67
3 2 9 66
6 2 4 68
2 2 4 67
5 2 8 68
1 2 7 68
6 2 11 68
6 2 1 70
1 2 1 69
2 2 6 68
7 2 1 72
6 2 2 71
4 2 1 79
7 2 3 80
6 2 13 79
3 2 11 79
6 2 2 78
4 2 2 80
8 2 1 80
7 2 3 79
4 2 1 95
4 2 1 97
2 2 7 96
4 2 6 96
4 2 4 97
5 2 4 96
7 2 8 95
5 2 7 95
7 2 4 97
7 2 16 29
7 3 36 1
7 3 34 56
2 2 33 56
6 3 31 11
2 3 31 30
2 3 30 59
5 3 30 63
2 3 29 6
5 2 28 6
3 3 27 30
3 3 26 42
4 3 25 28
8 2 24 28
2 3 24 90
8 3 23 6
8 3 23 38
4 3 23 63
5 3 22 13
3 3 22 16
8 3 25 17
6 2 25 17
5 3 22 17
2 3 21 4
8 3 21 25
6 3 21 79
5 3 20 69
4 3 20 88
6 3 19 28
8 3 19 31
1 2 26 30
4 3 19 37
8 3 19 42
3 3 19 49
8 3 18 8
8 3 18 10
3 3 21 10
7 3 17 20
6 3 17 63
3 3 16 12
4 2 21 13
6 3 16 29
3 3 16 29
5 3 16 34
7 3 16 49
1 2 17 49
2 3 25 51
5 3 18 50
4 3 16 58
3 3 19 59
2 3 16 86
6 3 15 6
3 3 15 47
5 2 14 47
4 3 15 72
2 3 14 2
8 3 14 14
6 3 14 26
8 3 29 27
2 3 14 43
5 2 13 43
4 3 17 44
1 3 13 26
3 3 13 54
8 3 13 86
4 2 15 86
7 3 13 90
3 3 13 95
7 3 12 76
1 3 12 82
1 3 13 82
1 3 11 11
7 3 11 14
6 2 11 13
1 2 10 13
4 3 16 12
3 3 11 37
4 3 11 40
4 3 11 53
1 3 10 92
8 2 10 91
7 2 9 91
2 2 11 90
3 3 10 90
8 3 9 9
4 2 18 9
5 3 9 23
2 2 9 23
5 3 9 49
7 2 8 49
4 3 9 69
3 3 9 70
1 3 9 86
3 3 8 40
8 3 8 43
4 3 8 51
5 2 7 51
4 3 8 57
4 3 8 62
5 3 7 53
7 2 7 53
1 3 6 1
5 2 10 1
4 3 13 2
2 3 6 74
3 2 6 73
4 2 6 73
3 2 9 74
8 3 17 74
2 3 6 86
4 2 12 87
6 2 11 87
7 3 8 85
4 3 5 9
7 2 9 9
6 3 5 12
5 2 13 12
2 2 12 12
8 3 5 11
7 3 5 26
8 2 4 27
7 2 3 27
3 2 13 27
2 3 5 45
4 3 5 45
1 3 5 51
2 2 7 52
7 3 5 51
3 3 11 52
7 3 4 2
8 3 4 7
1 2 10 7
3 3 4 22
2 2 4 21
7 2 7 22
3 2 11 21
4 2 7 21
2 2 6 21
6 2 9 21
8 2 8 22
2 3 7 23
7 3 8 23
2 3 4 40
8 2 5 39
6 2 4 39
3 3 4 48
1 2 8 47
8 3 3 48
4 3 3 67
1 2 3 68
8 2 2 69
2 3 8 67
4 3 3 80
3 3 3 90
4 2 5 90
4 3 2 9
2 2 3 10
5 2 3 11
5 3 4 8
1 3 2 35
7 3 14 35
2 3 2 85
1 2 1 85
3 2 5 87
6 2 5 88
1 2 5 88
7 3 1 29
3 2 3 30
5 2 3 29
8 2 3 29
5 3 4 27
4 2 3 27
3 3 1 31
5 2 5 30
5 2 9 29
5 3 4 33
2 2 4 33
8 3 7 33
5 3 4 33
7 3 12 33
8 3 6 33
5 3 1 32
5 3 10 31
5 3 1 59
2 2 13 58
5 3 4 60
2 3 1 72
5 3 7 71
3 3 1 75
2 3 8 76
7 4 28 56
3 4 26 73
6 4 25 5
5 4 25 18
6 4 25 55
3 4 21 50
6 4 21 55
3 4 21 74
7 2 20 74
6 4 20 98
4 4 19 23
1 4 19 90
3 4 18 41
1 4 18 55
5 2 17 56
2 2 16 56
1 2 15 56
8 2 15 55
7 2 14 55
6 2 13 55
5 4 17 4
2 4 17 50
1 4 16 59
8 4 16 60
6 4 16 97
4 2 13 98
1 4 15 23
4 4 15 77
1 4 14 3
4 4 14 17
2 3 15 17
4 4 14 49
8 4 14 72
1 4 14 95
8 4 13 19
4 4 13 91
4 4 12 28
6 4 12 93
5 4 10 35
3 4 10 42
8 4 9 34
1 2 9 34
6 4 7 32
5 2 6 32
4 4 7 48
2 4 7 68
7 4 6 78
5 2 11 78
5 4 7 79
6 2 11 78
7 2 10 78
6 3 7 79
2 2 9 78
6 2 9 77
6 4 5 60
6 4 13 59
4 2 13 58
3 4 4 17
4 2 12 17
1 2 12 17
7 4 4 33
3 2 3 33
6 2 2 34
4 3 2 34
5 2 2 34
8 2 5 35
7 4 4 61
8 2 8 63
1 2 5 63
2 4 4 81
7 2 4 81
5 2 10 81
4 3 10 83
4 4 5 81
8 2 4 81
8 2 7 81
3 2 6 82
4 4 4 84
4 4 3 1
7 2 5 1
5 4 3 44
7 4 3 65
3 2 3 66
7 3 5 65
7 4 2 17
4 2 2 19
3 4 6 19
5 4 11 18
2 2 10 18
5 4 2 40
6 2 2 41
6 4 2 80
6 2 4 81
4 2 1 80
5 2 1 80
1 3 1 80
2 3 2 79
5 5 19 30
3 5 17 38
7 5 16 36
8 5 14 16
2 2 13 16
8 5 14 25
7 5 12 47
7 5 12 70
1 5 11 54
3 5 10 8
8 4 15 10
4 5 10 43
6 5 10 43
6 5 9 16
2 5 9 49
5 2 8 49
3 2 7 49
5 2 6 49
5 5 9 86
3 5 8 57
1 2 9 58
2 5 7 32
6 5 7 60
7 2 7 60
4 5 7 71
2 5 7 72
5 5 6 19
4 2 5 19
6 5 4 17
7 3 4 16
4 2 3 16
1 5 4 25
7 2 16 25
8 2 15 26
6 4 12 24
1 2 13 25
8 5 4 57
6 5 3 31
8 5 3 81
8 5 2 45
5 5 2 50
8 2 3 52
5 3 4 52
6 2 5 54
1 2 4 55
3 2 3 53
5 4 7 54
1 6 16 95
2 2 18 96
6 6 13 36
5 2 12 36
1 6 12 31
6 2 14 30
1 6 12 91
8 6 11 8
8 6 8 37
3 6 7 2
1 2 12 3
5 4 6 2
6 2 8 3
6 6 7 84
5 2 5 85
3 2 5 86
2 2 4 86
3 2 6 84
1 5 8 83
7 2 7 83
1 6 8 83
2 6 6 59
4 6 6 90
8 2 7 89
7 2 7 90
4 6 3 21
6 2 4 22
7 2 8 22
6 4 5 23
5 6 3 35
3 2 6 37
3 6 3 58
8 6 2 56
5 2 3 55
8 2 5 54
8 2 5 59
5 2 6 60
2 2 6 61
7 7 13 10
5 7 11 63
4 2 11 64
8 7 10 28
3 2 14 30
8 7 8 92
1 7 7 65
3 3 12 66
3 7 16 66
8 7 7 95
5 7 6 56
2 7 3 2
8 3 3 1
4 2 1 2
3 2 2 1
7 2 4 2
7 7 3 88
1 2 3 89
1 2 1 90
7 2 4 87
2 4 6 92
2 7 1 91
5 2 1 92
1 2 1 91
8 8 12 46
3 8 6 27
6 2 4 28
4 8 4 35
2 2 3 35
5 8 4 75
2 9 9 73
4 9 6 40
7 6 8 40
5 2 8 41
1 2 7 41
7 7 3 40
3 2 4 41
1 2 3 41
4 2 2 41
5 2 4 42
3 3 4 41
2 3 2 42
5 9 6 60
3 2 5 61
7 2 5 60
3 9 6 92
1 9 3 73
7 2 6 72
2 2 2 74
1 2 6 73
4 2 6 72
7 10 14 4
1 2 13 4
3 2 14 5
4 10 8 7
3 2 5 9
3 10 8 72
1 11 8 50
5 11 1 70
8 2 1 70
1 2 4 69
4 12 7 29
6 2 5 29
2 2 5 29
7 2 5 30
5 12 6 3
8 13 8 67
6 13 7 65
4 13 5 60
6 2 4 61
1 2 6 62
7 2 5 62
6 16 1 5
2 2 5 4
8 2 1 4
2 2 2 5
8 2 3 4
7 2 1 3
6 17 7 22
2 2 7 22
3 2 7 23
5 2 9 24
6 17 7 85
7 2 6 85
2 2 5 86
1 2 7 86
1 19 9 18
4 2 4 19
7 3 2 20
3 3 2 19
8 24 4 9
8 3 43 1
