8929
4343
5 2 100 4
8 2 100 11
4 2 100 50
5 2 100 55
8 2 100 63
5 2 100 72
4 2 100 80
4 2 99 11
4 2 99 14
4 2 99 17
4 2 99 20
5 2 99 35
4 2 99 36
6 2 99 40
8 2 99 49
5 2 99 65
3 2 99 66
7 2 99 73
1 2 99 76
6 2 99 82
1 2 99 83
2 2 98 34
3 2 98 36
1 2 98 49
5 2 98 59
3 2 98 61
4 2 98 60
2 2 98 63
3 2 98 64
1 2 98 65
2 2 98 71
5 2 98 80
1 2 98 96
8 2 97 1
7 2 97 4
8 2 97 5
6 2 97 31
7 2 97 37
4 2 97 46
7 2 97 45
2 2 97 56
3 2 97 59
2 2 97 59
7 2 97 68
8 2 97 76
5 2 97 82
8 2 97 84
2 2 97 96
7 2 97 96
5 2 96 8
8 2 98 8
8 2 96 12
7 2 96 11
3 2 96 14
1 2 98 15
3 2 98 16
8 2 96 24
1 2 98 23
7 2 96 25
1 2 98 26
5 2 96 24
1 2 96 23
7 2 96 58
5 2 96 68
6 2 96 67
1 2 96 69
5 2 97 70
7 2 96 72
6 2 97 73
7 2 96 84
3 2 96 89
5 2 98 90
7 2 98 98
4 2 96 97
5 2 96 98
6 2 95 1
6 2 99 2
7 2 95 3
2 2 97 2
8 2 95 7
4 2 95 8
6 2 95 26
6 2 95 35
8 2 96 34
3 2 95 43
4 2 95 42
2 2 98 43
2 2 95 59
8 2 95 61
8 2 95 65
4 2 95 75
2 2 97 74
8 2 95 80
3 2 95 83
2 2 95 94
2 2 95 98
8 2 94 4
3 2 94 24
1 2 94 28
7 2 94 30
8 2 94 34
4 2 95 35
8 2 94 39
2 2 94 54
5 2 94 56
3 2 95 55
6 2 97 54
6 2 94 58
4 2 94 57
1 2 94 56
5 2 94 57
4 2 94 68
6 2 94 90
1 2 93 8
7 2 93 8
5 2 96 9
4 2 93 10
1 2 93 11
4 2 93 36
8 2 93 37
2 2 93 52
4 2 93 66
7 2 93 65
2 2 93 86
8 2 93 88
1 2 93 94
8 2 96 94
7 2 95 9
5 2 93 95
2 2 93 99
1 2 93 100
3 2 92 19
6 2 95 95
3 2 94 18
3 2 92 28
7 2 97 20
5 2 96 27
3 2 96 26
5 2 92 65
2 2 92 72
2 2 92 84
8 2 92 99
8 2 91 3
2 2 94 2
1 2 91 10
4 2 92 10
3 2 92 11
1 2 91 13
1 2 95 14
7 2 91 17
5 2 94 17
6 2 94 16
1 2 94 72
4 2 91 24
4 2 91 40
5 2 93 38
7 2 91 46
3 2 95 46
5 2 91 50
5 2 91 55
4 2 93 54
6 2 91 55
5 2 91 67
8 2 91 89
5 2 97 18
6 2 91 89
7 2 91 98
5 2 90 21
7 2 93 21
5 2 90 23
7 2 90 23
7 2 94 23
5 2 93 22
1 2 92 22
7 2 93 22
2 2 90 25
1 2 90 28
4 2 92 27
7 2 91 28
1 2 90 31
2 2 90 42
6 2 95 88
2 2 90 44
4 2 90 47
8 2 96 41
2 2 90 54
8 2 92 52
1 2 92 51
7 2 94 53
3 2 96 47
5 2 95 47
1 2 90 64
1 2 96 52
6 2 94 63
1 2 90 78
6 2 90 80
4 2 90 81
1 2 90 85
8 2 90 84
1 2 94 85
1 2 92 80
1 2 90 95
6 2 89 6
4 2 89 24
7 2 89 50
5 2 91 50
8 2 89 54
7 2 89 75
3 2 92 75
4 2 91 74
2 2 93 76
7 2 92 73
8 2 91 74
4 2 89 77
3 2 91 77
3 2 95 85
7 2 94 86
6 2 89 76
1 2 94 77
2 2 92 77
5 2 90 75
8 2 90 77
1 2 89 76
4 2 89 77
8 2 89 80
5 2 89 79
8 2 89 82
5 2 90 81
5 2 89 85
7 2 89 87
2 2 93 86
6 2 93 87
3 2 91 86
8 2 88 5
3 2 93 4
5 2 88 10
7 2 88 9
3 2 88 11
2 2 88 28
6 2 88 41
7 2 95 41
4 2 88 50
6 2 88 50
6 2 88 54
4 2 88 80
5 2 88 96
2 2 91 96
5 2 91 97
3 2 90 96
3 2 88 97
7 2 91 97
8 2 87 14
2 2 95 13
8 2 87 31
2 2 95 30
2 2 96 79
5 2 95 29
8 2 93 31
1 2 93 32
2 2 92 32
3 2 91 32
5 2 87 36
6 2 90 37
8 2 91 36
2 2 87 35
1 2 90 34
7 2 87 41
6 2 93 40
1 2 94 39
3 2 93 39
7 2 94 38
6 2 93 42
6 2 90 41
5 2 87 42
2 2 87 63
3 2 93 62
4 2 92 62
8 2 88 63
5 2 89 62
5 2 92 61
8 2 91 61
1 2 88 63
5 2 88 64
3 2 90 65
6 2 91 66
2 2 90 66
1 2 93 67
5 2 87 62
3 2 87 92
3 2 92 93
4 2 96 29
3 2 93 92
5 2 93 93
6 2 91 93
8 2 92 92
4 2 92 94
5 2 90 91
4 2 96 91
8 2 86 5
2 2 86 9
2 2 88 6
6 2 88 11
8 2 89 11
1 2 88 11
7 2 89 13
4 2 92 7
3 2 88 13
5 2 86 11
4 2 86 20
7 2 87 12
7 2 87 20
6 2 86 12
4 2 86 23
4 2 86 59
7 2 91 59
7 2 90 20
6 2 90 59
6 2 87 59
5 2 86 70
7 2 92 70
8 2 88 70
2 2 92 69
3 2 87 59
3 2 86 71
3 2 86 80
7 2 88 81
7 2 86 80
5 2 86 86
3 2 88 85
1 2 91 71
1 2 87 85
8 2 86 89
1 2 86 91
5 2 85 7
6 2 85 9
3 2 85 15
3 2 85 22
8 2 86 23
8 2 85 21
5 2 85 26
7 2 92 25
1 2 91 25
8 2 86 97
5 2 89 96
4 2 88 96
6 2 85 29
3 2 86 29
1 2 91 31
5 2 89 30
2 2 91 29
8 2 85 41
1 2 85 44
1 2 88 45
8 2 88 44
8 2 92 46
8 2 85 80
2 2 85 84
4 2 88 83
7 2 85 93
3 2 89 93
5 2 85 100
1 2 88 100
4 2 94 27
2 2 93 99
8 2 84 10
2 2 85 10
3 2 85 9
4 2 86 8
2 2 84 13
7 2 93 14
6 2 92 15
6 2 84 21
6 2 85 21
3 2 89 21
4 2 84 24
8 2 92 25
2 2 85 23
7 2 85 24
6 2 84 41
5 2 84 41
4 2 85 40
6 2 84 44
3 2 87 43
4 2 84 44
2 2 84 46
2 2 88 46
1 2 89 47
6 2 93 99
6 2 84 70
5 2 84 72
8 2 89 71
7 2 88 71
4 2 89 70
8 2 86 72
8 2 88 72
7 2 88 73
4 2 86 71
7 2 86 73
2 2 90 75
3 2 85 72
5 2 84 78
7 2 89 77
2 2 86 77
4 2 89 78
1 2 84 84
1 2 84 89
5 2 84 89
6 2 84 92
2 2 86 91
4 2 89 90
4 2 86 91
3 2 89 90
4 2 83 2
3 2 86 1
1 2 83 13
4 2 85 13
4 2 87 12
7 2 87 13
1 2 84 13
4 2 83 35
7 2 83 47
1 2 83 54
8 2 87 53
1 2 90 51
5 2 93 49
7 2 87 52
3 2 92 52
5 2 83 67
6 2 89 68
1 2 88 68
4 2 86 55
4 2 88 69
6 2 88 68
7 2 86 66
1 2 85 68
8 2 83 83
1 2 88 82
5 2 88 83
7 2 87 83
3 2 83 89
4 2 83 91
2 2 83 93
8 2 83 95
1 2 84 96
2 2 84 96
5 2 83 98
7 2 89 55
2 2 90 99
2 2 82 20
8 2 82 39
7 2 82 51
7 2 86 49
2 2 84 52
7 2 88 52
4 2 83 51
5 2 82 50
5 2 86 49
5 2 85 50
5 2 89 51
4 2 88 51
2 2 87 51
7 2 86 51
1 2 82 60
6 2 85 59
1 2 86 58
6 2 90 57
8 2 89 57
3 2 82 61
3 2 84 62
3 2 86 64
5 2 84 63
1 2 82 64
7 2 88 64
8 2 88 65
1 2 82 66
1 2 82 70
3 2 86 69
3 2 82 86
4 2 85 85
3 2 84 85
6 2 82 86
3 2 82 94
6 2 83 94
1 2 82 100
3 2 89 58
2 2 81 6
2 2 86 5
4 2 89 4
1 2 82 7
7 2 84 6
8 2 81 23
6 2 87 22
7 2 83 22
8 2 81 36
7 2 87 37
4 2 86 36
7 2 85 36
5 2 81 43
5 2 86 43
8 2 87 42
3 2 82 43
2 2 81 46
5 2 88 47
6 2 81 64
8 2 81 65
6 2 85 64
4 2 84 66
8 2 83 67
4 2 81 64
7 2 81 67
3 2 85 67
2 2 85 68
2 2 81 68
5 2 81 75
2 2 88 74
6 2 83 74
2 2 81 74
3 2 86 74
8 2 81 77
3 2 87 76
1 2 85 76
6 2 84 77
7 2 81 93
2 2 81 95
2 2 81 100
4 2 80 14
8 2 80 19
6 2 86 20
8 2 86 19
6 2 90 17
6 2 88 19
3 2 86 18
8 2 86 18
8 2 85 15
8 2 90 16
6 2 88 16
1 2 80 40
4 2 80 39
6 2 84 38
3 2 80 47
3 2 83 40
1 2 84 39
3 2 82 46
3 2 80 55
8 2 86 54
5 2 86 55
7 2 83 54
1 2 86 53
6 2 81 55
3 2 84 54
4 2 80 72
3 2 80 78
4 2 81 77
6 2 81 78
5 2 80 80
6 2 87 48
1 2 84 81
7 2 79 3
4 2 90 3
8 2 82 2
6 2 88 2
8 2 89 1
4 2 88 1
3 2 80 89
8 2 82 88
3 2 89 87
5 2 80 89
3 2 79 18
3 2 84 18
2 2 90 4
6 2 86 17
8 2 81 18
7 2 79 29
5 2 79 31
6 2 80 32
1 2 85 32
2 2 85 33
1 2 91 29
2 2 79 38
5 2 85 36
6 2 81 36
1 2 83 35
1 2 81 35
6 2 80 35
2 2 79 42
3 2 82 42
7 2 82 41
1 2 80 43
1 2 85 42
5 2 84 42
5 2 79 49
7 2 84 48
4 2 79 79
8 2 79 89
6 2 79 90
6 2 78 1
5 2 78 2
7 2 81 1
8 2 84 3
8 2 80 3
5 2 85 4
2 2 79 3
4 2 78 13
2 2 80 13
1 2 81 13
5 2 83 14
5 2 86 15
3 2 84 15
4 2 84 16
3 2 85 16
2 2 83 15
6 2 82 14
4 2 79 13
2 2 78 49
7 2 87 48
5 2 86 48
2 2 82 49
2 2 81 50
4 2 82 49
7 2 78 49
4 2 81 48
5 2 78 52
8 2 84 52
6 2 84 51
4 2 79 52
7 2 78 52
4 2 78 58
5 2 85 57
8 2 78 68
1 2 84 69
5 2 80 69
8 2 79 70
4 2 81 70
1 2 78 71
7 2 79 70
1 2 78 76
1 2 79 77
7 2 80 76
3 2 79 76
2 2 78 92
2 2 86 91
7 2 85 92
2 2 81 91
6 2 78 96
5 2 77 9
5 2 80 7
2 2 84 6
1 2 83 6
8 2 77 8
3 2 77 10
2 2 80 9
7 2 77 11
6 2 77 13
5 2 77 18
7 2 85 18
5 2 86 19
3 2 78 17
1 2 81 17
6 2 77 20
2 2 83 19
2 2 81 20
1 2 77 25
6 2 87 25
1 2 81 23
1 2 79 25
7 2 89 26
4 2 86 26
8 2 85 26
6 2 87 27
3 2 80 26
7 2 83 27
3 2 85 26
5 2 78 24
2 2 78 25
7 2 78 26
4 2 81 28
5 2 79 27
8 2 80 28
3 2 88 29
4 2 79 26
7 2 77 24
3 2 77 30
8 2 78 29
5 2 80 30
6 2 77 35
4 2 79 36
6 2 77 44
7 2 82 45
8 2 81 45
4 2 77 55
3 2 77 75
2 2 84 74
4 2 78 77
6 2 77 86
7 2 78 86
5 2 77 87
3 2 77 93
3 2 78 92
5 2 82 93
1 2 82 92
8 2 81 94
2 2 76 14
1 2 82 16
5 2 77 13
8 2 76 16
7 2 77 16
6 2 76 21
2 2 80 22
8 2 84 21
2 2 83 21
6 2 78 22
3 2 79 22
3 2 76 26
6 2 76 42
8 2 76 49
6 2 77 48
5 2 76 51
7 2 79 50
6 2 78 51
6 2 76 52
2 2 76 62
8 2 82 61
5 2 81 63
1 2 77 62
2 2 76 75
8 2 76 81
1 2 81 80
5 2 77 80
1 2 79 81
2 2 85 82
8 2 78 79
3 2 77 79
3 2 81 78
8 2 80 79
3 2 76 87
4 2 77 86
7 2 89 87
7 2 75 22
7 2 78 23
4 2 79 22
7 2 75 37
4 2 75 41
8 2 78 39
5 2 87 38
4 2 75 44
4 2 78 43
1 2 75 47
8 2 78 46
3 2 81 47
6 2 80 47
7 2 76 47
2 2 75 47
7 2 77 48
5 2 76 46
6 2 75 46
6 2 75 63
1 2 79 62
3 2 78 64
2 2 75 81
4 2 81 82
1 2 75 90
3 2 79 89
1 2 80 90
7 2 74 15
2 2 74 16
7 2 76 16
4 2 75 17
5 2 74 28
1 2 78 28
1 2 74 43
8 2 81 43
5 2 75 43
2 2 76 44
8 2 74 47
1 2 74 58
7 2 76 56
7 2 83 57
1 2 74 64
6 2 77 63
3 2 74 63
4 2 74 68
4 2 74 74
4 2 76 75
4 2 74 79
3 2 73 19
8 2 73 32
1 2 77 31
5 2 74 32
5 2 82 31
1 2 82 33
4 2 81 31
6 2 74 31
3 2 73 33
8 2 80 32
5 2 90 33
5 2 80 34
1 2 75 34
8 2 79 34
3 2 84 34
6 2 73 45
8 2 73 50
8 2 77 49
2 2 77 50
3 2 76 49
6 2 74 49
8 2 73 66
6 2 77 65
1 2 73 68
7 2 78 67
6 2 73 74
6 2 79 34
6 2 78 73
6 2 76 74
1 2 78 73
5 2 73 73
2 2 73 74
2 2 73 81
4 2 73 84
6 2 79 84
7 2 73 88
6 2 73 94
3 2 76 84
8 2 76 95
7 2 72 1
8 2 82 2
1 2 81 2
3 2 78 1
8 2 72 4
7 2 73 3
6 2 82 4
1 2 81 4
4 2 72 13
7 2 77 14
3 2 72 28
6 2 75 27
1 2 76 26
4 2 72 29
2 2 73 30
7 2 72 30
2 2 78 31
6 2 77 31
7 2 73 31
6 2 80 32
5 2 72 32
7 2 76 32
5 2 72 41
3 2 73 40
1 2 79 39
7 2 72 47
3 2 72 48
2 2 72 71
7 2 81 72
2 2 79 71
7 2 78 71
6 2 77 71
5 2 78 72
1 2 72 79
2 2 72 84
7 2 72 86
8 2 72 94
4 2 75 94
5 2 75 94
6 2 74 94
7 2 71 2
3 2 72 1
6 2 71 20
2 2 71 32
2 2 78 88
1 2 71 35
2 2 77 34
7 2 71 41
3 2 71 53
6 2 76 40
3 2 79 39
2 2 75 40
5 2 76 54
7 2 72 53
6 2 71 56
5 2 75 56
4 2 75 55
7 2 80 38
2 2 80 39
5 2 71 55
8 2 71 63
8 2 71 66
4 2 71 87
6 2 77 87
7 2 74 86
1 2 71 88
4 2 73 90
7 2 71 91
4 2 71 94
5 2 76 95
4 2 72 93
1 2 71 95
2 2 70 9
4 2 74 7
5 2 77 5
3 2 74 6
1 2 70 14
4 2 75 13
6 2 71 15
2 2 70 18
5 2 70 31
1 2 70 42
4 2 73 43
5 2 70 53
4 2 79 52
1 2 72 54
6 2 71 54
1 2 70 63
8 2 75 64
4 2 77 64
2 2 74 64
4 2 71 62
8 2 81 56
8 2 75 62
3 2 74 61
7 2 80 60
8 2 71 61
6 2 79 60
8 2 78 60
4 2 80 61
1 2 70 71
7 2 77 70
2 2 74 71
4 2 73 70
7 2 70 77
2 2 70 78
3 2 77 79
6 2 75 79
4 2 74 79
8 2 73 79
6 2 73 78
5 2 75 77
2 2 74 78
7 2 73 77
3 2 70 98
2 2 82 97
3 2 81 98
2 2 83 59
2 2 77 98
4 2 80 99
7 2 77 97
6 2 77 98
4 2 76 98
3 2 72 98
8 2 72 98
5 2 74 99
8 2 69 13
5 2 69 16
6 2 74 100
5 2 72 18
2 2 69 15
7 2 69 16
8 2 69 49
8 2 69 54
5 2 72 53
4 2 71 54
8 2 76 17
3 2 69 53
6 2 69 59
2 2 73 58
2 2 77 55
7 2 73 57
8 2 69 60
3 2 69 62
5 2 71 62
4 2 68 3
7 2 68 13
3 2 68 24
4 2 69 91
6 2 68 25
2 2 71 24
4 2 68 27
3 2 68 29
3 2 68 41
2 2 68 47
2 2 68 52
5 2 74 25
4 2 71 52
3 2 68 56
2 2 68 71
6 2 69 55
1 2 68 74
7 2 72 74
8 2 71 71
3 2 68 75
7 2 70 72
3 2 70 74
5 2 69 74
4 2 68 86
4 2 67 1
2 2 70 2
8 2 70 3
2 2 73 4
4 2 72 4
7 2 67 5
3 2 76 4
6 2 70 4
8 2 67 16
4 2 67 42
5 2 69 43
8 2 67 60
3 2 74 61
1 2 70 59
5 2 71 58
7 2 67 71
5 2 70 70
5 2 67 98
5 2 69 98
1 2 75 97
8 2 67 99
2 2 69 98
1 2 71 99
6 2 70 99
4 2 69 99
2 2 67 98
1 2 74 99
4 2 73 99
1 2 66 1
3 2 66 15
7 2 66 28
5 2 66 31
7 2 66 30
7 2 79 75
7 2 75 29
7 2 66 37
1 2 77 36
5 2 73 36
7 2 66 51
4 2 66 56
3 2 72 57
5 2 66 59
5 2 66 80
6 2 76 81
6 2 80 82
5 2 70 81
2 2 74 82
3 2 80 83
7 2 75 83
4 2 69 81
7 2 67 81
6 2 72 82
4 2 74 83
8 2 73 83
2 2 74 83
5 2 71 82
1 2 70 82
7 2 70 81
2 2 70 82
1 2 68 82
1 2 70 83
5 2 71 84
3 2 69 83
6 2 68 81
8 2 68 83
4 2 67 82
2 2 69 83
4 2 68 84
1 2 67 83
6 2 66 82
8 2 66 83
3 2 66 86
8 2 71 88
6 2 70 85
5 2 66 92
7 2 71 92
5 2 75 92
1 2 74 93
5 2 72 92
2 2 66 92
4 2 72 91
2 2 69 91
6 2 79 90
1 2 69 90
2 2 70 92
1 2 69 93
4 2 66 98
2 2 65 2
3 2 67 1
2 2 66 1
7 2 65 19
6 2 67 19
3 2 77 21
4 2 69 20
4 2 74 21
5 2 78 22
7 2 67 20
7 2 65 23
4 2 72 22
7 2 71 22
5 2 65 27
2 2 73 26
3 2 72 26
4 2 72 25
4 2 65 28
3 2 65 31
3 2 65 43
6 2 71 43
3 2 69 42
4 2 65 49
6 2 65 52
8 2 65 59
6 2 68 30
3 2 70 58
7 2 69 59
4 2 71 59
5 2 70 60
5 2 65 62
1 2 65 67
5 2 77 66
7 2 68 68
4 2 66 66
3 2 67 65
8 2 69 64
3 2 75 65
5 2 75 66
1 2 74 66
8 2 67 67
1 2 64 13
6 2 69 12
8 2 76 11
3 2 74 11
6 2 72 12
3 2 64 16
7 2 64 17
5 2 69 16
6 2 68 17
3 2 64 20
4 2 73 19
2 2 64 31
2 2 64 57
5 2 64 67
4 2 73 65
2 2 72 66
4 2 70 67
8 2 64 71
2 2 69 72
3 2 68 72
6 2 64 72
7 2 64 77
7 2 64 92
3 2 68 92
7 2 68 93
4 2 66 94
3 2 69 96
6 2 71 97
5 2 74 97
6 2 66 95
2 2 68 96
1 2 70 95
4 2 69 95
5 2 69 96
8 2 64 95
7 2 67 95
3 2 68 96
2 2 64 98
7 2 72 99
1 2 64 99
5 2 63 20
3 2 63 21
4 2 71 22
4 2 63 25
3 2 63 40
5 2 78 39
1 2 75 39
5 2 74 40
7 2 74 39
6 2 78 38
3 2 71 39
4 2 76 38
3 2 69 40
6 2 63 47
2 2 63 50
4 2 70 50
3 2 64 50
3 2 72 51
8 2 64 49
3 2 66 50
2 2 65 51
4 2 65 51
2 2 64 48
1 2 64 47
5 2 63 53
8 2 63 85
5 2 63 95
8 2 63 97
7 2 62 1
5 2 67 1
8 2 63 1
5 2 62 11
2 2 76 10
6 2 78 9
4 2 75 10
6 2 67 10
4 2 76 11
3 2 73 11
5 2 72 12
2 2 71 12
7 2 71 11
1 2 72 10
6 2 71 10
8 2 72 9
6 2 80 8
1 2 67 9
6 2 80 29
4 2 68 8
8 2 69 7
1 2 68 7
4 2 71 8
2 2 67 8
4 2 62 10
2 2 62 14
6 2 67 13
6 2 65 14
3 2 66 14
7 2 63 10
3 2 68 16
5 2 65 9
4 2 62 28
7 2 62 27
5 2 68 8
7 2 69 7
8 2 73 7
7 2 68 26
2 2 70 27
5 2 69 25
3 2 67 8
8 2 67 7
2 2 75 6
5 2 66 28
8 2 62 29
8 2 62 40
5 2 67 39
6 2 66 41
4 2 67 42
3 2 69 8
2 2 69 7
4 2 71 6
3 2 71 43
3 2 76 6
5 2 65 42
1 2 63 39
6 2 67 38
7 2 64 38
5 2 80 44
2 2 62 74
5 2 73 75
3 2 72 76
4 2 62 87
1 2 72 88
3 2 71 88
2 2 66 87
2 2 70 87
8 2 65 87
6 2 64 86
2 2 62 89
4 2 67 90
4 2 69 89
3 2 66 90
8 2 67 90
7 2 63 88
4 2 63 88
5 2 61 2
8 2 65 1
3 2 61 9
4 2 63 9
6 2 66 8
1 2 65 9
6 2 61 8
8 2 63 7
4 2 61 27
5 2 61 71
4 2 66 70
1 2 67 69
3 2 66 70
1 2 68 69
3 2 65 73
1 2 66 72
2 2 61 80
1 2 61 80
5 2 61 85
7 2 65 84
3 2 61 86
2 2 61 85
7 2 61 85
5 2 64 84
3 2 64 85
5 2 61 100
8 2 62 100
8 2 60 8
1 2 60 9
7 2 60 20
2 2 70 21
4 2 60 25
7 2 60 67
2 2 60 68
7 2 68 69
2 2 65 69
2 2 61 69
3 2 65 68
8 2 65 70
3 2 60 71
7 2 61 73
6 2 64 72
4 2 63 73
3 2 63 72
5 2 61 73
2 2 63 75
2 2 71 75
4 2 64 74
5 2 64 75
1 2 60 75
4 2 61 74
8 2 68 75
4 2 67 75
5 2 60 75
3 2 60 79
8 2 60 81
7 2 60 90
6 2 59 11
1 2 59 12
5 2 61 14
8 2 62 16
5 2 65 15
4 2 59 21
1 2 61 20
2 2 62 19
7 2 73 18
8 2 62 18
6 2 71 17
7 2 70 17
4 2 59 32
4 2 81 37
6 2 80 38
3 2 74 34
3 2 66 31
1 2 64 33
3 2 60 33
8 2 63 32
4 2 71 33
4 2 75 34
5 2 59 49
7 2 61 50
1 2 63 50
8 2 67 51
6 2 66 51
2 2 59 66
7 2 60 65
1 2 59 69
3 2 62 70
7 2 59 76
4 2 68 48
3 2 63 77
8 2 61 76
2 2 59 82
4 2 58 27
2 2 58 38
1 2 65 77
8 2 66 78
3 2 61 39
1 2 58 45
7 2 69 44
5 2 66 44
2 2 59 45
1 2 66 44
5 2 70 37
3 2 72 45
7 2 71 45
8 2 67 43
2 2 69 42
1 2 58 50
5 2 62 50
7 2 63 51
6 2 58 50
6 2 60 49
1 2 58 62
6 2 65 61
2 2 65 63
1 2 58 79
7 2 64 79
2 2 68 79
6 2 57 13
8 2 60 13
2 2 61 12
5 2 60 13
5 2 58 12
5 2 67 11
6 2 61 11
3 2 57 20
1 2 57 22
1 2 65 21
1 2 68 22
8 2 73 36
7 2 65 22
5 2 65 23
8 2 64 21
6 2 64 23
2 2 58 21
2 2 57 24
3 2 57 25
7 2 64 23
4 2 64 22
7 2 62 26
7 2 57 26
3 2 57 28
1 2 67 30
4 2 57 31
1 2 58 26
7 2 60 25
8 2 58 32
4 2 63 33
8 2 61 34
7 2 59 26
1 2 59 34
8 2 66 33
2 2 59 33
8 2 59 32
7 2 57 64
3 2 59 33
5 2 63 34
4 2 66 33
1 2 65 33
7 2 63 33
6 2 64 34
2 2 66 64
5 2 64 35
1 2 58 33
7 2 59 34
2 2 61 36
3 2 62 34
7 2 60 36
7 2 68 36
1 2 66 37
3 2 57 65
8 2 57 67
5 2 63 68
4 2 57 74
4 2 57 77
7 2 61 78
1 2 66 77
5 2 66 78
3 2 62 79
8 2 61 79
8 2 58 76
7 2 65 77
7 2 57 78
2 2 64 77
2 2 57 77
4 2 62 76
3 2 58 76
4 2 58 75
5 2 60 76
6 2 59 76
7 2 57 76
2 2 57 81
3 2 57 83
7 2 57 84
4 2 57 84
3 2 56 6
7 2 63 5
3 2 62 7
7 2 61 5
6 2 60 6
8 2 57 5
5 2 62 6
6 2 68 35
5 2 60 6
2 2 59 4
8 2 59 5
8 2 70 4
1 2 58 6
5 2 65 6
4 2 56 6
4 2 56 16
1 2 60 7
4 2 59 15
2 2 56 29
5 2 56 42
2 2 61 41
5 2 60 40
8 2 56 44
7 2 63 45
7 2 56 45
2 2 66 29
1 2 56 57
7 2 67 44
3 2 64 57
5 2 61 56
4 2 56 57
1 2 71 56
2 2 64 57
4 2 63 57
7 2 62 57
6 2 56 57
6 2 63 56
8 2 58 56
6 2 56 78
8 2 56 86
1 2 56 94
6 2 61 94
7 2 61 94
1 2 60 95
1 2 62 55
5 2 58 93
7 2 61 92
6 2 64 91
4 2 64 90
6 2 62 95
1 2 58 94
3 2 62 96
6 2 57 93
3 2 55 1
6 2 59 2
1 2 58 2
7 2 55 2
6 2 57 1
6 2 55 8
8 2 60 8
5 2 57 8
6 2 57 9
3 2 56 8
1 2 55 9
6 2 55 15
5 2 59 15
4 2 62 92
8 2 63 14
1 2 62 15
8 2 62 15
8 2 62 92
2 2 55 15
1 2 55 15
8 2 55 15
4 2 55 19
1 2 56 16
5 2 56 19
6 2 56 20
7 2 56 21
3 2 56 22
2 2 55 21
3 2 55 33
1 2 61 18
4 2 55 42
7 2 55 57
4 2 70 58
7 2 58 58
5 2 67 32
4 2 60 59
7 2 60 60
3 2 67 59
7 2 70 58
2 2 63 60
3 2 56 56
5 2 60 55
3 2 61 60
6 2 61 60
3 2 68 59
2 2 62 54
8 2 56 59
6 2 55 63
5 2 59 58
6 2 58 64
2 2 55 67
8 2 58 68
1 2 57 68
2 2 55 71
2 2 59 63
6 2 59 62
7 2 59 70
3 2 55 76
6 2 55 80
3 2 56 80
7 2 57 81
3 2 55 86
8 2 63 62
7 2 63 87
1 2 62 87
7 2 58 87
6 2 63 87
1 2 56 85
4 2 58 84
6 2 56 88
5 2 56 87
5 2 60 86
3 2 55 98
8 2 58 97
8 2 56 98
2 2 61 86
6 2 57 99
5 2 55 99
8 2 54 6
5 2 54 48
8 2 56 47
1 2 54 54
8 2 57 54
6 2 54 56
8 2 58 56
6 2 54 58
5 2 55 57
5 2 54 59
5 2 62 97
1 2 59 61
7 2 54 67
3 2 54 68
7 2 54 75
4 2 54 80
3 2 59 81
7 2 54 83
6 2 56 83
4 2 59 82
4 2 57 83
4 2 54 94
7 2 53 6
6 2 53 10
3 2 53 18
5 2 60 19
4 2 59 19
3 2 56 17
8 2 53 53
3 2 62 52
4 2 60 60
1 2 56 54
7 2 54 52
2 2 62 54
8 2 56 52
1 2 53 57
6 2 53 57
7 2 54 56
7 2 53 62
1 2 53 64
8 2 53 67
2 2 53 68
3 2 55 69
3 2 57 69
8 2 57 69
5 2 56 52
4 2 56 69
4 2 55 52
2 2 53 73
4 2 53 75
5 2 53 75
3 2 53 97
3 2 58 52
8 2 58 51
6 2 59 50
7 2 58 53
8 2 57 53
3 2 52 5
5 2 52 5
4 2 60 96
4 2 59 6
1 2 59 97
1 2 60 6
2 2 60 96
2 2 58 6
1 2 54 4
7 2 52 8
1 2 53 7
4 2 52 16
1 2 54 17
3 2 52 47
8 2 53 48
3 2 60 47
8 2 52 46
1 2 54 45
2 2 61 44
8 2 61 96
3 2 60 97
5 2 55 46
6 2 54 46
5 2 53 45
5 2 53 47
2 2 55 44
1 2 54 45
4 2 55 44
6 2 52 49
5 2 52 72
6 2 52 71
4 2 57 72
5 2 53 70
5 2 55 69
4 2 52 70
2 2 52 76
3 2 54 71
5 2 53 77
1 2 53 78
8 2 52 86
5 2 52 86
4 2 53 86
8 2 53 86
4 2 60 87
4 2 55 85
4 2 52 89
4 2 59 89
6 2 59 90
7 2 61 87
2 2 51 12
8 2 60 11
4 2 51 28
5 2 51 33
8 2 51 35
2 2 57 35
3 2 56 34
5 2 51 35
5 2 54 35
1 2 57 36
8 2 56 36
1 2 63 91
2 2 55 36
7 2 54 36
7 2 51 36
8 2 51 37
2 2 62 37
4 2 52 38
1 2 57 39
3 2 53 38
6 2 57 39
2 2 57 39
8 2 57 38
1 2 58 40
3 2 55 37
5 2 54 37
7 2 57 40
8 2 60 40
4 2 60 41
6 2 53 37
1 2 51 38
2 2 53 38
2 2 51 39
6 2 51 45
5 2 51 60
5 2 51 64
3 2 52 45
3 2 51 69
5 2 54 66
4 2 55 68
6 2 52 69
5 2 51 93
5 2 55 92
5 2 56 91
7 2 57 90
1 2 55 92
7 2 54 92
2 2 51 93
2 2 52 92
6 2 51 96
7 2 50 9
5 2 50 18
2 2 50 19
8 2 50 29
5 2 57 28
2 2 59 28
1 2 56 31
7 2 62 29
6 2 61 30
8 2 51 30
3 2 52 31
6 2 50 30
5 2 55 29
4 2 50 37
8 2 50 36
2 2 50 46
2 2 53 46
1 2 50 50
7 2 51 49
7 2 50 52
2 2 51 52
5 2 50 57
6 2 50 67
3 2 50 73
3 2 52 75
6 2 50 98
1 2 59 100
6 2 49 10
2 2 61 10
7 2 55 11
4 2 49 17
2 2 50 16
4 2 49 34
5 2 49 44
1 2 62 65
3 2 60 43
8 2 61 43
3 2 49 44
1 2 50 45
6 2 49 52
3 2 49 76
2 2 55 77
3 2 54 77
1 2 49 89
2 2 49 95
5 2 48 9
2 2 48 11
8 2 48 16
4 2 54 15
1 2 53 15
6 2 48 18
8 2 48 21
2 2 49 22
1 2 63 23
4 2 63 23
8 2 63 23
6 2 56 43
1 2 54 21
5 2 48 22
4 2 53 22
3 2 48 35
8 2 55 36
6 2 60 23
7 2 48 36
2 2 48 56
6 2 56 54
5 2 48 62
3 2 55 61
6 2 55 63
2 2 53 61
8 2 49 61
4 2 51 62
6 2 49 60
4 2 53 59
2 2 53 61
7 2 52 61
3 2 48 66
4 2 52 65
1 2 53 64
2 2 48 71
4 2 48 75
8 2 49 74
1 2 49 73
8 2 48 93
8 2 51 93
5 2 48 92
1 2 54 91
3 2 58 90
1 2 55 59
1 2 59 60
8 2 57 58
2 2 59 90
7 2 56 59
6 2 55 58
7 2 48 91
4 2 47 3
4 2 61 60
7 2 60 61
6 2 56 2
2 2 50 3
5 2 50 2
1 2 47 5
8 2 47 9
6 2 47 19
7 2 47 22
3 2 47 23
7 2 47 27
2 2 47 38
6 2 53 18
3 2 53 39
2 2 57 40
5 2 47 40
5 2 55 40
6 2 51 41
6 2 49 40
8 2 54 39
4 2 48 39
4 2 52 40
6 2 49 38
8 2 48 38
7 2 48 39
8 2 48 41
4 2 47 47
8 2 47 56
2 2 54 37
7 2 47 70
7 2 49 70
1 2 50 69
2 2 49 71
7 2 51 71
1 2 48 71
3 2 47 76
6 2 47 95
7 2 47 97
3 2 53 98
1 2 46 2
1 2 58 4
3 2 58 55
1 2 56 3
7 2 54 1
8 2 54 1
4 2 51 3
2 2 46 4
7 2 46 20
3 2 52 21
1 2 50 19
8 2 49 19
5 2 49 21
7 2 46 33
3 2 56 32
1 2 46 40
7 2 46 51
4 2 48 51
7 2 46 58
6 2 46 59
6 2 46 68
2 2 46 77
8 2 46 79
5 2 46 88
6 2 57 1
7 2 52 87
6 2 50 88
3 2 53 86
6 2 45 2
8 2 47 3
6 2 55 88
3 2 56 2
7 2 52 4
4 2 45 16
7 2 45 28
1 2 54 28
4 2 45 29
6 2 45 33
8 2 58 33
1 2 45 45
2 2 45 57
2 2 50 57
4 2 45 66
6 2 57 65
3 2 51 66
1 2 45 69
4 2 50 68
5 2 49 68
8 2 45 88
8 2 47 87
2 2 60 88
5 2 52 88
8 2 52 89
5 2 47 86
2 2 48 88
6 2 45 92
8 2 45 93
4 2 45 99
7 2 57 99
1 2 44 2
3 2 44 3
6 2 53 3
6 2 44 15
1 2 51 14
2 2 54 13
1 2 49 14
7 2 55 13
7 2 53 14
5 2 52 13
6 2 51 15
8 2 44 18
2 2 44 24
1 2 55 25
4 2 62 26
3 2 57 24
1 2 52 24
1 2 50 22
7 2 50 23
2 2 50 24
4 2 45 24
6 2 60 24
4 2 59 24
5 2 44 23
2 2 44 26
4 2 49 25
2 2 52 26
8 2 54 27
4 2 51 27
2 2 50 27
8 2 48 25
4 2 44 27
4 2 44 39
8 2 44 39
4 2 44 59
3 2 50 58
5 2 45 59
4 2 51 58
1 2 47 61
1 2 49 61
4 2 52 63
6 2 50 62
3 2 44 58
8 2 45 59
1 2 45 60
4 2 45 61
4 2 49 62
3 2 49 63
7 2 44 61
3 2 45 60
5 2 44 74
7 2 57 73
1 2 56 73
1 2 52 73
7 2 53 72
8 2 52 72
7 2 51 73
8 2 56 73
4 2 46 72
6 2 48 71
5 2 51 70
2 2 45 75
7 2 44 75
1 2 51 74
3 2 44 77
7 2 47 78
7 2 45 77
7 2 47 76
1 2 45 77
4 2 49 79
5 2 47 78
3 2 49 79
4 2 46 78
6 2 44 77
1 2 44 85
1 2 49 85
6 2 47 84
1 2 51 85
8 2 51 84
1 2 53 84
3 2 52 84
8 2 52 85
7 2 51 84
8 2 44 84
2 2 45 83
1 2 48 84
2 2 44 98
5 2 56 97
7 2 52 99
1 2 51 99
7 2 47 98
2 2 43 14
3 2 51 13
8 2 44 14
1 2 43 14
6 2 46 14
4 2 47 13
8 2 43 23
3 2 43 30
8 2 60 30
1 2 59 31
1 2 43 29
6 2 43 35
7 2 45 34
6 2 58 33
2 2 46 35
1 2 55 34
6 2 54 34
5 2 48 36
2 2 45 33
8 2 43 68
6 2 49 69
4 2 49 69
2 2 46 67
1 2 48 66
4 2 47 66
8 2 46 66
2 2 45 66
7 2 45 67
7 2 43 69
4 2 44 68
3 2 44 70
8 2 44 71
5 2 43 80
2 2 46 79
4 2 49 81
2 2 51 81
7 2 43 81
1 2 55 80
4 2 50 82
6 2 43 89
7 2 53 89
5 2 52 89
3 2 42 4
7 2 42 6
8 2 49 7
2 2 46 7
8 2 52 6
7 2 50 6
8 2 44 7
5 2 49 89
8 2 48 90
5 2 43 5
8 2 42 10
4 2 52 7
7 2 47 10
7 2 53 11
7 2 48 10
7 2 50 9
3 2 48 11
7 2 45 9
1 2 45 10
4 2 42 12
6 2 43 11
1 2 50 12
2 2 42 22
6 2 43 24
5 2 42 21
5 2 42 33
5 2 47 32
4 2 45 32
2 2 50 31
8 2 53 11
3 2 52 11
3 2 48 31
7 2 47 32
2 2 44 32
5 2 49 30
8 2 49 30
5 2 42 36
1 2 44 32
1 2 42 41
7 2 47 42
8 2 45 43
5 2 55 42
7 2 50 43
8 2 44 37
4 2 44 36
6 2 42 51
1 2 42 82
2 2 42 87
2 2 47 86
3 2 46 86
4 2 46 86
7 2 46 85
2 2 45 86
6 2 46 87
3 2 43 87
3 2 45 88
8 2 50 90
2 2 49 90
4 2 50 89
1 2 45 87
4 2 42 89
5 2 43 88
8 2 51 89
1 2 42 92
2 2 42 93
3 2 43 93
4 2 44 92
6 2 42 92
7 2 42 91
7 2 45 90
4 2 42 98
4 2 45 98
2 2 42 100
4 2 49 99
8 2 48 100
3 2 48 99
5 2 47 99
5 2 44 99
8 2 43 99
5 2 41 3
2 2 49 2
5 2 49 1
4 2 41 33
8 2 41 41
2 2 41 45
5 2 41 44
6 2 43 43
7 2 47 42
1 2 41 46
4 2 52 42
6 2 54 41
5 2 43 45
2 2 41 52
6 2 50 53
8 2 52 44
7 2 50 53
8 2 44 51
7 2 54 50
4 2 54 49
2 2 53 49
6 2 49 50
3 2 49 49
3 2 54 53
6 2 43 51
2 2 46 50
4 2 48 50
4 2 41 58
6 2 46 57
7 2 57 47
7 2 44 58
5 2 43 57
1 2 43 57
7 2 41 62
4 2 43 63
1 2 45 63
4 2 41 62
6 2 41 61
2 2 43 62
3 2 41 75
6 2 41 78
2 2 47 78
3 2 41 86
5 2 41 85
5 2 45 84
7 2 41 86
6 2 41 90
3 2 44 89
8 2 41 92
3 2 40 1
1 2 40 7
2 2 41 7
6 2 43 6
7 2 41 8
1 2 42 9
8 2 43 10
5 2 42 11
4 2 47 11
6 2 50 12
4 2 40 10
1 2 40 14
3 2 47 15
2 2 46 15
2 2 40 16
3 2 47 17
2 2 45 17
7 2 44 18
2 2 54 17
1 2 40 23
6 2 41 22
6 2 40 28
2 2 43 28
4 2 50 29
1 2 40 40
5 2 41 39
7 2 40 58
7 2 40 60
1 2 40 67
5 2 40 68
1 2 42 68
2 2 46 69
8 2 45 69
3 2 41 68
5 2 44 69
7 2 43 69
8 2 42 69
6 2 41 68
7 2 40 71
3 2 40 72
4 2 42 73
1 2 44 75
7 2 43 75
4 2 42 76
5 2 40 74
8 2 43 73
2 2 42 73
3 2 45 72
4 2 44 72
8 2 40 85
6 2 44 85
3 2 40 88
5 2 40 91
4 2 40 95
4 2 48 96
4 2 47 94
1 2 45 95
4 2 55 96
8 2 41 95
2 2 53 95
1 2 52 95
3 2 43 95
1 2 39 9
7 2 39 16
7 2 43 15
6 2 41 17
1 2 39 20
1 2 45 19
5 2 44 21
8 2 39 20
4 2 40 20
8 2 40 21
3 2 41 20
8 2 42 21
4 2 40 21
2 2 39 23
2 2 39 40
1 2 46 41
7 2 53 42
8 2 52 42
5 2 52 42
2 2 45 41
7 2 50 42
6 2 44 41
3 2 49 41
1 2 44 41
8 2 49 42
3 2 46 42
8 2 42 42
6 2 44 42
2 2 45 43
5 2 45 42
1 2 44 42
8 2 39 43
8 2 43 42
1 2 39 49
7 2 45 49
4 2 47 49
1 2 39 55
1 2 39 74
6 2 39 75
8 2 39 77
4 2 39 91
8 2 39 99
6 2 40 100
6 2 42 54
1 2 44 98
3 2 48 97
2 2 43 55
6 2 50 54
8 2 43 99
3 2 41 55
4 2 38 3
7 2 45 2
6 2 47 1
6 2 41 4
1 2 39 2
8 2 38 4
5 2 39 5
4 2 38 7
8 2 38 14
8 2 44 12
5 2 47 11
3 2 43 12
3 2 43 14
5 2 43 13
2 2 43 12
3 2 38 36
2 2 38 36
8 2 38 37
3 2 51 37
2 2 50 37
4 2 50 38
3 2 38 38
8 2 39 37
1 2 38 45
4 2 56 46
4 2 41 45
7 2 40 46
7 2 53 47
2 2 47 48
6 2 44 47
3 2 38 49
2 2 43 49
7 2 40 49
1 2 38 53
5 2 48 54
4 2 38 54
8 2 42 54
6 2 38 72
6 2 38 83
4 2 45 82
6 2 45 81
8 2 47 81
7 2 46 80
3 2 51 81
5 2 46 82
3 2 44 83
4 2 41 82
4 2 39 82
8 2 43 81
2 2 38 82
5 2 38 83
6 2 38 88
7 2 38 91
6 2 38 97
6 2 44 97
4 2 44 96
6 2 41 97
6 2 37 4
1 2 46 4
2 2 42 3
5 2 37 12
6 2 39 12
6 2 37 16
3 2 39 17
1 2 39 18
8 2 37 21
5 2 43 20
1 2 43 21
6 2 37 36
1 2 37 37
2 2 37 67
2 2 37 74
4 2 40 73
3 2 40 72
5 2 39 73
7 2 37 75
7 2 37 93
8 2 42 94
4 2 36 10
2 2 40 9
4 2 38 11
5 2 36 17
7 2 41 17
8 2 36 16
1 2 41 16
3 2 36 25
3 2 38 25
8 2 42 26
4 2 38 24
7 2 40 25
5 2 47 26
5 2 40 26
1 2 50 25
8 2 49 25
5 2 48 26
7 2 36 31
3 2 43 30
3 2 40 31
2 2 39 31
4 2 41 30
1 2 47 29
5 2 42 30
8 2 41 29
1 2 39 32
5 2 36 40
1 2 38 39
7 2 36 53
4 2 36 58
5 2 39 59
6 2 41 59
5 2 42 59
6 2 42 60
2 2 42 59
6 2 36 62
8 2 42 62
7 2 36 62
3 2 40 63
5 2 37 61
1 2 36 88
7 2 36 90
7 2 36 97
2 2 39 97
1 2 41 97
3 2 51 96
6 2 43 96
2 2 35 4
2 2 36 5
4 2 41 6
6 2 35 10
7 2 36 9
8 2 36 8
2 2 37 7
5 2 35 11
2 2 35 27
5 2 42 27
2 2 40 28
1 2 37 26
6 2 35 29
2 2 35 38
6 2 35 40
3 2 35 57
8 2 40 57
7 2 36 56
4 2 35 59
4 2 35 63
1 2 42 65
5 2 39 64
3 2 36 62
6 2 45 61
8 2 36 64
6 2 37 63
6 2 45 64
1 2 35 66
3 2 42 65
8 2 35 79
2 2 43 80
5 2 36 78
4 2 36 80
3 2 35 82
2 2 37 82
7 2 40 83
3 2 38 81
1 2 37 83
3 2 35 86
3 2 35 94
2 2 41 93
2 2 41 96
6 2 37 95
1 2 36 93
5 2 35 97
2 2 35 98
4 2 35 97
8 2 34 2
1 2 34 14
1 2 36 13
5 2 34 15
2 2 34 35
8 2 42 34
7 2 41 34
7 2 38 33
5 2 35 36
4 2 34 40
3 2 35 39
7 2 41 38
8 2 35 38
7 2 36 37
2 2 35 38
8 2 34 47
1 2 46 48
4 2 45 48
1 2 40 48
3 2 36 48
6 2 44 49
5 2 42 47
1 2 34 50
5 2 42 51
4 2 41 52
8 2 40 51
4 2 38 51
5 2 41 50
7 2 34 55
1 2 46 54
8 2 47 55
2 2 45 55
3 2 46 55
4 2 45 54
7 2 39 54
4 2 34 66
3 2 39 65
4 2 34 79
7 2 39 78
5 2 36 79
1 2 36 80
8 2 34 83
8 2 36 84
7 2 36 85
6 2 34 87
2 2 35 85
4 2 33 1
6 2 33 23
7 2 35 21
5 2 37 22
1 2 36 22
3 2 33 26
3 2 42 26
3 2 51 27
7 2 39 26
6 2 33 27
5 2 33 35
4 2 33 48
5 2 33 63
1 2 33 65
6 2 37 65
2 2 33 66
5 2 33 65
1 2 33 77
4 2 36 78
7 2 33 79
5 2 33 80
5 2 32 1
6 2 36 1
2 2 37 3
7 2 32 3
6 2 32 8
2 2 32 7
3 2 34 8
1 2 32 10
8 2 36 11
6 2 35 11
3 2 35 12
7 2 36 12
1 2 34 11
5 2 32 13
1 2 32 20
1 2 35 19
2 2 35 20
1 2 32 23
8 2 32 29
5 2 33 28
3 2 37 27
2 2 36 27
3 2 35 27
5 2 34 28
4 2 33 29
6 2 35 30
3 2 34 30
1 2 36 31
7 2 35 29
5 2 33 30
6 2 32 30
8 2 32 35
7 2 32 35
7 2 34 36
1 2 32 38
1 2 32 50
8 2 38 49
6 2 35 49
1 2 35 52
2 2 37 52
6 2 32 59
6 2 37 58
2 2 36 61
8 2 32 64
4 2 32 65
7 2 52 64
8 2 32 66
6 2 34 67
5 2 33 67
7 2 32 69
8 2 40 69
3 2 32 76
4 2 33 76
5 2 32 78
3 2 32 88
7 2 31 12
7 2 31 18
4 2 31 19
7 2 31 23
6 2 40 22
2 2 39 22
5 2 39 23
4 2 38 23
7 2 37 23
8 2 36 23
5 2 31 37
1 2 32 36
6 2 31 38
1 2 31 57
4 2 31 58
7 2 34 59
3 2 34 59
1 2 33 59
8 2 32 57
8 2 34 56
2 2 33 56
1 2 31 64
4 2 34 63
1 2 33 64
3 2 31 64
3 2 33 63
4 2 31 85
2 2 31 84
5 2 32 82
7 2 31 85
8 2 31 89
2 2 34 90
7 2 38 89
5 2 33 90
8 2 33 91
3 2 35 91
4 2 34 92
3 2 33 90
1 2 40 89
7 2 33 93
3 2 36 92
4 2 32 88
7 2 30 3
3 2 30 6
8 2 30 12
2 2 32 14
3 2 30 34
5 2 39 33
3 2 32 33
4 2 30 40
4 2 30 54
6 2 35 53
3 2 30 66
1 2 32 66
6 2 40 65
4 2 33 67
8 2 32 65
7 2 31 67
4 2 30 72
1 2 30 81
6 2 30 85
4 2 30 84
3 2 30 85
1 2 32 84
5 2 33 83
4 2 31 85
5 2 32 84
1 2 31 85
1 2 30 89
5 2 33 89
1 2 30 99
6 2 35 99
5 2 30 99
2 2 29 7
8 2 31 8
7 2 31 8
3 2 29 8
3 2 29 14
7 2 29 30
2 2 32 31
2 2 29 30
5 2 39 29
7 2 33 29
8 2 33 28
1 2 33 27
6 2 29 35
2 2 29 37
1 2 36 36
5 2 29 39
2 2 29 55
1 2 31 54
4 2 32 53
8 2 30 54
8 2 30 57
7 2 31 58
8 2 29 68
5 2 29 67
4 2 29 97
7 2 33 96
8 2 37 97
1 2 37 96
5 2 44 95
7 2 29 98
5 2 28 28
2 2 36 29
6 2 34 27
1 2 28 27
2 2 31 28
5 2 30 26
7 2 33 25
5 2 32 25
8 2 28 39
1 2 29 38
7 2 28 40
2 2 28 42
4 2 39 42
2 2 42 43
2 2 35 43
5 2 34 43
8 2 35 44
5 2 36 45
7 2 31 42
4 2 30 43
1 2 36 44
7 2 37 44
6 2 37 44
1 2 28 48
2 2 33 49
1 2 36 50
7 2 32 50
1 2 28 64
7 2 28 67
1 2 28 69
8 2 28 71
2 2 41 70
4 2 40 70
4 2 38 71
7 2 28 84
6 2 28 98
1 2 31 98
3 2 39 99
7 2 32 99
8 2 30 99
7 2 29 98
4 2 29 98
2 2 28 99
2 2 27 5
8 2 29 6
6 2 27 12
6 2 27 22
7 2 28 21
7 2 27 26
1 2 29 25
2 2 33 24
8 2 29 26
1 2 27 35
6 2 33 34
6 2 35 34
3 2 34 34
2 2 27 34
8 2 31 33
4 2 27 39
6 2 28 40
6 2 27 48
5 2 33 49
2 2 28 48
4 2 48 56
2 2 43 47
7 2 27 49
5 2 35 50
6 2 32 50
5 2 31 51
1 2 34 51
3 2 32 51
1 2 27 50
4 2 29 51
5 2 28 51
1 2 28 50
2 2 29 49
7 2 28 49
2 2 27 53
7 2 27 55
7 2 27 69
4 2 27 80
4 2 36 80
2 2 28 79
5 2 36 80
8 2 35 80
1 2 36 79
6 2 36 80
1 2 35 81
5 2 34 80
1 2 31 78
3 2 31 80
6 2 30 79
7 2 30 80
7 2 29 78
8 2 32 77
6 2 31 77
5 2 29 77
4 2 27 83
5 2 27 84
6 2 32 85
7 2 27 96
5 2 27 98
6 2 26 15
2 2 26 15
5 2 36 16
4 2 35 17
1 2 32 13
4 2 27 16
4 2 31 16
2 2 33 15
3 2 32 15
8 2 31 16
5 2 35 17
3 2 34 17
6 2 33 18
2 2 45 18
7 2 28 15
4 2 26 31
6 2 36 32
6 2 33 31
6 2 26 35
2 2 30 34
8 2 26 47
6 2 32 46
2 2 26 57
5 2 30 58
2 2 29 58
5 2 26 68
5 2 26 74
3 2 32 46
3 2 36 45
4 2 31 75
7 2 31 74
8 2 34 74
7 2 33 74
3 2 35 74
6 2 30 75
5 2 28 73
8 2 34 73
1 2 26 77
2 2 26 83
6 2 32 82
1 2 31 83
1 2 28 82
3 2 26 84
5 2 26 89
8 2 34 89
4 2 26 93
1 2 35 82
5 2 34 92
1 2 25 9
5 2 25 11
5 2 27 11
5 2 31 10
2 2 30 12
6 2 25 18
6 2 25 21
3 2 33 21
7 2 31 20
5 2 25 21
2 2 25 21
1 2 27 93
4 2 26 21
4 2 25 66
3 2 25 86
8 2 28 85
3 2 24 4
4 2 29 3
5 2 30 2
8 2 27 4
8 2 27 21
4 2 30 2
8 2 29 2
8 2 30 21
7 2 31 1
3 2 26 4
8 2 31 20
1 2 33 5
7 2 33 21
2 2 26 3
5 2 25 3
5 2 26 5
7 2 25 4
1 2 24 4
2 2 24 5
5 2 35 4
5 2 42 1
6 2 34 4
4 2 34 5
4 2 26 6
2 2 33 4
1 2 37 3
1 2 24 20
6 2 24 28
3 2 27 28
4 2 24 34
7 2 24 35
4 2 24 48
6 2 24 65
2 2 26 66
1 2 25 66
4 2 26 65
8 2 24 75
2 2 32 74
7 2 24 87
8 2 29 88
7 2 28 88
5 2 30 87
6 2 30 89
7 2 29 87
3 2 29 90
4 2 28 89
8 2 24 94
4 2 38 93
2 2 38 94
3 2 28 93
3 2 30 92
7 2 25 93
6 2 29 93
5 2 25 93
3 2 36 95
3 2 34 94
4 2 31 94
4 2 23 4
6 2 26 3
1 2 27 2
4 2 27 1
4 2 23 15
8 2 24 14
5 2 25 15
6 2 30 14
5 2 23 14
2 2 27 13
6 2 23 22
6 2 23 32
2 2 35 1
8 2 34 2
4 2 32 33
7 2 28 33
1 2 23 47
4 2 32 47
7 2 23 61
7 2 35 47
5 2 35 62
5 2 32 61
1 2 32 61
8 2 32 60
7 2 31 61
7 2 34 60
8 2 31 62
7 2 28 60
7 2 25 61
4 2 29 59
6 2 26 60
6 2 24 61
1 2 34 61
7 2 33 61
4 2 25 60
1 2 24 60
7 2 23 91
5 2 38 90
6 2 27 91
8 2 27 91
2 2 26 92
3 2 22 4
3 2 22 30
2 2 24 31
4 2 31 32
3 2 32 31
8 2 22 60
7 2 22 63
1 2 25 64
6 2 22 69
3 2 22 79
3 2 26 78
6 2 24 78
2 2 35 77
7 2 28 79
6 2 27 79
2 2 27 80
1 2 26 79
4 2 23 78
8 2 28 77
5 2 27 78
3 2 24 78
5 2 24 77
7 2 27 76
6 2 23 77
8 2 23 79
2 2 23 80
8 2 30 81
4 2 22 83
1 2 22 85
6 2 23 86
8 2 22 87
5 2 22 89
8 2 22 95
7 2 24 94
1 2 30 95
8 2 30 96
6 2 25 93
3 2 25 92
2 2 28 91
2 2 26 92
4 2 22 100
8 2 21 4
4 2 30 3
5 2 21 9
8 2 30 10
4 2 28 10
4 2 27 8
2 2 26 9
3 2 23 8
2 2 21 16
7 2 22 15
6 2 21 29
4 2 28 28
1 2 27 28
3 2 26 31
8 2 24 28
8 2 21 32
7 2 26 31
4 2 25 31
2 2 21 40
1 2 21 41
4 2 32 42
7 2 27 42
4 2 25 41
8 2 21 47
4 2 31 46
2 2 35 45
2 2 29 47
8 2 36 46
1 2 35 46
1 2 28 46
6 2 29 46
7 2 28 45
4 2 21 58
4 2 22 57
8 2 29 56
5 2 28 56
2 2 23 57
6 2 26 56
8 2 25 56
1 2 21 60
2 2 24 59
2 2 21 64
3 2 20 3
6 2 20 17
2 2 32 17
6 2 28 17
2 2 40 62
4 2 27 17
3 2 29 18
2 2 28 19
6 2 20 21
7 2 20 29
8 2 23 17
3 2 20 38
4 2 23 28
7 2 27 37
2 2 24 27
8 2 26 26
5 2 20 41
1 2 23 38
3 2 24 39
4 2 20 41
4 2 20 51
4 2 26 52
2 2 30 50
7 2 29 53
4 2 24 51
7 2 27 52
8 2 25 51
4 2 23 42
2 2 23 50
6 2 26 43
7 2 26 43
7 2 20 55
4 2 27 50
2 2 20 81
5 2 20 97
3 2 25 98
6 2 19 5
1 2 19 12
4 2 25 12
2 2 21 12
7 2 23 11
8 2 28 12
4 2 27 12
3 2 27 13
4 2 19 29
3 2 19 79
3 2 19 88
2 2 26 89
3 2 18 9
5 2 23 9
5 2 20 9
6 2 22 10
5 2 26 9
3 2 27 10
2 2 26 10
4 2 18 19
8 2 25 18
4 2 28 19
1 2 27 20
5 2 23 21
4 2 26 22
5 2 28 55
2 2 25 22
7 2 26 21
4 2 18 23
2 2 18 41
7 2 18 42
5 2 24 41
1 2 21 41
7 2 25 40
6 2 18 49
3 2 23 50
1 2 26 22
8 2 18 63
2 2 26 51
8 2 26 52
6 2 26 52
6 2 24 63
2 2 24 64
4 2 22 62
3 2 18 63
7 2 18 66
2 2 18 73
5 2 18 80
3 2 21 72
4 2 22 71
5 2 37 70
7 2 26 71
7 2 21 78
1 2 20 81
5 2 25 82
4 2 24 82
2 2 24 82
6 2 18 79
2 2 18 84
8 2 20 84
3 2 19 84
2 2 18 87
4 2 20 88
4 2 25 89
7 2 26 90
2 2 21 87
4 2 22 86
1 2 26 87
3 2 25 87
6 2 20 89
2 2 20 88
5 2 18 90
5 2 24 91
4 2 22 92
1 2 22 91
3 2 18 95
5 2 21 95
5 2 24 96
2 2 20 95
3 2 19 95
5 2 17 23
8 2 17 27
3 2 26 26
3 2 24 26
7 2 31 25
5 2 19 26
7 2 17 26
4 2 17 31
3 2 26 32
5 2 28 33
5 2 22 33
5 2 20 32
1 2 21 31
7 2 30 32
5 2 21 31
1 2 22 31
2 2 21 30
8 2 17 33
8 2 25 33
8 2 21 33
7 2 17 44
6 2 26 46
2 2 28 46
4 2 25 43
2 2 30 45
2 2 29 43
5 2 17 48
6 2 23 47
4 2 19 47
1 2 22 48
4 2 17 53
3 2 25 51
1 2 21 52
3 2 21 53
6 2 19 53
6 2 21 52
2 2 17 53
8 2 17 52
2 2 21 51
5 2 17 58
5 2 17 69
4 2 19 69
8 2 17 72
1 2 31 73
1 2 22 73
2 2 29 73
1 2 21 71
4 2 18 73
1 2 27 72
6 2 31 73
7 2 30 71
8 2 34 70
6 2 22 73
3 2 29 72
5 2 32 73
5 2 26 75
2 2 27 76
2 2 18 72
8 2 19 71
7 2 19 73
3 2 17 73
5 2 29 73
5 2 17 76
6 2 24 75
2 2 23 75
3 2 22 75
5 2 18 76
8 2 17 76
8 2 19 78
6 2 17 75
7 2 17 81
4 2 17 80
6 2 17 83
4 2 23 82
8 2 17 88
1 2 22 86
3 2 21 86
8 2 16 40
8 2 24 38
6 2 20 39
8 2 22 40
3 2 21 38
1 2 21 41
3 2 22 41
7 2 16 53
5 2 16 63
1 2 18 63
3 2 18 63
4 2 18 64
1 2 16 85
4 2 17 84
4 2 16 100
3 2 27 99
7 2 19 99
6 2 16 99
5 2 23 98
8 2 21 98
1 2 19 98
7 2 19 97
2 2 25 96
5 2 26 95
6 2 18 97
1 2 23 96
3 2 21 96
4 2 20 96
3 2 18 97
3 2 15 4
4 2 30 3
7 2 18 4
5 2 28 3
7 2 27 5
5 2 32 6
8 2 31 6
2 2 30 6
2 2 36 70
5 2 16 4
3 2 15 24
6 2 25 24
5 2 25 23
3 2 28 24
7 2 15 25
8 2 25 25
7 2 41 5
8 2 27 24
6 2 26 25
2 2 15 27
4 2 15 26
1 2 20 28
1 2 17 27
4 2 15 37
1 2 22 36
2 2 15 48
1 2 16 49
2 2 17 50
6 2 15 52
2 2 15 60
6 2 20 59
8 2 27 60
7 2 15 61
4 2 15 63
3 2 15 72
3 2 26 73
5 2 25 71
6 2 25 73
1 2 17 71
5 2 15 84
6 2 15 94
7 2 15 99
5 2 19 99
6 2 18 99
4 2 17 99
6 2 14 4
6 2 18 5
2 2 34 24
1 2 22 6
1 2 17 6
5 2 14 21
6 2 14 35
2 2 17 35
5 2 22 6
7 2 22 7
2 2 18 35
3 2 14 42
6 2 15 42
2 2 15 42
8 2 14 43
7 2 23 45
2 2 17 44
5 2 21 45
8 2 14 52
4 2 14 60
3 2 20 62
1 2 15 61
6 2 21 45
3 2 24 62
3 2 20 46
6 2 15 62
1 2 14 63
5 2 17 64
8 2 14 70
2 2 14 81
8 2 14 88
2 2 14 99
7 2 13 6
3 2 25 44
3 2 18 6
6 2 23 8
8 2 32 8
5 2 18 7
7 2 13 14
1 2 18 16
5 2 16 13
5 2 20 12
4 2 23 11
7 2 22 12
6 2 20 14
1 2 21 13
3 2 20 13
5 2 19 13
4 2 15 5
4 2 15 13
6 2 16 12
7 2 16 13
1 2 17 14
4 2 16 13
8 2 15 16
4 2 16 15
8 2 14 14
8 2 13 16
1 2 13 27
7 2 17 26
6 2 13 28
5 2 20 28
7 2 14 27
5 2 13 30
8 2 19 29
6 2 16 29
3 2 18 29
4 2 13 41
8 2 20 40
5 2 13 44
4 2 24 17
2 2 19 44
4 2 21 45
8 2 19 45
7 2 13 47
4 2 13 58
1 2 18 58
8 2 17 44
6 2 22 43
1 2 16 57
4 2 16 59
3 2 14 58
1 2 20 57
5 2 13 63
5 2 13 96
5 2 18 94
8 2 21 57
3 2 13 96
1 2 12 3
8 2 24 3
2 2 24 93
5 2 23 3
3 2 15 3
6 2 12 7
4 2 20 8
7 2 15 8
7 2 24 2
3 2 23 3
2 2 28 2
6 2 19 7
1 2 14 8
6 2 19 9
3 2 13 5
3 2 26 7
4 2 12 18
2 2 12 21
2 2 17 22
5 2 18 21
8 2 23 20
7 2 18 21
4 2 16 23
3 2 21 21
6 2 14 20
2 2 13 20
4 2 26 24
7 2 27 19
4 2 12 26
4 2 24 25
6 2 12 35
3 2 15 36
4 2 21 35
8 2 16 36
7 2 18 37
4 2 14 27
8 2 14 36
7 2 12 39
3 2 12 38
7 2 16 39
3 2 12 53
4 2 17 37
3 2 13 54
3 2 19 54
5 2 19 54
3 2 21 53
6 2 12 67
7 2 19 66
4 2 27 68
8 2 26 68
8 2 15 67
5 2 12 72
5 2 18 71
5 2 12 74
1 2 12 79
7 2 12 94
4 2 17 93
2 2 17 93
2 2 19 92
4 2 21 91
6 2 12 95
7 2 16 96
8 2 12 98
4 2 11 2
7 2 18 1
3 2 17 1
5 2 11 20
6 2 16 19
6 2 11 21
7 2 13 21
4 2 11 21
8 2 11 20
6 2 11 23
7 2 31 64
2 2 15 24
6 2 11 38
6 2 17 37
5 2 15 39
4 2 12 37
5 2 11 37
8 2 11 44
5 2 18 45
2 2 17 46
4 2 16 45
3 2 14 43
8 2 14 45
5 2 11 51
1 2 11 56
1 2 12 56
2 2 11 70
3 2 13 69
2 2 13 69
1 2 18 68
8 2 12 72
2 2 11 75
4 2 18 74
5 2 17 75
8 2 23 74
6 2 17 75
7 2 15 76
8 2 22 76
1 2 11 94
8 2 19 93
8 2 17 92
3 2 16 93
7 2 13 93
1 2 13 94
4 2 11 95
2 2 10 11
8 2 13 11
6 2 11 11
1 2 13 10
3 2 13 13
5 2 10 35
2 2 12 35
5 2 12 35
3 2 10 59
2 2 10 61
1 2 10 64
6 2 17 65
8 2 20 64
6 2 18 64
5 2 17 65
8 2 16 65
7 2 10 69
3 2 15 69
6 2 11 69
6 2 31 70
7 2 30 70
4 2 11 68
4 2 19 69
8 2 10 69
6 2 18 70
3 2 17 71
8 2 11 70
5 2 10 72
4 2 11 73
7 2 10 71
1 2 10 80
4 2 17 80
6 2 12 79
7 2 17 77
6 2 10 84
6 2 14 85
7 2 12 85
3 2 15 86
2 2 10 86
7 2 11 86
8 2 10 86
2 2 10 90
1 2 13 89
2 2 14 88
5 2 19 87
4 2 13 90
5 2 14 89
5 2 12 90
6 2 11 90
6 2 19 91
8 2 17 89
3 2 17 90
7 2 16 91
2 2 12 91
4 2 10 92
5 2 13 92
8 2 11 91
6 2 12 92
1 2 10 92
7 2 11 93
3 2 10 95
6 2 10 94
4 2 9 16
5 2 13 15
2 2 14 14
7 2 9 27
2 2 10 26
8 2 9 34
5 2 11 34
8 2 12 33
7 2 19 32
4 2 19 33
2 2 18 32
7 2 17 33
4 2 27 32
7 2 11 33
4 2 11 35
7 2 9 46
7 2 16 48
8 2 9 48
4 2 12 47
7 2 9 48
3 2 19 49
8 2 18 49
4 2 9 62
8 2 18 61
2 2 9 73
6 2 9 72
1 2 10 73
5 2 9 80
3 2 19 81
7 2 15 79
3 2 11 79
8 2 10 80
1 2 19 81
5 2 14 81
4 2 12 81
1 2 9 85
5 2 9 84
6 2 9 88
8 2 8 16
7 2 24 17
2 2 23 17
5 2 8 16
2 2 8 20
6 2 24 19
8 2 8 27
2 2 8 49
5 2 10 48
3 2 8 53
2 2 24 53
2 2 9 52
2 2 13 51
4 2 9 52
5 2 15 54
7 2 28 55
4 2 13 51
3 2 11 51
6 2 9 51
6 2 10 50
7 2 8 60
3 2 16 61
3 2 15 59
1 2 10 60
5 2 8 60
4 2 8 60
8 2 8 76
6 2 8 77
1 2 11 77
6 2 8 85
3 2 9 87
2 2 10 87
6 2 9 86
4 2 8 92
6 2 8 94
6 2 7 4
5 2 7 6
8 2 17 7
3 2 11 7
3 2 9 5
4 2 8 7
5 2 7 14
3 2 12 14
6 2 11 15
1 2 11 14
4 2 8 14
1 2 7 25
3 2 7 38
4 2 12 39
1 2 11 40
2 2 7 40
3 2 7 46
4 2 16 46
1 2 11 45
5 2 10 45
4 2 10 44
1 2 12 45
6 2 12 44
4 2 8 45
6 2 7 48
8 2 7 50
6 2 11 49
3 2 10 50
8 2 9 49
7 2 14 50
3 2 7 51
3 2 7 54
6 2 7 61
3 2 7 61
4 2 7 63
3 2 9 63
7 2 7 64
1 2 7 83
5 2 11 82
8 2 7 90
1 2 6 9
1 2 14 9
8 2 8 9
3 2 18 10
6 2 7 8
3 2 6 12
3 2 8 12
1 2 11 11
3 2 9 12
8 2 6 15
3 2 6 21
1 2 8 19
8 2 6 20
4 2 12 22
3 2 11 22
8 2 6 25
7 2 7 25
1 2 6 28
6 2 11 28
8 2 16 24
5 2 6 38
7 2 13 38
6 2 6 45
2 2 6 44
4 2 7 43
1 2 13 41
7 2 12 42
3 2 14 41
6 2 6 58
2 2 11 57
2 2 12 56
3 2 10 57
1 2 9 57
6 2 10 56
4 2 12 57
3 2 20 29
7 2 10 56
6 2 19 56
7 2 11 57
7 2 6 57
7 2 6 90
6 2 11 89
6 2 6 91
2 2 11 89
1 2 5 1
4 2 15 1
8 2 15 2
1 2 11 2
8 2 6 2
7 2 10 1
1 2 12 3
7 2 6 3
3 2 5 15
7 2 5 20
5 2 5 23
6 2 15 24
2 2 14 1
1 2 13 24
3 2 7 24
3 2 5 28
8 2 5 54
6 2 18 24
1 2 21 25
8 2 8 53
1 2 9 54
8 2 5 73
7 2 8 74
3 2 7 74
3 2 13 75
1 2 5 74
4 2 12 75
6 2 5 73
1 2 9 74
5 2 6 74
8 2 5 74
7 2 5 74
2 2 10 74
1 2 6 73
3 2 5 80
1 2 5 85
4 2 5 98
1 2 11 98
2 2 9 97
3 2 11 98
3 2 8 99
7 2 7 99
1 2 8 98
4 2 9 97
5 2 8 97
6 2 7 97
3 2 5 98
2 2 4 8
7 2 8 7
2 2 10 6
4 2 7 9
6 2 8 10
3 2 4 17
2 2 20 55
2 2 5 16
7 2 21 17
7 2 6 17
7 2 4 22
1 2 4 33
6 2 6 23
2 2 7 22
8 2 7 23
7 2 6 24
5 2 7 33
8 2 8 23
3 2 4 32
7 2 4 40
4 2 9 33
1 2 10 31
1 2 11 30
8 2 4 45
6 2 4 54
6 2 12 39
6 2 6 54
8 2 4 60
1 2 4 62
8 2 4 80
1 2 4 82
6 2 5 81
5 2 7 83
5 2 6 81
8 2 4 87
5 2 6 86
6 2 6 88
4 2 11 54
1 2 11 90
1 2 6 89
5 2 5 89
6 2 4 97
8 2 13 97
4 2 7 96
1 2 6 97
7 2 9 97
5 2 5 96
8 2 7 95
7 2 4 96
8 2 4 99
7 2 3 5
1 2 7 6
1 2 3 7
2 2 3 24
6 2 6 25
8 2 3 25
6 2 5 27
5 2 3 30
8 2 11 32
2 2 18 32
8 2 3 32
8 2 10 31
4 2 10 30
5 2 11 29
7 2 14 29
5 2 9 31
3 2 6 31
3 2 3 37
5 2 21 55
2 2 12 37
3 2 6 36
2 2 8 35
8 2 11 38
8 2 7 35
6 2 3 50
8 2 3 64
5 2 7 63
7 2 3 81
1 2 3 89
4 2 4 89
5 2 5 64
7 2 3 89
4 2 3 95
7 2 6 94
3 2 4 90
8 2 2 19
1 2 12 18
4 2 13 94
3 2 5 19
5 2 2 26
4 2 4 27
2 2 12 26
1 2 2 28
7 2 2 45
1 2 2 59
2 2 7 60
3 2 8 61
5 2 6 61
7 2 2 67
6 2 11 67
3 2 17 67
7 2 4 67
6 2 9 68
7 2 15 67
5 2 9 69
5 2 6 69
2 2 14 68
2 2 3 68
8 2 2 73
6 2 2 81
4 2 3 80
5 2 11 81
8 2 10 81
8 2 15 82
2 2 2 85
7 2 15 84
1 2 3 86
8 2 1 3
1 2 2 4
2 2 8 2
4 2 8 3
1 2 10 2
7 2 11 1
8 2 1 5
4 2 1 7
8 2 4 7
6 2 4 9
4 2 3 9
4 2 1 14
6 2 5 13
1 2 7 12
4 2 1 20
7 2 1 19
1 2 1 18
5 2 4 18
1 2 1 25
2 2 1 36
7 2 8 35
3 2 7 35
6 2 6 35
1 2 6 36
7 2 6 37
4 2 13 38
7 2 1 43
1 2 10 42
1 2 1 50
4 2 2 50
2 2 2 50
5 2 1 56
1 2 1 57
2 2 5 56
2 2 1 73
8 2 1 76
2 2 5 75
2 2 3 76
1 2 1 88
4 2 5 87
4 2 1 92
3 2 1 91
7 2 8 90
5 2 7 92
2 2 5 92
6 2 4 93
6 2 1 93
7 2 1 95
1 2 19 17
8 2 18 17
1 3 28 38
1 3 26 18
4 3 25 38
6 3 25 46
4 2 24 46
3 3 25 67
6 3 24 55
8 3 23 10
6 3 23 62
2 3 23 66
4 3 22 24
5 3 22 38
5 3 21 46
1 3 21 55
6 3 21 56
5 3 20 10
4 3 20 17
2 3 20 34
1 3 20 100
1 3 19 71
5 3 19 77
1 3 18 48
7 3 18 66
7 3 20 66
2 3 19 65
2 3 18 68
5 3 18 87
2 3 16 2
7 3 16 24
8 3 16 25
3 3 16 88
5 3 15 3
5 3 15 9
7 3 15 33
4 3 15 68
2 3 15 81
4 3 14 23
5 3 14 32
1 3 14 43
5 3 14 58
4 3 13 35
5 3 13 48
6 2 13 48
5 2 20 47
7 3 12 5
6 3 12 44
3 3 12 46
4 3 17 47
6 3 12 46
1 3 12 55
6 3 12 83
1 3 11 16
8 3 11 82
4 3 10 81
6 3 10 92
1 3 9 33
3 3 8 16
4 3 8 95
7 2 15 94
4 3 7 21
1 3 7 38
6 2 16 38
1 3 7 56
4 2 13 55
4 3 16 57
5 3 7 58
2 3 12 58
8 3 7 71
4 2 6 71
6 2 5 71
2 3 7 73
5 3 7 78
8 2 6 78
5 3 6 1
1 3 6 15
8 2 8 14
1 3 6 43
8 2 8 42
6 2 6 44
7 3 6 82
2 2 6 83
1 3 5 65
1 3 5 69
1 2 9 70
4 3 4 1
4 3 4 83
7 3 10 82
1 3 3 17
1 2 15 17
5 2 15 17
6 2 5 16
1 2 24 19
2 3 3 55
6 3 3 77
3 2 3 78
1 2 7 78
2 3 15 76
5 2 14 76
3 3 3 93
4 3 2 35
8 2 2 34
2 3 2 62
1 2 5 62
6 3 2 62
8 2 3 62
7 2 11 64
8 3 2 90
3 2 6 90
8 3 1 9
8 2 2 9
5 2 1 10
5 2 3 11
2 2 6 12
4 3 11 9
7 2 11 10
6 3 1 26
3 2 1 25
5 2 2 24
2 2 4 23
5 3 11 27
1 3 11 28
8 3 14 29
5 3 7 22
8 3 9 23
3 2 8 23
1 3 1 39
6 2 5 38
5 2 9 38
2 2 4 38
3 2 3 40
1 2 2 39
3 2 11 41
2 2 12 42
4 3 2 41
2 2 3 40
4 3 1 48
2 2 5 47
7 3 11 47
6 2 10 47
7 3 10 46
5 2 11 48
5 3 1 58
8 2 1 57
6 3 10 60
5 2 15 59
6 2 15 59
7 3 3 60
2 3 1 57
8 3 26 1
2 4 27 53
7 4 24 65
3 2 23 65
5 4 22 91
8 4 21 29
8 4 20 1
1 4 20 18
2 4 18 70
6 4 18 84
7 4 18 91
3 4 16 32
4 4 16 88
8 4 14 41
3 4 13 13
7 4 13 65
4 4 12 5
1 3 12 5
4 2 11 6
8 4 12 14
8 4 11 44
8 4 10 3
1 4 10 24
1 4 10 87
8 4 9 70
8 4 9 74
5 4 9 76
1 4 8 7
3 2 9 6
4 4 13 8
8 4 8 34
2 4 8 97
1 4 7 27
2 2 7 27
7 2 6 28
5 4 7 86
4 4 6 57
3 4 16 56
3 4 6 57
2 2 5 57
8 4 6 91
7 4 5 29
4 2 11 28
5 4 5 96
1 4 4 19
2 2 11 18
3 4 4 38
1 3 8 39
1 4 6 37
5 2 5 37
4 3 5 37
4 4 7 39
7 4 4 42
8 2 7 41
5 2 3 42
7 2 10 43
4 4 4 65
3 2 10 64
7 4 4 83
2 2 6 83
1 2 6 82
7 2 7 82
4 4 3 4
2 2 3 4
8 2 5 5
4 4 2 6
1 4 2 48
5 4 2 49
3 2 2 48
3 2 3 47
6 3 3 46
7 2 3 45
3 2 2 45
4 4 2 67
1 2 3 66
8 3 2 66
5 2 3 69
6 2 7 65
5 4 1 2
1 2 1 2
6 5 18 54
8 2 17 55
1 5 15 44
1 5 13 10
7 2 12 10
8 5 13 14
7 5 13 31
8 5 12 91
1 5 11 51
5 5 10 24
4 5 9 26
7 5 9 30
8 5 8 13
1 5 8 45
6 5 8 88
3 2 7 88
4 2 6 88
3 5 7 80
2 5 6 16
5 5 14 18
4 2 15 18
2 5 6 24
5 5 6 40
4 2 7 41
5 5 6 55
8 2 9 56
5 5 6 89
3 5 4 9
5 5 10 7
1 5 4 27
5 2 3 27
2 2 3 29
2 2 6 29
6 2 7 29
1 5 4 46
8 5 4 57
6 2 3 57
2 2 2 57
1 5 6 59
7 5 4 79
2 5 4 87
7 5 3 10
4 2 4 9
5 2 4 9
1 2 3 11
3 2 2 11
5 2 3 12
8 5 3 13
7 2 3 14
5 5 3 73
5 2 6 74
5 5 2 17
3 5 2 24
4 2 1 24
5 2 2 24
4 5 2 77
7 3 2 76
8 2 6 77
3 4 2 75
4 3 1 75
4 5 2 90
2 2 2 90
1 2 2 89
2 5 1 97
6 2 1 98
7 4 7 97
6 2 6 97
7 5 6 97
3 6 16 20
7 6 14 5
3 6 11 43
7 6 9 48
5 6 9 65
8 2 11 64
8 2 12 64
2 2 11 64
7 6 9 84
8 2 10 84
2 6 10 84
6 6 7 1
8 6 6 54
8 3 10 54
8 4 16 53
8 6 3 10
7 6 3 36
8 2 3 38
1 2 13 36
5 6 3 93
8 2 1 94
4 2 1 93
7 6 1 99
5 2 2 98
2 2 2 97
3 2 1 98
8 3 1 98
1 7 16 53
3 7 8 94
5 7 7 71
2 7 7 77
1 7 4 31
4 2 6 33
6 2 10 32
6 4 11 34
2 7 4 35
2 7 4 68
6 7 3 6
6 6 2 7
4 2 2 7
2 3 1 8
6 2 3 7
2 3 13 6
2 5 5 7
6 2 4 7
3 7 1 2
4 8 10 77
7 8 6 15
1 2 5 16
5 8 4 4
2 2 3 4
3 9 6 53
1 9 5 89
4 2 4 90
5 9 3 34
1 10 7 28
6 10 5 31
3 2 6 32
7 10 2 62
1 3 1 63
8 2 1 63
6 12 12 66
7 12 2 44
5 13 9 51
7 2 6 54
1 2 8 51
6 13 3 5
3 14 5 35
8 2 4 35
3 14 5 38
5 2 4 41
4 2 5 42
1 2 5 42
2 16 8 58
8 17 7 93
6 2 5 93
2 2 4 94
3 4 5 94
4 2 3 94
3 19 2 64
5 2 2 64
8 2 3 63
2 2 2 63
7 2 1 64
7 2 6 66
5 20 6 17
8 2 8 17
8 2 4 17
1 2 7 18
2 2 5 16
3 2 3 17
6 2 7 19
5 4 10 18
