22157
4107
6 2 100 2
3 2 100 48
6 2 100 53
4 2 100 62
1 2 99 5
5 2 99 11
6 2 99 13
6 2 99 23
4 2 99 22
6 2 99 41
2 2 99 59
3 2 99 63
1 2 99 72
4 2 99 87
3 2 99 86
5 2 100 84
3 2 99 89
5 2 99 91
2 2 98 18
6 2 98 21
5 2 98 29
2 2 98 33
4 2 98 33
3 2 98 34
1 2 98 37
3 2 99 37
3 2 98 56
5 2 99 55
6 2 98 59
1 2 98 86
4 2 98 94
4 2 98 97
6 2 97 2
2 2 97 1
4 2 97 19
6 2 97 19
4 2 97 30
6 2 97 73
5 2 97 98
4 2 97 98
5 2 96 10
5 2 98 9
1 2 98 21
5 2 96 19
6 2 96 22
6 2 96 25
2 2 96 37
3 2 96 59
5 2 96 58
2 2 98 57
5 2 98 56
4 2 96 66
4 2 99 67
1 2 98 64
4 2 97 67
2 2 96 74
5 2 96 80
2 2 99 81
6 2 98 81
3 2 97 81
1 2 96 81
4 2 96 86
1 2 96 89
4 2 97 88
5 2 96 88
2 2 96 93
1 2 96 92
3 2 95 5
4 2 95 6
1 2 95 21
2 2 95 26
6 2 95 37
4 2 95 40
6 2 99 27
2 2 98 28
3 2 95 49
6 2 95 55
2 2 95 60
5 2 99 42
4 2 98 43
3 2 97 60
3 2 95 66
4 2 95 82
1 2 95 85
1 2 96 67
4 2 95 90
5 2 94 1
3 2 96 1
6 2 94 19
3 2 94 27
5 2 95 27
4 2 94 26
5 2 96 25
5 2 94 30
6 2 96 31
3 2 95 29
6 2 94 30
3 2 96 84
3 2 95 31
6 2 94 33
1 2 95 32
6 2 96 31
6 2 94 52
1 2 96 34
5 2 94 56
6 2 94 60
4 2 94 65
5 2 97 64
6 2 97 63
4 2 97 62
5 2 94 67
1 2 98 53
6 2 96 68
1 2 94 83
5 2 94 91
4 2 94 97
6 2 93 8
2 2 98 8
6 2 97 8
5 2 93 12
5 2 93 46
6 2 98 46
4 2 93 51
4 2 97 52
6 2 93 57
2 2 93 59
1 2 93 61
1 2 93 65
6 2 93 72
4 2 95 72
1 2 93 94
1 2 96 94
6 2 98 69
5 2 94 94
6 2 94 95
2 2 93 97
4 2 92 10
3 2 96 9
6 2 92 9
3 2 92 11
2 2 92 23
1 2 92 27
4 2 92 60
6 2 92 66
4 2 92 70
5 2 98 71
2 2 92 71
3 2 92 85
6 2 94 86
2 2 94 87
5 2 92 100
2 2 91 1
4 2 92 3
2 2 97 4
3 2 91 3
4 2 93 2
6 2 92 4
4 2 96 3
2 2 95 6
3 2 95 6
2 2 93 5
6 2 91 13
2 2 97 12
5 2 95 14
2 2 91 14
2 2 98 15
6 2 93 15
1 2 96 14
5 2 95 15
5 2 92 16
5 2 98 17
6 2 91 26
3 2 91 39
2 2 91 39
1 2 96 38
3 2 95 39
2 2 95 41
1 2 91 43
3 2 96 43
5 2 91 63
3 2 91 63
3 2 91 76
2 2 98 75
5 2 92 75
4 2 91 84
6 2 94 83
2 2 94 84
1 2 94 83
4 2 93 84
6 2 92 83
5 2 94 82
6 2 91 89
2 2 91 100
5 2 91 99
4 2 90 2
4 2 90 8
3 2 94 7
3 2 91 9
4 2 93 8
1 2 90 21
4 2 90 24
3 2 95 25
1 2 91 24
5 2 90 24
1 2 92 23
6 2 90 39
4 2 92 38
1 2 91 38
1 2 90 41
2 2 92 40
1 2 92 41
4 2 90 52
3 2 91 51
3 2 90 69
1 2 90 72
1 2 90 75
1 2 90 79
2 2 92 80
4 2 90 92
3 2 89 12
3 2 95 13
1 2 91 11
3 2 93 12
5 2 89 35
3 2 97 35
3 2 89 56
1 2 95 55
4 2 91 54
4 2 92 53
4 2 93 52
2 2 90 58
6 2 89 55
2 2 89 79
5 2 90 81
4 2 89 88
2 2 90 89
3 2 89 94
2 2 88 3
5 2 88 16
5 2 93 16
3 2 92 16
1 2 97 18
3 2 94 17
6 2 89 16
4 2 90 18
1 2 88 16
6 2 88 15
6 2 88 24
3 2 90 23
2 2 93 25
1 2 92 26
3 2 88 25
4 2 88 28
5 2 90 27
3 2 89 27
1 2 89 30
2 2 88 38
5 2 94 37
5 2 90 38
4 2 91 37
2 2 90 38
3 2 88 72
6 2 88 74
6 2 95 75
1 2 93 75
4 2 94 76
1 2 95 77
5 2 94 77
3 2 88 81
3 2 92 83
2 2 88 88
6 2 87 9
6 2 89 10
5 2 87 30
1 2 90 30
6 2 87 30
1 2 87 32
5 2 87 48
2 2 95 47
5 2 98 45
4 2 93 47
5 2 87 58
6 2 90 59
1 2 87 63
5 2 87 81
3 2 87 93
1 2 87 97
2 2 87 96
4 2 86 30
2 2 86 35
4 2 86 48
5 2 92 48
5 2 86 68
3 2 86 67
1 2 90 67
2 2 86 83
6 2 88 84
6 2 89 85
2 2 90 85
1 2 90 86
4 2 88 86
2 2 90 87
5 2 89 86
2 2 87 86
1 2 86 93
5 2 91 92
6 2 86 100
6 2 93 99
6 2 85 26
2 2 85 37
1 2 90 36
1 2 87 37
5 2 85 39
6 2 86 38
4 2 85 42
3 2 91 43
6 2 97 44
2 2 94 44
4 2 96 45
5 2 95 45
3 2 85 49
1 2 85 62
6 2 91 61
2 2 86 61
2 2 92 60
5 2 91 62
6 2 86 62
5 2 86 63
4 2 89 64
4 2 85 64
5 2 85 74
3 2 85 76
4 2 89 77
3 2 91 77
6 2 90 77
4 2 95 78
5 2 88 77
2 2 86 76
1 2 85 82
6 2 85 95
4 2 91 96
3 2 84 10
3 2 87 8
5 2 84 44
2 2 90 43
3 2 84 53
5 2 93 54
1 2 92 53
3 2 90 54
6 2 90 54
2 2 90 55
3 2 88 52
1 2 87 51
1 2 85 53
6 2 84 56
1 2 84 65
4 2 84 65
5 2 84 66
4 2 84 99
3 2 93 98
3 2 91 99
3 2 83 2
4 2 84 2
2 2 86 1
5 2 83 3
3 2 83 4
6 2 83 6
6 2 83 19
4 2 93 18
1 2 88 20
2 2 90 22
2 2 83 21
3 2 91 20
3 2 89 21
3 2 86 22
6 2 86 23
3 2 83 27
3 2 83 32
5 2 91 31
2 2 89 31
4 2 88 31
3 2 84 31
1 2 83 35
5 2 87 36
3 2 83 38
5 2 83 39
3 2 88 40
5 2 86 39
4 2 85 38
1 2 85 40
4 2 83 51
3 2 83 54
3 2 83 58
4 2 93 57
6 2 92 57
6 2 87 59
4 2 86 59
1 2 86 59
5 2 86 60
2 2 85 57
4 2 85 56
2 2 85 60
2 2 83 61
5 2 83 63
4 2 83 69
3 2 84 70
2 2 88 71
3 2 91 72
6 2 83 70
5 2 91 70
3 2 88 70
5 2 88 71
6 2 90 71
2 2 84 69
1 2 85 68
2 2 83 74
5 2 86 73
3 2 86 74
3 2 83 81
3 2 90 80
4 2 91 80
1 2 88 80
1 2 90 79
3 2 83 85
5 2 86 85
3 2 83 88
6 2 83 98
6 2 87 98
5 2 85 99
1 2 83 99
1 2 82 27
5 2 82 41
2 2 82 55
4 2 83 54
4 2 82 67
3 2 87 66
3 2 85 67
5 2 82 73
1 2 86 74
3 2 89 74
5 2 85 74
3 2 87 76
4 2 84 74
2 2 84 75
4 2 82 80
5 2 82 80
6 2 86 79
3 2 82 89
5 2 88 90
3 2 91 89
6 2 84 88
3 2 89 87
1 2 88 87
2 2 83 88
6 2 90 90
6 2 83 90
6 2 86 92
4 2 89 93
4 2 90 94
6 2 84 91
4 2 86 91
6 2 87 92
3 2 81 4
5 2 92 3
2 2 88 3
5 2 81 16
6 2 81 16
5 2 84 16
1 2 82 15
2 2 93 14
5 2 81 21
6 2 87 20
2 2 92 19
1 2 81 37
4 2 82 36
1 2 82 37
3 2 81 44
6 2 81 63
3 2 81 71
5 2 81 76
4 2 85 78
2 2 84 78
6 2 81 82
5 2 87 83
4 2 84 83
3 2 83 83
2 2 86 83
5 2 81 86
6 2 80 19
2 2 86 20
6 2 88 19
6 2 86 20
3 2 80 26
1 2 87 25
4 2 81 25
5 2 80 30
6 2 83 31
3 2 87 32
3 2 80 32
1 2 86 32
5 2 85 33
5 2 80 37
3 2 84 36
5 2 80 40
4 2 83 39
6 2 80 45
2 2 81 44
2 2 87 43
6 2 80 66
3 2 80 83
3 2 85 84
2 2 81 82
5 2 81 82
6 2 80 96
5 2 86 95
5 2 88 94
1 2 85 95
3 2 88 96
4 2 87 96
3 2 86 95
3 2 82 96
2 2 81 96
1 2 79 16
3 2 80 18
2 2 79 23
1 2 81 18
1 2 79 32
5 2 82 31
3 2 84 32
5 2 79 38
3 2 80 39
3 2 81 40
1 2 79 40
5 2 79 45
5 2 85 24
1 2 84 24
2 2 84 24
6 2 83 47
4 2 80 44
3 2 87 45
6 2 84 43
6 2 79 44
5 2 79 58
2 2 79 65
3 2 81 63
2 2 80 47
6 2 85 47
1 2 86 46
1 2 83 47
3 2 84 47
1 2 86 48
6 2 82 46
5 2 80 63
3 2 81 64
3 2 79 66
2 2 79 80
5 2 85 79
4 2 85 78
1 2 79 86
2 2 80 85
1 2 79 90
5 2 85 91
2 2 79 92
4 2 79 97
5 2 85 95
1 2 84 96
3 2 78 2
6 2 83 2
5 2 78 8
2 2 83 9
4 2 83 10
5 2 83 9
3 2 82 10
2 2 80 7
4 2 87 48
6 2 84 7
6 2 87 6
3 2 78 7
2 2 78 12
3 2 78 17
5 2 78 18
3 2 82 16
6 2 78 24
1 2 79 24
4 2 85 19
5 2 80 24
1 2 78 30
4 2 78 39
3 2 78 47
4 2 80 30
2 2 80 47
5 2 78 53
4 2 80 48
4 2 79 53
3 2 78 89
4 2 84 87
5 2 78 95
2 2 82 95
1 2 80 95
6 2 80 94
2 2 79 94
5 2 78 100
6 2 81 99
5 2 85 53
4 2 77 4
5 2 77 6
4 2 87 6
1 2 85 99
3 2 86 98
2 2 85 99
1 2 78 6
4 2 77 6
5 2 84 5
4 2 84 7
6 2 84 8
2 2 77 8
6 2 78 8
1 2 79 9
5 2 77 8
5 2 78 8
5 2 80 7
1 2 77 19
1 2 79 20
6 2 82 22
3 2 77 18
5 2 77 26
2 2 79 25
2 2 77 28
5 2 77 66
2 2 82 66
5 2 77 68
6 2 80 68
4 2 80 69
6 2 77 78
2 2 80 77
3 2 86 78
6 2 85 78
5 2 85 79
4 2 85 78
1 2 83 6
5 2 83 78
3 2 82 78
1 2 81 79
1 2 80 77
2 2 77 87
4 2 77 98
1 2 83 100
4 2 81 76
1 2 81 99
6 2 77 100
6 2 76 20
6 2 76 33
2 2 76 34
4 2 85 35
4 2 77 35
3 2 80 34
1 2 76 33
6 2 78 32
4 2 76 67
1 2 77 66
4 2 76 75
3 2 76 75
5 2 82 75
1 2 81 75
6 2 76 74
6 2 80 73
6 2 78 73
1 2 82 72
5 2 81 72
5 2 76 77
1 2 76 82
4 2 75 8
5 2 75 15
1 2 83 14
4 2 89 13
1 2 86 97
4 2 77 17
4 2 81 18
3 2 75 18
3 2 75 26
6 2 77 27
5 2 75 34
2 2 80 35
3 2 78 35
1 2 77 36
5 2 78 35
6 2 75 47
4 2 75 49
5 2 81 48
5 2 79 48
6 2 75 52
5 2 75 67
6 2 75 66
6 2 82 65
5 2 81 65
3 2 80 65
2 2 75 80
6 2 79 81
1 2 77 79
6 2 77 79
4 2 75 82
5 2 75 97
2 2 82 97
5 2 77 97
3 2 82 96
5 2 74 5
4 2 82 5
4 2 85 5
3 2 74 4
2 2 79 3
5 2 74 7
2 2 80 6
4 2 77 7
3 2 74 8
2 2 75 9
5 2 74 28
6 2 91 28
5 2 88 28
3 2 85 29
6 2 86 28
1 2 75 27
3 2 76 29
4 2 76 28
5 2 78 27
2 2 75 29
4 2 83 28
2 2 79 30
3 2 74 28
1 2 74 28
2 2 77 27
6 2 74 32
4 2 74 36
6 2 75 35
2 2 74 39
4 2 75 39
1 2 74 39
2 2 75 40
6 2 74 40
2 2 82 41
2 2 84 41
3 2 74 44
2 2 76 44
1 2 80 45
5 2 80 46
5 2 74 45
6 2 83 46
1 2 79 44
2 2 77 45
5 2 77 44
4 2 77 44
2 2 74 54
6 2 78 55
1 2 84 56
6 2 74 71
3 2 74 70
6 2 76 69
2 2 76 69
2 2 77 68
4 2 84 69
1 2 78 69
3 2 74 83
5 2 80 83
6 2 79 83
1 2 80 84
6 2 80 84
4 2 79 85
1 2 74 84
6 2 81 85
6 2 74 83
3 2 74 93
1 2 78 94
4 2 77 92
3 2 82 92
1 2 78 92
2 2 78 92
1 2 73 7
3 2 73 9
1 2 74 9
5 2 73 16
4 2 73 15
1 2 81 14
3 2 74 13
1 2 73 14
1 2 73 61
1 2 83 60
2 2 80 12
3 2 73 73
6 2 80 72
1 2 78 74
6 2 73 73
4 2 73 74
2 2 76 76
1 2 79 77
2 2 74 75
3 2 73 73
5 2 73 74
4 2 76 73
2 2 75 73
1 2 72 2
5 2 81 2
1 2 72 8
6 2 72 9
5 2 81 10
1 2 74 8
4 2 76 9
3 2 72 19
2 2 76 20
3 2 82 20
4 2 72 37
3 2 72 44
3 2 74 44
5 2 72 43
5 2 72 51
2 2 72 55
4 2 83 56
2 2 83 57
1 2 80 56
4 2 72 57
6 2 82 58
1 2 80 58
1 2 74 58
5 2 73 55
6 2 72 55
6 2 77 54
2 2 72 74
6 2 72 80
1 2 72 100
3 2 71 21
6 2 78 21
5 2 71 30
6 2 71 33
2 2 79 32
4 2 71 53
5 2 71 53
4 2 81 54
5 2 73 54
4 2 72 53
2 2 71 64
1 2 77 64
6 2 74 63
4 2 77 64
1 2 77 63
6 2 71 65
3 2 74 66
4 2 72 64
1 2 71 69
2 2 83 68
6 2 82 68
2 2 74 71
3 2 84 71
6 2 74 70
5 2 71 85
2 2 74 84
6 2 73 86
6 2 78 87
4 2 76 87
5 2 77 87
1 2 78 86
4 2 77 88
2 2 76 87
1 2 76 88
4 2 70 1
2 2 70 14
3 2 70 13
1 2 87 61
6 2 80 12
6 2 70 21
4 2 75 20
4 2 76 21
5 2 86 22
2 2 77 23
4 2 85 22
2 2 75 22
1 2 71 20
5 2 72 20
3 2 71 21
2 2 70 30
5 2 71 30
3 2 76 31
1 2 72 30
4 2 70 39
1 2 70 44
1 2 70 53
3 2 70 62
3 2 77 60
1 2 76 60
1 2 79 61
6 2 79 60
3 2 76 62
6 2 75 60
4 2 72 61
5 2 70 69
4 2 70 70
1 2 72 71
2 2 70 100
4 2 69 8
6 2 69 18
3 2 69 29
3 2 70 30
5 2 69 36
2 2 76 38
3 2 75 38
6 2 76 37
3 2 71 34
2 2 69 39
6 2 71 39
1 2 69 42
3 2 75 42
4 2 75 41
2 2 73 41
5 2 84 43
3 2 83 43
3 2 78 42
5 2 78 42
4 2 76 43
6 2 69 49
5 2 69 64
2 2 70 64
6 2 69 65
5 2 69 70
4 2 74 71
1 2 77 70
3 2 72 70
3 2 76 70
2 2 69 73
1 2 69 75
5 2 76 76
1 2 75 76
3 2 74 76
1 2 69 82
1 2 69 85
4 2 69 94
2 2 81 93
5 2 75 94
2 2 78 96
4 2 76 95
3 2 75 93
2 2 74 94
6 2 69 100
2 2 74 99
1 2 68 18
2 2 75 18
3 2 68 26
1 2 73 25
6 2 75 23
6 2 74 25
2 2 74 24
6 2 72 25
1 2 68 31
2 2 70 31
1 2 70 31
5 2 69 32
2 2 68 32
3 2 71 30
5 2 72 29
1 2 68 37
2 2 72 37
5 2 68 44
3 2 68 45
4 2 71 46
2 2 69 45
6 2 69 46
6 2 70 47
4 2 72 46
6 2 72 47
1 2 78 48
1 2 68 51
4 2 68 51
2 2 69 52
5 2 72 51
3 2 68 58
2 2 68 60
3 2 68 76
3 2 68 92
1 2 73 91
6 2 69 93
1 2 68 93
5 2 73 94
6 2 73 95
5 2 76 96
5 2 69 94
3 2 68 100
2 2 67 1
5 2 69 2
2 2 78 1
3 2 72 4
2 2 69 2
6 2 67 3
1 2 79 3
5 2 74 2
1 2 76 2
6 2 73 3
4 2 74 3
2 2 67 4
6 2 67 19
5 2 67 25
3 2 75 24
1 2 71 24
3 2 70 24
4 2 71 25
4 2 72 24
5 2 67 28
1 2 67 46
4 2 69 45
5 2 67 46
3 2 69 45
6 2 67 56
6 2 76 56
5 2 74 57
6 2 67 58
5 2 78 59
5 2 70 58
5 2 67 72
6 2 67 73
4 2 70 72
3 2 68 72
4 2 68 73
3 2 67 73
1 2 67 83
2 2 76 81
4 2 67 89
4 2 82 90
1 2 76 89
5 2 74 88
3 2 81 90
3 2 79 89
6 2 75 87
3 2 75 86
1 2 73 88
6 2 78 89
1 2 80 91
2 2 80 90
2 2 77 90
1 2 74 87
6 2 66 9
4 2 69 9
3 2 66 21
5 2 70 22
5 2 69 20
6 2 70 19
4 2 68 20
6 2 66 22
5 2 73 23
2 2 68 23
4 2 69 24
3 2 67 22
1 2 70 23
4 2 67 23
3 2 66 30
4 2 67 30
5 2 66 31
3 2 66 40
6 2 66 51
5 2 66 54
3 2 73 54
2 2 73 54
6 2 71 54
2 2 66 67
6 2 68 68
3 2 66 69
3 2 67 68
2 2 67 67
4 2 66 76
1 2 67 75
5 2 66 84
3 2 66 88
3 2 71 88
4 2 69 87
4 2 71 88
6 2 66 88
5 2 75 89
1 2 66 91
1 2 68 90
4 2 66 90
2 2 66 92
5 2 66 93
1 2 65 6
2 2 65 5
5 2 76 6
2 2 69 4
6 2 70 5
6 2 69 3
2 2 67 5
1 2 73 3
4 2 72 4
3 2 65 9
2 2 67 9
4 2 67 10
6 2 67 11
3 2 84 11
5 2 70 11
1 2 82 12
4 2 74 12
3 2 65 13
4 2 65 34
6 2 65 36
2 2 65 51
3 2 65 63
2 2 73 62
6 2 68 62
6 2 69 63
1 2 65 71
3 2 65 75
4 2 65 79
2 2 68 80
3 2 65 93
4 2 74 92
6 2 65 98
6 2 81 97
1 2 76 97
5 2 79 98
3 2 72 97
2 2 72 96
2 2 73 95
4 2 72 99
1 2 67 96
5 2 71 95
5 2 66 96
5 2 64 1
3 2 64 1
3 2 64 4
2 2 64 11
2 2 64 31
3 2 64 41
4 2 74 42
4 2 81 41
4 2 64 55
5 2 72 56
3 2 71 57
3 2 75 56
2 2 73 56
5 2 70 55
2 2 64 55
1 2 65 57
5 2 67 57
2 2 77 58
4 2 65 57
3 2 69 56
5 2 64 64
2 2 64 84
2 2 67 83
4 2 70 84
4 2 74 85
5 2 69 85
2 2 64 87
2 2 64 100
4 2 63 5
6 2 73 3
1 2 67 6
1 2 69 7
5 2 68 7
1 2 71 7
3 2 67 7
6 2 68 6
1 2 65 5
6 2 64 6
2 2 63 7
3 2 63 11
6 2 75 10
4 2 69 11
1 2 63 10
5 2 63 15
1 2 72 16
3 2 63 16
6 2 63 17
3 2 66 16
2 2 65 17
4 2 64 17
1 2 63 19
4 2 65 20
3 2 64 19
3 2 72 18
4 2 63 19
4 2 63 24
5 2 66 23
1 2 63 56
6 2 63 57
5 2 67 57
2 2 63 68
4 2 63 74
6 2 63 91
4 2 70 92
2 2 63 96
5 2 62 11
1 2 64 10
4 2 62 22
5 2 65 21
6 2 62 21
1 2 63 23
6 2 64 23
5 2 62 34
2 2 64 35
2 2 73 34
3 2 71 34
6 2 68 34
2 2 62 36
1 2 62 36
2 2 70 35
4 2 70 36
1 2 69 36
6 2 63 36
5 2 67 35
6 2 68 35
4 2 62 42
4 2 67 44
5 2 64 43
6 2 72 42
3 2 81 41
1 2 62 51
1 2 62 57
4 2 62 61
1 2 62 60
1 2 63 61
1 2 62 64
1 2 70 65
3 2 69 66
6 2 74 67
4 2 62 66
5 2 62 73
1 2 65 73
1 2 62 74
2 2 64 75
6 2 62 78
6 2 73 77
6 2 72 79
4 2 70 78
6 2 69 78
6 2 66 77
5 2 65 77
6 2 63 78
2 2 62 79
3 2 62 78
6 2 62 82
2 2 61 8
2 2 65 7
2 2 61 15
4 2 71 15
4 2 73 14
3 2 70 15
5 2 68 14
6 2 71 12
2 2 69 15
5 2 64 14
1 2 64 14
1 2 65 15
4 2 63 14
3 2 63 13
2 2 61 21
2 2 61 31
3 2 61 38
2 2 61 42
6 2 67 41
6 2 64 42
5 2 68 40
2 2 68 42
6 2 61 46
5 2 61 46
2 2 61 52
4 2 61 54
5 2 65 53
1 2 61 72
6 2 61 71
5 2 70 71
2 2 70 70
4 2 65 71
2 2 65 71
3 2 61 74
1 2 61 78
5 2 68 77
3 2 67 78
5 2 67 78
2 2 61 90
3 2 62 91
6 2 61 89
3 2 66 88
2 2 60 5
1 2 72 4
3 2 65 4
3 2 62 5
2 2 60 11
3 2 62 10
3 2 60 16
3 2 60 19
4 2 60 18
5 2 62 17
5 2 62 20
1 2 69 19
5 2 61 18
3 2 61 19
6 2 61 20
3 2 60 26
2 2 60 28
2 2 73 27
3 2 69 27
2 2 72 29
5 2 65 29
5 2 60 32
5 2 79 33
3 2 60 45
1 2 67 45
3 2 60 55
1 2 67 56
4 2 60 56
4 2 61 57
3 2 60 60
4 2 69 61
3 2 65 59
1 2 60 62
5 2 61 63
3 2 63 64
4 2 61 64
3 2 60 70
2 2 60 69
4 2 60 76
4 2 60 89
2 2 65 89
6 2 69 89
5 2 63 89
5 2 61 89
2 2 68 91
2 2 66 90
1 2 60 89
2 2 60 100
5 2 67 100
1 2 62 100
6 2 59 6
3 2 61 7
5 2 60 5
3 2 59 10
2 2 59 22
5 2 59 29
3 2 59 31
6 2 64 31
2 2 64 30
6 2 59 32
5 2 59 34
6 2 61 35
1 2 59 44
1 2 59 54
1 2 61 54
1 2 64 53
6 2 59 56
3 2 59 57
3 2 63 58
6 2 59 57
6 2 59 66
1 2 59 79
2 2 59 84
6 2 67 85
4 2 62 85
4 2 63 84
6 2 63 86
1 2 60 86
5 2 59 93
6 2 58 10
3 2 58 29
1 2 75 28
6 2 65 28
4 2 58 35
3 2 58 35
4 2 58 59
4 2 58 69
6 2 58 74
5 2 60 73
3 2 58 76
1 2 58 76
2 2 58 75
6 2 61 74
3 2 61 76
5 2 58 79
4 2 58 80
2 2 69 79
3 2 69 80
1 2 69 80
4 2 73 80
5 2 58 84
3 2 69 83
5 2 58 96
3 2 60 97
1 2 58 99
2 2 74 98
4 2 68 98
3 2 74 99
4 2 66 99
5 2 68 98
5 2 66 99
4 2 57 10
3 2 65 9
6 2 57 9
1 2 64 8
5 2 57 28
5 2 72 27
4 2 71 27
1 2 64 27
6 2 59 30
6 2 61 31
4 2 60 31
3 2 57 37
4 2 67 39
2 2 68 38
5 2 66 39
3 2 63 38
4 2 63 37
4 2 64 38
5 2 62 39
5 2 57 42
2 2 60 42
2 2 57 43
6 2 57 48
6 2 57 51
2 2 57 71
6 2 57 72
4 2 57 83
3 2 60 83
1 2 67 83
3 2 57 84
2 2 60 84
1 2 57 87
6 2 59 86
3 2 57 88
2 2 57 95
1 2 58 94
5 2 57 99
1 2 64 98
1 2 67 97
5 2 61 98
4 2 66 97
1 2 61 99
4 2 56 1
2 2 72 2
3 2 71 2
6 2 70 2
1 2 58 1
3 2 67 3
5 2 60 2
1 2 60 1
2 2 65 2
2 2 56 14
1 2 60 13
6 2 68 12
5 2 58 14
6 2 56 13
6 2 63 12
2 2 62 13
2 2 56 30
6 2 58 29
4 2 56 44
4 2 57 43
4 2 60 42
6 2 68 41
2 2 56 46
2 2 61 46
6 2 57 45
1 2 57 46
3 2 56 48
4 2 56 77
1 2 56 82
2 2 58 83
2 2 62 84
1 2 58 84
5 2 56 92
4 2 60 91
3 2 60 92
2 2 56 93
3 2 57 94
2 2 55 2
3 2 62 1
3 2 55 3
6 2 58 2
2 2 55 7
4 2 63 8
4 2 55 16
4 2 65 15
2 2 56 16
3 2 55 17
4 2 57 17
4 2 55 19
2 2 60 18
3 2 55 24
6 2 58 23
1 2 60 22
5 2 55 27
4 2 56 26
6 2 72 25
1 2 59 25
4 2 55 33
6 2 63 33
3 2 57 33
2 2 56 33
1 2 66 32
3 2 58 33
4 2 58 32
4 2 66 33
5 2 55 35
3 2 55 53
2 2 58 53
1 2 55 68
5 2 55 70
5 2 55 76
5 2 55 86
3 2 55 97
5 2 58 98
5 2 59 99
5 2 54 29
1 2 58 31
6 2 54 28
2 2 54 34
4 2 54 39
4 2 54 61
4 2 58 62
5 2 54 66
3 2 65 67
1 2 57 66
5 2 55 66
5 2 61 66
3 2 54 65
6 2 54 70
1 2 57 69
6 2 54 83
2 2 61 83
6 2 57 83
5 2 54 92
4 2 54 99
4 2 57 100
3 2 53 5
6 2 59 4
1 2 56 5
4 2 53 5
5 2 56 4
4 2 53 8
3 2 53 16
5 2 56 15
1 2 53 18
6 2 53 44
1 2 55 43
3 2 53 51
6 2 53 62
6 2 73 62
4 2 62 62
1 2 61 63
5 2 53 61
5 2 66 62
3 2 65 62
4 2 53 62
5 2 53 64
2 2 63 63
1 2 53 90
3 2 59 89
6 2 53 94
5 2 55 95
6 2 62 94
5 2 52 7
6 2 52 6
1 2 52 14
5 2 52 14
5 2 58 13
4 2 52 58
3 2 52 80
1 2 52 99
2 2 57 13
6 2 61 98
4 2 51 1
5 2 55 1
4 2 53 2
6 2 51 19
4 2 57 19
3 2 52 19
5 2 59 20
3 2 57 20
2 2 51 30
3 2 53 31
4 2 54 30
3 2 51 35
1 2 51 47
2 2 51 47
5 2 55 46
3 2 65 47
1 2 73 13
3 2 51 60
1 2 54 60
4 2 54 61
2 2 51 64
4 2 51 67
1 2 60 67
6 2 51 67
6 2 53 66
4 2 51 73
5 2 54 72
1 2 56 70
6 2 55 70
2 2 61 69
2 2 57 69
2 2 51 78
5 2 51 97
4 2 54 96
2 2 61 97
3 2 60 98
3 2 50 7
6 2 50 21
1 2 57 22
4 2 50 28
6 2 59 29
4 2 50 32
5 2 54 31
5 2 50 40
1 2 67 40
2 2 54 39
3 2 57 40
1 2 63 42
3 2 53 39
4 2 61 40
2 2 59 40
3 2 58 40
4 2 57 38
6 2 50 65
4 2 50 81
3 2 60 81
5 2 66 80
5 2 64 81
6 2 69 81
4 2 64 81
5 2 52 82
5 2 56 80
5 2 68 79
4 2 55 82
2 2 55 82
6 2 50 93
4 2 50 96
5 2 52 95
1 2 49 12
3 2 57 11
4 2 74 12
1 2 49 37
2 2 53 37
4 2 52 36
6 2 49 44
1 2 52 43
4 2 58 42
3 2 54 42
6 2 51 43
4 2 51 44
3 2 56 43
4 2 49 59
4 2 54 57
2 2 58 56
5 2 58 55
2 2 55 55
2 2 62 54
4 2 55 55
6 2 53 58
3 2 55 58
5 2 56 57
1 2 55 57
5 2 49 58
1 2 53 59
3 2 49 63
4 2 54 64
3 2 57 65
3 2 49 77
6 2 53 77
2 2 54 78
3 2 52 77
5 2 49 82
5 2 51 82
6 2 51 83
5 2 54 84
5 2 52 83
3 2 52 84
1 2 51 84
4 2 51 84
2 2 56 86
1 2 49 83
5 2 49 86
1 2 49 86
4 2 51 86
6 2 50 86
1 2 49 93
1 2 62 92
3 2 49 98
2 2 55 99
5 2 50 99
1 2 50 99
5 2 48 9
5 2 48 12
4 2 51 11
5 2 51 12
1 2 50 11
6 2 50 10
3 2 49 12
1 2 55 11
5 2 48 37
1 2 56 38
2 2 51 37
6 2 48 36
4 2 48 47
4 2 57 47
2 2 57 47
3 2 73 48
4 2 66 49
3 2 61 49
2 2 58 49
2 2 66 49
2 2 50 46
5 2 57 47
3 2 57 48
6 2 55 46
3 2 49 46
2 2 48 48
3 2 48 58
4 2 48 64
3 2 48 69
4 2 59 70
3 2 52 69
2 2 65 49
4 2 55 69
4 2 52 69
5 2 51 69
6 2 51 69
5 2 48 69
6 2 50 68
6 2 53 70
2 2 48 69
4 2 48 77
6 2 49 76
6 2 48 82
2 2 48 86
4 2 52 85
3 2 51 86
6 2 51 86
4 2 52 87
2 2 53 87
1 2 50 87
3 2 48 87
5 2 48 94
4 2 49 94
2 2 48 96
1 2 49 95
5 2 47 3
2 2 52 2
2 2 51 3
1 2 55 3
6 2 51 2
6 2 50 4
4 2 47 4
5 2 57 68
5 2 59 3
2 2 47 7
4 2 50 6
1 2 49 7
3 2 57 7
6 2 56 8
6 2 48 8
6 2 55 7
1 2 49 8
2 2 49 7
5 2 49 9
6 2 47 9
2 2 47 10
5 2 47 14
3 2 48 15
3 2 49 16
1 2 51 17
2 2 47 13
1 2 47 18
6 2 52 20
2 2 47 23
2 2 54 24
3 2 57 25
6 2 51 23
4 2 51 22
2 2 47 37
1 2 47 40
5 2 53 41
4 2 52 41
5 2 51 39
6 2 50 39
1 2 50 41
5 2 51 43
3 2 49 41
2 2 47 42
5 2 47 44
1 2 48 44
6 2 47 56
3 2 54 55
5 2 53 56
6 2 52 55
2 2 52 57
1 2 50 56
4 2 49 56
5 2 54 55
5 2 47 55
3 2 49 57
6 2 47 58
2 2 47 63
5 2 53 63
3 2 48 62
6 2 47 65
1 2 61 65
3 2 50 66
2 2 47 77
6 2 47 78
1 2 54 79
2 2 51 65
5 2 51 64
4 2 48 79
1 2 47 90
6 2 53 89
4 2 52 79
3 2 50 89
2 2 48 91
1 2 46 15
6 2 49 15
2 2 50 15
5 2 46 39
2 2 46 45
1 2 52 91
5 2 54 90
4 2 53 45
3 2 53 91
4 2 54 92
5 2 46 46
2 2 46 72
4 2 56 71
2 2 52 73
2 2 50 72
4 2 52 90
1 2 51 72
4 2 50 72
6 2 56 71
2 2 53 71
2 2 50 72
5 2 46 78
5 2 46 84
3 2 49 83
3 2 46 92
1 2 47 94
5 2 46 94
3 2 46 95
2 2 46 96
2 2 50 97
5 2 45 14
1 2 45 27
1 2 56 26
4 2 53 26
1 2 45 30
3 2 49 30
5 2 49 31
3 2 46 31
4 2 45 32
3 2 47 31
5 2 54 32
3 2 56 72
6 2 55 34
2 2 47 33
6 2 45 46
4 2 45 63
2 2 45 75
1 2 46 33
1 2 53 74
2 2 54 73
2 2 53 74
1 2 45 93
4 2 46 92
5 2 44 6
4 2 45 5
3 2 44 5
5 2 49 4
1 2 58 3
3 2 47 4
5 2 44 9
1 2 46 11
1 2 45 9
4 2 52 8
1 2 51 8
4 2 44 18
6 2 47 18
5 2 51 17
3 2 44 24
3 2 44 55
2 2 45 54
6 2 46 53
3 2 45 54
5 2 50 53
1 2 45 55
6 2 44 54
2 2 48 54
4 2 44 55
6 2 44 64
3 2 44 73
5 2 51 73
6 2 50 71
6 2 50 74
6 2 48 73
6 2 44 78
4 2 56 79
5 2 45 78
6 2 44 87
2 2 43 10
1 2 46 9
4 2 45 9
4 2 45 11
1 2 45 10
4 2 43 9
3 2 43 10
3 2 43 15
6 2 43 16
3 2 44 18
2 2 45 17
1 2 44 17
6 2 48 17
1 2 47 18
2 2 46 16
5 2 47 17
5 2 43 24
1 2 61 33
5 2 43 52
4 2 55 51
3 2 43 59
6 2 50 61
6 2 48 60
2 2 43 63
3 2 43 71
3 2 51 69
4 2 43 77
6 2 43 79
1 2 43 83
3 2 47 82
3 2 42 7
3 2 42 12
1 2 42 14
1 2 42 25
6 2 62 25
5 2 42 33
6 2 47 34
3 2 46 34
2 2 44 34
2 2 46 35
3 2 43 25
2 2 49 35
2 2 43 31
4 2 43 30
3 2 43 30
3 2 43 34
2 2 49 34
3 2 49 33
6 2 42 51
6 2 77 51
2 2 58 26
6 2 42 54
1 2 42 53
5 2 42 54
3 2 52 53
4 2 42 88
3 2 46 89
5 2 53 89
3 2 50 88
4 2 49 88
6 2 44 89
6 2 51 90
3 2 42 88
2 2 42 100
2 2 47 98
6 2 41 2
6 2 53 2
3 2 43 3
6 2 43 3
3 2 47 2
4 2 41 6
2 2 41 16
6 2 41 22
2 2 42 24
1 2 54 23
5 2 46 24
6 2 53 25
4 2 45 24
2 2 41 22
1 2 44 21
4 2 55 20
1 2 41 23
6 2 43 22
4 2 52 21
1 2 51 21
3 2 41 36
5 2 41 49
4 2 54 48
3 2 41 56
6 2 43 57
5 2 41 68
1 2 47 67
3 2 45 67
6 2 43 68
4 2 60 67
4 2 41 71
5 2 44 70
5 2 42 72
3 2 41 73
6 2 57 73
5 2 41 78
2 2 41 81
1 2 41 90
1 2 49 89
2 2 48 90
3 2 50 90
6 2 46 90
1 2 45 90
5 2 41 93
6 2 40 3
4 2 46 4
3 2 42 2
1 2 42 3
5 2 45 2
2 2 44 4
1 2 40 7
2 2 50 7
5 2 40 23
4 2 50 22
6 2 50 21
5 2 50 22
2 2 40 30
1 2 41 30
6 2 40 30
6 2 40 35
1 2 45 34
4 2 43 34
6 2 40 57
2 2 42 58
1 2 40 74
6 2 40 87
2 2 43 85
3 2 48 84
2 2 44 85
2 2 46 84
3 2 52 85
5 2 51 85
5 2 43 84
1 2 43 85
5 2 40 88
2 2 42 87
3 2 47 88
4 2 45 88
2 2 42 90
1 2 42 91
6 2 41 88
5 2 39 2
4 2 39 13
5 2 41 12
2 2 40 12
6 2 41 14
3 2 41 14
3 2 39 22
6 2 39 33
1 2 44 34
6 2 44 35
4 2 39 35
6 2 40 34
2 2 55 33
4 2 54 33
3 2 54 34
5 2 44 33
5 2 39 36
3 2 39 41
4 2 41 40
6 2 43 41
6 2 50 42
5 2 39 45
4 2 43 45
5 2 53 44
4 2 39 47
4 2 41 46
6 2 41 47
1 2 50 47
4 2 42 47
1 2 52 48
5 2 43 46
4 2 48 47
1 2 41 47
5 2 39 54
3 2 39 97
6 2 55 97
5 2 44 95
3 2 43 96
1 2 38 1
4 2 38 2
3 2 39 1
2 2 38 1
5 2 38 15
2 2 38 20
1 2 38 33
1 2 44 32
3 2 42 34
4 2 39 32
4 2 38 38
4 2 38 45
6 2 51 45
6 2 40 44
6 2 41 43
1 2 38 46
6 2 38 47
2 2 39 47
4 2 42 48
5 2 38 58
5 2 62 59
6 2 38 67
2 2 38 74
6 2 47 75
6 2 49 74
6 2 44 73
5 2 38 74
3 2 38 73
3 2 44 75
3 2 41 74
4 2 43 74
3 2 46 75
2 2 38 80
4 2 40 79
3 2 44 80
2 2 38 83
4 2 48 81
3 2 43 82
6 2 38 83
3 2 38 94
6 2 40 94
6 2 41 93
3 2 38 100
4 2 46 99
6 2 46 99
4 2 40 99
4 2 42 98
5 2 41 99
3 2 37 15
6 2 37 15
5 2 37 53
4 2 37 55
3 2 37 58
4 2 40 59
1 2 51 60
4 2 37 58
4 2 36 10
2 2 36 12
4 2 54 12
2 2 44 11
3 2 42 13
6 2 38 12
2 2 38 11
5 2 38 13
1 2 44 13
5 2 43 13
1 2 36 13
2 2 44 13
6 2 36 12
5 2 36 17
5 2 43 17
5 2 36 30
1 2 37 31
2 2 36 30
2 2 36 48
6 2 38 48
5 2 36 73
6 2 36 74
1 2 44 75
2 2 43 75
5 2 42 75
4 2 39 75
1 2 39 75
5 2 39 76
5 2 41 75
6 2 38 73
1 2 41 72
3 2 46 71
3 2 38 75
4 2 36 75
4 2 39 74
2 2 37 77
2 2 36 82
5 2 36 83
6 2 42 84
6 2 40 84
4 2 36 86
1 2 38 87
2 2 36 89
1 2 37 90
3 2 52 91
2 2 36 97
4 2 53 98
5 2 45 97
3 2 35 4
5 2 36 3
6 2 41 4
5 2 44 5
5 2 49 7
6 2 36 3
5 2 35 6
3 2 43 5
3 2 48 6
5 2 35 35
3 2 37 34
2 2 37 35
3 2 36 37
4 2 44 39
1 2 46 39
2 2 46 38
4 2 43 37
6 2 42 38
1 2 41 38
4 2 41 37
1 2 43 39
1 2 41 38
3 2 42 39
1 2 39 39
1 2 48 40
2 2 35 42
4 2 40 43
6 2 43 42
6 2 39 43
1 2 35 62
4 2 42 61
4 2 47 60
4 2 41 62
5 2 41 63
2 2 52 65
1 2 37 63
3 2 42 62
2 2 35 63
1 2 41 64
4 2 43 65
5 2 34 15
4 2 42 17
5 2 36 14
6 2 40 13
5 2 34 22
5 2 37 21
2 2 37 23
1 2 35 23
4 2 45 22
2 2 45 22
2 2 34 26
2 2 40 26
1 2 43 28
5 2 39 27
6 2 38 26
2 2 58 27
2 2 56 25
6 2 39 25
4 2 34 30
3 2 35 29
6 2 41 28
1 2 34 44
6 2 34 57
2 2 34 58
5 2 34 59
3 2 38 60
1 2 40 61
3 2 34 67
2 2 45 65
4 2 41 66
6 2 49 67
5 2 44 65
4 2 43 66
1 2 40 68
1 2 48 70
4 2 39 66
1 2 34 69
4 2 43 69
6 2 34 76
1 2 34 86
4 2 38 85
2 2 37 85
6 2 36 85
6 2 33 23
2 2 33 44
4 2 35 45
6 2 33 46
3 2 33 46
1 2 47 45
5 2 33 48
4 2 33 51
6 2 57 52
3 2 55 52
1 2 51 52
4 2 33 54
4 2 45 53
4 2 43 54
1 2 42 54
1 2 36 53
2 2 33 66
5 2 39 65
3 2 42 64
1 2 38 65
5 2 33 79
6 2 38 78
6 2 33 79
1 2 34 78
3 2 33 79
5 2 33 82
6 2 38 81
3 2 34 81
6 2 33 81
6 2 33 84
1 2 33 94
4 2 46 93
1 2 47 93
1 2 37 93
2 2 45 93
5 2 40 94
1 2 39 92
4 2 51 91
5 2 50 91
5 2 35 94
6 2 41 94
4 2 45 95
3 2 32 3
6 2 37 2
2 2 32 31
6 2 32 34
4 2 32 34
2 2 35 34
6 2 34 35
2 2 32 38
6 2 40 38
3 2 39 38
3 2 32 44
6 2 32 49
1 2 34 48
1 2 32 48
4 2 32 86
4 2 32 89
5 2 33 88
4 2 33 88
6 2 32 90
3 2 34 91
3 2 32 98
4 2 37 98
5 2 37 99
3 2 38 98
2 2 36 98
4 2 36 100
6 2 37 99
2 2 34 99
5 2 31 4
5 2 33 4
1 2 31 4
4 2 31 6
5 2 38 5
1 2 33 5
2 2 40 6
6 2 38 6
6 2 40 7
3 2 45 8
2 2 44 8
3 2 39 7
2 2 36 5
5 2 31 30
4 2 39 31
4 2 31 55
3 2 31 69
1 2 31 83
3 2 32 82
2 2 31 90
6 2 31 98
3 2 30 38
6 2 36 37
3 2 39 37
4 2 31 38
6 2 30 57
5 2 30 64
2 2 38 64
6 2 37 65
2 2 35 64
1 2 29 7
3 2 31 8
1 2 37 9
5 2 36 9
3 2 36 10
6 2 30 8
4 2 34 8
3 2 34 9
5 2 37 11
6 2 36 11
1 2 35 11
3 2 29 7
5 2 29 8
1 2 29 23
5 2 36 23
5 2 38 22
1 2 46 21
2 2 46 20
3 2 46 19
4 2 46 22
1 2 37 23
5 2 45 22
6 2 35 22
2 2 30 22
3 2 35 23
4 2 31 23
2 2 32 23
2 2 29 25
5 2 38 26
3 2 52 51
1 2 44 25
2 2 32 27
5 2 38 27
6 2 29 24
1 2 34 26
5 2 29 29
3 2 36 29
1 2 39 28
5 2 32 25
1 2 30 30
1 2 32 31
6 2 29 31
6 2 29 55
3 2 29 61
6 2 35 28
1 2 36 27
4 2 35 63
1 2 29 69
4 2 33 68
4 2 29 71
2 2 35 70
4 2 35 72
4 2 30 69
2 2 35 72
2 2 29 74
6 2 30 76
5 2 29 76
2 2 29 88
5 2 31 89
1 2 37 69
3 2 37 90
6 2 51 91
1 2 39 90
1 2 36 88
3 2 28 5
4 2 28 6
2 2 28 7
2 2 29 6
4 2 28 25
2 2 31 25
4 2 29 25
5 2 28 26
6 2 28 39
5 2 39 40
2 2 39 41
1 2 38 41
4 2 28 40
3 2 37 41
1 2 29 41
3 2 28 41
2 2 43 40
4 2 42 40
1 2 29 42
1 2 47 42
6 2 28 42
2 2 34 42
3 2 33 42
1 2 43 41
6 2 34 42
6 2 28 57
2 2 28 80
3 2 29 82
2 2 29 83
1 2 32 84
2 2 30 84
5 2 29 84
1 2 28 89
5 2 34 89
5 2 27 8
1 2 34 9
6 2 27 26
1 2 41 27
1 2 31 25
3 2 27 32
2 2 34 31
6 2 33 31
4 2 33 33
5 2 32 32
1 2 27 74
1 2 32 74
4 2 31 74
4 2 27 79
5 2 27 83
1 2 27 83
4 2 30 82
1 2 30 81
5 2 34 80
4 2 28 83
5 2 27 86
6 2 27 85
5 2 36 87
3 2 35 87
1 2 29 87
1 2 27 86
2 2 27 95
4 2 35 94
2 2 34 94
4 2 39 93
3 2 29 96
6 2 40 96
6 2 43 97
5 2 28 94
1 2 35 93
3 2 32 95
1 2 45 96
3 2 26 7
3 2 26 34
3 2 26 41
5 2 43 40
6 2 42 40
1 2 34 40
5 2 28 41
6 2 26 47
6 2 52 91
5 2 33 46
6 2 28 46
1 2 30 45
3 2 41 44
4 2 26 65
4 2 36 64
2 2 26 91
1 2 39 91
3 2 34 90
5 2 26 99
1 2 27 98
1 2 42 97
3 2 33 98
2 2 38 99
1 2 31 98
6 2 29 97
3 2 28 97
4 2 28 98
4 2 29 97
1 2 32 97
3 2 25 11
2 2 28 9
2 2 28 12
2 2 30 12
5 2 31 11
3 2 31 14
1 2 30 14
1 2 32 14
1 2 28 12
6 2 31 14
2 2 26 11
2 2 41 10
5 2 30 11
6 2 25 12
6 2 29 11
5 2 33 10
3 2 28 13
6 2 28 12
2 2 25 23
1 2 25 29
1 2 35 28
3 2 40 27
2 2 31 28
6 2 30 28
1 2 37 28
1 2 27 29
4 2 46 28
1 2 49 27
4 2 37 28
6 2 25 28
4 2 30 27
4 2 25 34
5 2 31 33
1 2 25 40
2 2 27 39
1 2 25 47
2 2 25 64
3 2 27 65
3 2 32 64
2 2 29 48
4 2 28 49
2 2 25 71
3 2 35 71
6 2 37 70
6 2 35 70
1 2 35 70
4 2 34 70
5 2 33 66
5 2 33 70
5 2 36 70
5 2 24 15
2 2 26 14
4 2 27 15
3 2 25 15
1 2 25 87
4 2 24 18
4 2 35 16
5 2 36 18
5 2 26 19
3 2 28 19
4 2 24 31
2 2 26 30
6 2 25 31
2 2 28 21
2 2 33 21
6 2 24 34
6 2 24 51
1 2 34 51
4 2 35 52
4 2 29 32
2 2 28 32
4 2 24 68
6 2 31 67
3 2 25 70
3 2 32 71
1 2 33 71
3 2 24 68
4 2 31 67
1 2 24 67
2 2 25 68
5 2 25 67
6 2 24 71
1 2 24 70
1 2 24 81
3 2 24 83
3 2 24 92
5 2 30 91
4 2 24 91
6 2 34 92
3 2 33 92
3 2 24 90
1 2 23 15
2 2 23 42
1 2 23 43
3 2 24 44
3 2 29 45
6 2 30 44
1 2 23 59
4 2 26 58
1 2 37 60
2 2 34 59
6 2 38 51
4 2 38 52
1 2 33 59
2 2 41 61
1 2 29 60
2 2 39 59
6 2 30 59
2 2 26 61
6 2 35 62
2 2 29 59
4 2 35 61
4 2 36 59
2 2 32 59
5 2 31 59
5 2 25 59
1 2 28 59
3 2 38 59
4 2 37 59
5 2 29 58
6 2 42 59
1 2 30 58
6 2 25 58
3 2 36 59
1 2 35 59
2 2 35 59
6 2 33 57
1 2 34 57
3 2 34 56
2 2 33 56
6 2 32 56
3 2 26 59
4 2 27 58
6 2 23 64
2 2 25 64
1 2 32 65
5 2 23 66
1 2 26 65
3 2 26 65
4 2 24 65
3 2 23 70
2 2 27 69
3 2 23 79
1 2 30 79
3 2 37 78
5 2 36 79
6 2 27 79
6 2 34 78
5 2 34 80
2 2 23 85
6 2 26 86
2 2 23 93
6 2 23 96
1 2 25 95
4 2 23 97
1 2 25 99
4 2 29 99
2 2 28 100
6 2 26 98
6 2 23 100
3 2 22 4
5 2 29 3
1 2 31 3
2 2 29 3
1 2 27 5
5 2 22 18
4 2 39 20
1 2 22 30
3 2 22 33
1 2 22 49
3 2 26 49
6 2 22 61
1 2 42 62
4 2 22 68
6 2 22 81
5 2 22 82
3 2 25 83
5 2 22 88
3 2 25 87
2 2 22 100
6 2 21 19
3 2 36 18
1 2 35 18
2 2 21 26
5 2 34 25
3 2 42 62
4 2 34 26
1 2 44 25
2 2 31 25
6 2 30 26
2 2 23 25
5 2 24 24
6 2 21 26
2 2 38 25
5 2 21 52
1 2 44 27
6 2 32 53
5 2 30 51
1 2 26 51
4 2 25 52
1 2 30 52
2 2 31 51
3 2 28 51
5 2 27 53
5 2 23 53
3 2 23 54
3 2 36 53
6 2 21 75
1 2 32 75
4 2 25 75
4 2 31 76
5 2 24 75
2 2 25 76
3 2 21 84
3 2 25 84
6 2 21 93
4 2 32 94
4 2 30 93
3 2 29 92
2 2 24 93
3 2 44 92
6 2 20 1
3 2 26 2
6 2 29 2
2 2 20 2
1 2 23 1
4 2 20 3
4 2 20 5
3 2 20 6
5 2 31 5
3 2 30 6
4 2 22 8
4 2 20 8
2 2 22 7
6 2 27 6
1 2 32 6
3 2 22 6
2 2 21 10
4 2 21 10
6 2 22 9
4 2 20 17
2 2 34 16
3 2 33 16
1 2 24 17
5 2 20 29
3 2 20 40
1 2 22 39
5 2 35 38
4 2 26 38
1 2 31 37
4 2 24 39
1 2 28 38
3 2 21 40
6 2 20 42
2 2 24 41
3 2 20 53
3 2 30 51
1 2 25 54
5 2 24 52
5 2 27 51
6 2 26 51
4 2 25 52
2 2 21 55
5 2 22 56
4 2 20 61
1 2 29 56
2 2 26 61
5 2 32 62
6 2 20 65
1 2 20 65
1 2 23 63
4 2 24 64
6 2 20 79
1 2 20 80
4 2 20 79
5 2 25 77
5 2 20 78
1 2 20 84
6 2 22 83
6 2 20 89
6 2 20 97
4 2 25 96
4 2 20 97
3 2 19 10
1 2 23 9
1 2 23 84
1 2 22 12
3 2 21 9
1 2 20 11
4 2 19 23
3 2 25 12
4 2 23 24
5 2 19 23
3 2 19 61
2 2 22 62
1 2 26 61
6 2 25 62
1 2 19 62
2 2 32 62
5 2 23 64
5 2 19 64
3 2 22 65
4 2 19 64
4 2 19 67
2 2 19 80
4 2 26 61
5 2 27 60
3 2 24 81
4 2 18 4
6 2 24 3
3 2 24 4
6 2 19 4
2 2 22 3
2 2 19 83
2 2 20 83
5 2 20 85
5 2 27 85
6 2 18 15
6 2 18 24
2 2 18 26
4 2 23 4
4 2 19 25
3 2 18 47
6 2 25 46
3 2 26 25
5 2 24 46
6 2 18 55
1 2 18 54
6 2 21 56
2 2 19 53
2 2 18 57
6 2 21 54
5 2 29 54
5 2 24 54
3 2 18 64
6 2 18 69
5 2 22 70
5 2 19 70
3 2 27 71
2 2 28 72
3 2 25 57
1 2 25 58
4 2 24 59
5 2 27 72
6 2 22 72
4 2 28 59
4 2 23 72
3 2 22 72
4 2 18 73
3 2 18 81
5 2 17 2
6 2 26 1
5 2 18 98
4 2 20 99
2 2 19 99
3 2 17 5
1 2 17 8
2 2 20 9
4 2 17 15
5 2 22 15
2 2 23 16
4 2 33 1
1 2 32 17
2 2 17 23
6 2 21 22
4 2 36 21
5 2 17 38
5 2 30 39
6 2 20 37
1 2 17 40
5 2 17 43
1 2 37 15
3 2 27 44
4 2 17 48
5 2 21 47
3 2 27 46
2 2 26 44
3 2 28 44
5 2 27 44
4 2 29 44
3 2 27 48
1 2 26 48
4 2 40 45
3 2 26 47
2 2 17 55
6 2 17 54
1 2 17 61
5 2 21 63
5 2 17 72
4 2 17 74
1 2 20 73
4 2 21 74
6 2 28 73
5 2 17 79
4 2 18 78
1 2 22 55
6 2 19 77
1 2 18 80
2 2 17 94
1 2 21 93
3 2 22 92
6 2 22 93
5 2 17 95
1 2 18 95
3 2 24 77
6 2 17 95
1 2 16 5
4 2 16 8
4 2 17 96
3 2 18 95
2 2 16 11
5 2 24 11
5 2 16 11
1 2 19 7
6 2 16 15
4 2 23 12
6 2 16 17
6 2 26 17
3 2 33 15
5 2 16 19
5 2 17 20
1 2 17 21
6 2 16 32
5 2 18 33
2 2 19 31
1 2 18 31
6 2 18 31
2 2 20 30
6 2 16 48
5 2 16 55
2 2 16 62
5 2 22 34
5 2 26 35
3 2 25 33
1 2 24 33
3 2 24 61
3 2 22 35
4 2 21 36
3 2 30 36
4 2 29 36
5 2 30 36
2 2 18 63
6 2 16 61
3 2 16 70
5 2 16 74
5 2 16 85
3 2 19 86
5 2 16 92
6 2 18 91
4 2 20 91
6 2 28 90
4 2 25 91
4 2 30 37
5 2 19 90
3 2 15 8
5 2 17 8
1 2 15 10
6 2 15 10
4 2 19 11
3 2 19 89
6 2 29 88
3 2 18 12
1 2 15 17
1 2 31 12
2 2 24 17
6 2 19 17
3 2 31 18
6 2 22 16
4 2 31 16
2 2 15 24
1 2 16 25
6 2 15 25
1 2 18 27
2 2 19 28
5 2 20 16
6 2 15 29
2 2 26 28
4 2 16 28
6 2 16 27
1 2 15 30
4 2 16 28
3 2 18 30
4 2 15 35
6 2 22 35
4 2 18 34
2 2 15 39
1 2 19 27
6 2 15 43
4 2 21 43
6 2 20 43
2 2 23 45
1 2 24 38
6 2 24 44
5 2 19 44
4 2 21 43
1 2 19 44
4 2 15 44
5 2 15 48
6 2 15 53
5 2 16 48
4 2 16 54
4 2 15 81
4 2 15 85
6 2 15 85
5 2 19 86
2 2 25 87
2 2 16 86
4 2 16 87
3 2 15 88
6 2 14 1
2 2 14 15
2 2 14 17
6 2 31 16
4 2 18 17
6 2 37 18
2 2 29 19
5 2 34 19
2 2 14 37
4 2 27 36
5 2 19 36
4 2 18 36
2 2 24 35
3 2 14 49
5 2 14 52
3 2 18 51
4 2 17 51
5 2 14 61
2 2 14 61
4 2 14 66
6 2 21 65
2 2 17 51
5 2 16 66
4 2 14 79
6 2 14 97
4 2 19 97
1 2 18 67
5 2 13 18
5 2 19 96
6 2 20 97
4 2 21 98
3 2 14 18
5 2 21 18
5 2 18 18
2 2 21 17
5 2 13 20
2 2 15 22
6 2 14 22
5 2 16 22
5 2 22 24
4 2 16 21
4 2 17 22
1 2 13 22
4 2 13 25
4 2 15 25
6 2 13 27
5 2 13 32
2 2 22 33
2 2 19 32
3 2 13 34
2 2 18 33
1 2 15 36
1 2 16 36
5 2 15 35
4 2 13 54
1 2 27 53
4 2 13 58
5 2 16 59
4 2 13 60
2 2 13 68
2 2 26 67
6 2 20 67
6 2 18 67
4 2 32 19
3 2 27 66
4 2 19 66
3 2 20 67
3 2 13 78
2 2 17 77
1 2 13 77
4 2 13 96
3 2 15 95
5 2 20 68
6 2 12 3
5 2 19 4
3 2 29 96
4 2 18 4
5 2 17 4
1 2 13 4
1 2 12 58
2 2 12 65
3 2 12 74
5 2 26 65
3 2 17 74
6 2 15 74
6 2 12 75
2 2 12 79
3 2 12 81
2 2 12 90
1 2 13 82
4 2 20 84
6 2 13 89
5 2 11 4
6 2 28 5
2 2 11 6
5 2 11 16
2 2 11 17
1 2 28 16
3 2 19 18
4 2 12 18
6 2 11 34
1 2 11 37
5 2 22 36
3 2 21 37
4 2 13 38
5 2 12 37
6 2 11 42
4 2 12 41
5 2 27 40
5 2 18 42
1 2 28 43
2 2 28 44
1 2 11 61
6 2 11 83
4 2 11 83
3 2 14 84
1 2 11 93
4 2 12 93
1 2 32 92
6 2 15 92
5 2 18 93
4 2 19 94
1 2 14 92
6 2 14 94
2 2 11 93
1 2 14 93
1 2 10 6
3 2 13 6
4 2 13 7
5 2 12 6
6 2 14 7
2 2 10 8
4 2 10 37
3 2 10 46
3 2 10 49
2 2 10 66
1 2 10 71
3 2 13 70
6 2 16 69
3 2 33 81
1 2 15 69
6 2 14 69
1 2 13 69
2 2 14 71
1 2 10 74
2 2 10 81
6 2 21 81
3 2 10 92
5 2 10 91
5 2 11 90
5 2 20 89
2 2 17 67
2 2 10 97
4 2 10 99
5 2 10 100
1 2 9 1
4 2 15 2
1 2 9 3
1 2 11 2
4 2 9 10
5 2 18 12
6 2 9 21
5 2 9 24
1 2 21 22
6 2 9 28
1 2 9 39
3 2 9 38
5 2 9 40
4 2 9 60
5 2 9 59
4 2 17 58
6 2 9 65
6 2 16 64
4 2 9 82
4 2 9 87
1 2 9 92
3 2 8 13
3 2 9 12
6 2 11 12
5 2 19 13
3 2 9 100
3 2 15 100
3 2 11 99
6 2 19 99
1 2 8 22
3 2 13 21
5 2 21 13
6 2 8 23
2 2 10 24
5 2 17 23
6 2 9 24
6 2 8 32
3 2 8 35
2 2 16 35
1 2 15 35
6 2 14 34
1 2 12 34
5 2 11 34
2 2 11 34
4 2 12 33
5 2 12 35
1 2 17 36
3 2 11 33
4 2 8 40
4 2 8 51
3 2 8 64
4 2 8 84
5 2 8 85
1 2 9 84
6 2 11 86
1 2 10 83
5 2 9 83
6 2 8 99
6 2 7 11
2 2 15 12
4 2 20 13
5 2 8 12
1 2 14 13
3 2 14 14
2 2 7 16
1 2 12 17
3 2 22 20
5 2 27 19
1 2 23 19
2 2 22 19
3 2 7 17
4 2 25 16
4 2 7 53
4 2 11 52
5 2 25 16
6 2 16 51
6 2 12 51
6 2 10 54
5 2 7 59
1 2 7 66
1 2 14 66
3 2 8 66
6 2 14 65
1 2 9 68
1 2 7 78
2 2 20 77
4 2 19 77
6 2 13 80
3 2 10 79
1 2 13 78
5 2 16 76
2 2 26 75
1 2 10 80
3 2 7 82
1 2 8 81
1 2 7 83
4 2 7 87
1 2 13 86
4 2 23 85
5 2 11 86
1 2 15 88
6 2 21 89
4 2 18 88
3 2 7 99
5 2 13 98
4 2 12 98
3 2 12 99
5 2 12 99
4 2 11 100
6 2 6 16
3 2 15 15
1 2 14 16
3 2 10 16
6 2 13 15
5 2 6 25
2 2 6 28
5 2 8 27
6 2 13 27
5 2 12 27
1 2 8 26
1 2 6 58
5 2 6 63
6 2 6 73
2 2 7 73
3 2 17 72
5 2 12 74
4 2 6 76
1 2 15 77
2 2 15 77
3 2 14 77
2 2 18 76
2 2 6 76
1 2 12 75
2 2 6 81
3 2 6 91
5 2 25 90
2 2 11 91
2 2 14 90
6 2 13 90
2 2 6 100
5 2 5 3
6 2 10 2
6 2 6 2
1 2 18 2
5 2 17 1
6 2 5 8
2 2 5 7
3 2 9 6
6 2 7 8
5 2 5 23
5 2 5 27
2 2 5 31
3 2 9 31
2 2 5 49
4 2 5 51
6 2 5 63
4 2 32 51
6 2 31 51
2 2 6 64
2 2 22 65
4 2 21 65
4 2 5 64
6 2 5 65
2 2 5 66
3 2 5 68
3 2 5 81
5 2 4 7
2 2 4 26
4 2 8 25
4 2 6 26
2 2 6 26
6 2 5 25
1 2 5 27
1 2 4 28
4 2 8 29
5 2 4 36
1 2 7 37
6 2 10 38
2 2 23 38
6 2 11 38
6 2 4 51
3 2 4 65
4 2 9 65
1 2 9 65
2 2 8 65
6 2 4 70
5 2 4 83
6 2 4 94
2 2 11 95
3 2 3 6
5 2 6 5
3 2 10 4
4 2 6 7
1 2 19 8
2 2 10 9
4 2 9 9
3 2 10 9
6 2 3 14
6 2 16 13
1 2 10 14
5 2 7 14
3 2 9 15
6 2 3 26
1 2 3 25
3 2 3 53
2 2 31 52
3 2 16 54
6 2 18 53
4 2 3 56
5 2 12 54
1 2 3 66
3 2 5 66
1 2 3 81
6 2 3 81
2 2 33 62
5 2 32 62
4 2 3 83
6 2 9 85
3 2 5 84
4 2 4 84
2 2 2 12
4 2 9 11
3 2 2 24
4 2 6 23
5 2 6 22
4 2 2 25
2 2 2 46
1 2 24 45
3 2 6 46
1 2 20 46
6 2 33 45
2 2 15 47
6 2 33 80
5 2 22 46
3 2 21 46
4 2 21 47
1 2 2 49
6 2 3 48
5 2 5 47
3 2 4 47
2 2 18 46
2 2 19 46
4 2 2 53
4 2 6 54
2 2 7 54
3 2 4 54
3 2 15 55
5 2 8 55
1 2 13 57
5 2 11 57
5 2 9 56
2 2 17 56
6 2 18 56
4 2 8 56
1 2 7 56
3 2 11 56
4 2 2 64
6 2 6 63
1 2 14 62
6 2 2 63
2 2 4 62
1 2 16 61
3 2 2 67
2 2 3 68
5 2 6 68
3 2 14 68
6 2 30 67
3 2 2 72
4 2 5 73
5 2 17 74
5 2 4 73
5 2 3 71
6 2 2 75
3 2 8 77
5 2 5 77
5 2 4 75
6 2 4 76
3 2 18 77
5 2 2 78
3 2 6 79
2 2 16 78
2 2 2 84
1 2 2 88
1 2 9 89
4 2 10 90
2 2 8 89
2 2 18 89
3 2 5 88
6 2 18 87
2 2 6 90
6 2 7 90
4 2 6 91
2 2 5 88
4 2 2 89
6 2 2 90
2 2 7 91
5 2 27 92
1 2 1 10
6 2 15 9
5 2 1 22
2 2 9 22
5 2 1 30
5 2 13 31
2 2 1 40
3 2 20 39
5 2 20 39
6 2 20 40
1 2 2 41
4 2 1 41
6 2 5 40
5 2 1 42
3 2 19 44
3 2 17 43
2 2 1 43
2 2 15 44
4 2 11 44
2 2 8 44
2 2 10 45
6 2 16 46
4 2 11 46
4 2 7 43
3 2 4 44
1 2 12 44
1 2 1 47
5 2 1 46
1 2 11 47
2 2 4 47
1 2 5 47
1 2 2 45
5 2 5 47
6 2 5 48
6 2 6 44
5 2 1 49
4 2 7 47
4 3 51 1
6 3 47 1
1 2 46 1
5 3 38 49
4 3 38 80
3 3 37 51
2 3 35 53
2 3 38 53
2 3 33 51
1 3 32 52
3 3 31 13
1 3 31 97
6 3 30 21
1 3 30 43
1 3 30 92
3 3 29 37
3 3 29 69
1 2 29 68
6 3 29 76
2 3 29 88
2 3 28 28
3 2 27 28
5 3 28 36
3 3 28 52
4 3 29 51
5 3 28 97
3 3 27 14
2 3 27 24
4 3 27 58
1 3 27 80
2 3 26 53
5 3 25 3
3 3 25 36
3 3 24 13
6 3 24 19
5 3 24 24
1 3 24 77
1 3 24 91
1 3 24 98
5 3 23 53
3 3 23 75
1 3 22 1
2 2 21 1
1 2 20 1
5 3 22 10
5 3 22 27
1 3 22 30
6 3 22 60
5 3 21 15
2 3 21 33
4 3 21 58
1 3 21 63
2 3 21 69
6 3 21 71
6 3 20 36
5 3 22 35
6 3 20 49
6 2 31 48
3 3 20 55
2 3 20 67
1 3 20 70
6 3 19 27
1 3 20 28
1 3 19 85
2 3 19 88
2 3 18 57
5 3 18 100
5 3 17 43
2 2 23 42
4 3 16 29
1 3 16 55
2 3 16 58
5 3 16 82
2 3 16 85
3 3 16 86
2 3 24 87
6 3 16 95
5 3 14 4
2 3 14 16
4 3 14 39
5 3 14 66
4 3 14 76
1 3 14 92
4 3 13 36
5 3 13 73
3 3 13 75
2 3 12 18
1 3 12 56
3 2 17 57
2 3 11 10
1 3 11 27
3 3 11 29
5 2 12 29
3 3 10 2
6 3 9 22
5 2 8 22
6 3 22 21
2 3 25 20
1 2 24 20
2 3 24 20
2 3 31 19
3 3 9 97
1 3 18 96
2 3 8 99
1 3 7 19
4 2 8 20
4 3 7 23
4 2 14 24
6 2 13 24
2 3 6 28
3 3 6 53
3 2 9 52
5 2 28 51
4 3 11 52
5 3 15 52
1 2 20 51
3 2 27 51
1 3 24 51
5 3 19 51
4 3 6 72
2 3 5 1
3 3 6 2
1 3 5 9
6 3 6 10
5 3 10 11
3 2 21 12
1 2 20 12
3 3 13 11
3 3 14 11
2 3 6 11
5 3 5 32
3 2 4 33
4 2 7 34
4 3 5 68
5 2 8 67
3 2 5 68
2 2 11 70
5 3 5 98
6 3 4 3
1 2 6 2
4 3 4 38
1 3 3 1
4 3 3 29
6 2 11 29
3 2 11 30
3 3 3 62
2 2 2 62
4 2 12 61
4 3 16 63
3 3 6 60
2 2 5 60
4 3 3 93
1 2 8 94
3 3 15 96
3 3 30 95
4 3 27 95
1 3 2 25
3 3 2 51
2 2 10 51
1 3 2 90
6 3 2 96
3 3 25 96
4 3 5 96
1 2 8 96
3 3 1 4
6 2 2 5
5 2 4 6
6 2 3 7
4 2 5 6
2 2 4 6
6 2 4 5
6 3 17 5
6 3 10 8
5 3 16 9
6 2 15 9
5 3 1 11
3 3 9 13
2 3 4 9
3 3 1 31
6 2 1 30
4 3 1 38
5 4 34 41
5 4 28 32
2 4 28 48
5 2 28 49
3 4 28 73
1 4 27 14
4 4 26 62
2 4 25 19
6 2 24 19
5 4 30 20
2 4 25 37
2 4 25 60
1 4 25 61
5 4 24 19
3 2 25 20
4 4 24 29
2 4 24 92
6 4 22 78
5 4 21 55
6 4 21 76
5 4 20 67
3 4 20 72
4 2 19 72
1 4 19 72
3 4 19 91
6 4 18 43
6 4 18 81
2 3 24 80
2 4 23 82
2 4 20 80
3 2 18 80
1 2 18 80
1 4 17 34
2 4 17 63
3 4 14 19
1 2 18 21
5 3 20 19
1 3 16 19
4 4 17 18
1 4 14 45
6 4 14 66
2 4 13 36
2 4 13 49
4 2 12 49
4 2 13 49
2 4 13 79
3 4 13 85
5 4 12 32
4 2 11 32
3 4 12 31
1 2 11 31
2 4 12 68
3 4 15 67
3 4 12 70
5 4 12 91
2 3 15 92
2 3 12 91
2 4 10 14
2 4 10 20
2 4 9 68
4 2 8 68
5 4 8 49
6 2 8 49
1 4 8 64
2 3 13 63
3 2 12 63
4 4 8 90
6 3 8 89
1 2 9 88
3 4 8 99
5 4 8 100
4 4 7 56
5 2 6 56
1 3 19 57
1 3 13 56
3 3 13 57
5 2 12 57
4 4 17 55
4 4 9 56
3 4 7 55
5 4 7 94
2 2 8 93
4 2 9 94
1 4 6 45
5 2 5 45
5 4 6 47
3 2 5 47
3 2 5 49
2 2 4 49
5 2 3 49
1 2 3 48
6 2 4 48
4 4 6 46
1 4 6 54
3 2 5 54
4 4 6 81
3 3 24 82
1 4 6 86
2 4 5 80
1 4 8 81
4 4 4 33
3 4 2 31
4 2 8 30
3 4 2 40
1 4 3 42
5 2 24 43
1 4 13 43
2 4 9 40
3 4 2 62
5 2 9 61
6 3 15 59
2 4 2 75
3 2 9 75
4 2 2 77
5 2 8 76
3 4 16 74
3 4 8 77
4 3 22 78
4 4 4 78
3 4 2 92
3 2 6 95
5 2 5 96
2 4 1 6
6 3 7 6
6 2 12 5
6 4 2 7
1 4 1 13
3 3 14 12
3 3 11 13
6 4 1 33
5 4 6 35
2 2 6 36
3 4 1 36
2 2 3 35
1 2 1 36
3 2 1 36
1 2 5 35
3 2 3 34
3 2 4 36
4 5 22 73
5 5 20 22
3 2 20 21
4 5 20 97
3 5 19 32
1 5 18 48
1 5 17 18
2 5 17 33
4 5 17 76
6 5 17 96
5 5 16 96
6 5 16 98
6 5 15 41
4 2 17 40
6 5 18 41
6 5 15 67
4 5 14 52
6 4 16 51
5 5 19 51
1 5 13 3
3 2 10 4
4 3 14 3
1 5 13 66
5 2 12 66
2 5 11 44
3 5 10 35
3 5 9 54
5 5 8 70
6 5 7 44
5 2 8 44
6 5 7 57
2 2 6 57
4 2 14 58
1 5 6 3
6 2 6 3
1 5 6 91
5 5 5 17
6 2 9 18
2 2 12 19
3 2 8 18
5 2 8 18
4 2 9 19
1 2 10 20
6 4 8 18
1 5 5 88
6 3 5 87
6 5 5 92
2 2 4 94
4 2 3 93
5 2 2 93
1 2 5 94
2 2 5 95
6 2 4 95
3 5 6 91
1 5 4 38
1 3 8 39
1 5 3 95
3 5 2 4
4 5 1 8
3 2 1 7
4 2 2 9
5 2 1 9
5 5 3 10
1 6 25 29
5 6 20 40
5 6 19 72
6 6 17 27
3 6 15 52
4 6 15 82
1 2 16 82
2 2 15 82
4 6 13 42
4 6 13 48
2 6 12 82
3 6 11 16
2 3 20 15
2 4 17 16
5 6 11 29
2 2 10 29
3 6 11 68
4 2 10 70
4 6 10 40
1 2 11 40
1 6 8 42
3 3 7 42
2 2 8 42
1 6 5 24
4 2 4 24
5 3 12 26
5 5 15 27
6 6 5 78
6 2 12 77
5 6 4 80
3 2 2 81
1 6 3 60
6 4 11 62
3 5 8 58
3 6 3 59
4 2 7 58
6 6 7 58
2 5 11 60
5 6 1 1
2 2 1 4
2 7 14 94
4 2 13 94
1 7 12 78
4 7 10 22
4 7 9 10
5 7 9 24
6 7 9 37
2 7 7 58
1 7 4 12
5 2 3 12
3 2 4 13
3 7 3 74
4 2 3 73
6 4 15 72
3 7 2 96
2 7 1 23
3 3 3 28
1 8 11 26
1 8 11 29
5 2 10 29
3 8 9 45
4 8 7 95
4 8 6 92
5 2 8 92
3 2 12 94
1 8 4 28
6 2 4 29
3 3 4 28
5 2 3 28
4 2 4 27
2 3 3 27
4 8 2 30
2 3 2 30
3 2 1 30
1 9 10 51
5 9 9 60
3 9 7 65
4 9 7 83
6 2 6 83
3 9 6 85
4 9 6 89
1 9 2 32
1 10 13 5
6 10 12 53
2 10 10 67
5 2 9 68
3 10 4 39
5 2 2 40
2 2 3 39
6 2 3 41
5 10 4 88
3 2 2 89
6 10 2 80
1 2 3 84
5 7 2 81
5 11 7 57
1 2 6 59
4 2 5 59
6 11 6 47
3 11 3 80
2 2 2 82
2 2 3 79
2 12 8 64
4 2 7 67
6 12 5 86
3 2 3 88
6 12 3 35
2 2 1 37
1 2 1 39
4 3 3 34
5 2 2 34
3 14 8 59
1 14 7 74
2 14 4 41
5 2 5 43
3 2 5 42
4 2 5 41
3 15 12 77
5 15 10 76
1 2 5 79
5 16 11 68
5 17 11 20
3 17 6 91
6 2 5 91
6 2 5 93
2 17 4 8
5 17 4 85
5 19 1 39
3 2 3 42
1 20 2 35
4 2 3 37
2 21 2 72
3 2 2 77
4 3 3 75
6 2 2 77
1 2 2 77
6 3 2 74
6 23 15 13
3 2 12 16
1 2 11 16
2 2 14 13
2 23 8 50
4 2 4 51
5 2 5 51
1 23 6 94
6 2 2 95
2 2 6 97
6 23 5 67
2 2 6 71
4 2 5 69
5 2 5 74
2 2 4 67
2 2 6 69
1 3 5 71
5 3 4 68
1 2 3 68
6 2 2 68
1 2 2 67
3 2 3 66
5 23 3 60
1 2 3 66
1 2 2 63
6 2 2 65
5 2 6 61
4 3 4 61
6 23 2 32
4 2 3 32
3 2 4 32
2 3 2 32
5 2 1 32
4 23 1 41
1 2 1 41
6 3 1 40
6 28 2 50
1 2 2 56
4 44 6 11
2 2 3 14
5 2 6 11
2 3 5 15
6 2 4 15
5 3 2 14
2 2 2 14
4 44 4 1
5 3 3 6
2 3 2 3
3 50 5 21
4 2 1 25
1 2 5 20
6 2 6 19
3 2 7 20
2 3 6 19
1 2 6 19
2 2 6 19
6 3 37 1
