1925
184
5 2 25 8
7 2 25 17
6 2 25 19
2 2 24 1
4 2 24 3
1 2 24 8
3 2 24 10
6 2 24 11
1 2 22 5
3 2 24 5
2 2 19 2
5 2 19 4
6 2 19 6
5 2 20 6
5 2 19 24
2 2 20 24
7 2 18 18
2 2 22 25
3 2 21 18
5 2 21 25
8 2 21 24
8 2 17 1
8 2 17 10
7 2 22 9
6 2 19 10
2 2 19 11
7 2 23 12
2 2 17 10
6 2 17 20
3 2 16 17
1 2 20 16
4 2 19 16
1 2 18 17
2 2 14 12
8 2 14 23
2 2 13 16
5 2 15 15
2 2 22 15
3 2 19 17
7 2 12 11
6 2 11 11
1 2 9 1
6 2 8 7
8 2 11 8
5 2 15 8
8 2 9 7
5 2 7 1
7 2 11 2
1 2 6 10
5 2 17 9
5 2 12 9
3 2 7 9
5 2 6 14
3 2 15 13
3 2 13 14
7 2 13 15
8 2 17 16
3 2 16 15
4 2 15 16
7 2 6 17
5 2 13 16
5 2 12 18
3 2 8 16
8 2 10 16
5 2 10 17
3 2 6 17
2 2 6 21
4 2 7 20
5 2 5 1
4 2 16 3
7 2 5 3
6 2 4 1
8 2 19 2
7 2 4 12
3 2 3 5
2 2 12 4
5 2 3 16
3 2 2 19
4 2 18 20
6 2 1 5
1 2 1 4
1 2 1 19
1 2 6 19
2 2 20 14
2 3 19 21
3 3 17 13
4 3 15 12
6 3 14 11
2 3 13 9
1 3 12 19
8 3 16 18
8 3 13 19
4 3 12 25
7 3 10 21
1 3 9 2
7 3 16 3
5 3 8 1
3 3 8 6
8 3 15 5
4 3 8 12
7 3 14 13
7 3 7 13
2 3 5 10
3 2 5 9
7 3 5 14
6 3 9 9
6 3 3 14
1 3 3 16
1 3 3 19
6 2 3 19
7 3 5 20
5 3 5 20
1 3 2 4
8 2 7 4
8 3 9 3
2 3 2 8
8 2 16 7
1 3 11 13
5 3 2 9
6 3 2 16
4 3 2 23
6 2 17 22
1 2 13 24
8 3 13 8
1 3 13 22
8 3 3 23
6 2 11 23
4 2 16 22
5 4 14 14
7 4 10 24
6 4 9 8
7 4 5 1
6 4 6 1
7 4 5 20
8 3 4 20
4 4 1 5
1 3 12 7
1 3 9 6
4 3 6 6
4 4 9 7
5 4 9 7
8 5 6 21
5 2 6 21
4 2 5 21
6 5 4 17
4 2 3 17
7 5 2 21
5 2 3 20
6 6 7 18
1 2 7 18
8 6 10 14
2 2 9 14
7 2 8 14
6 7 11 24
1 2 10 25
5 7 6 9
5 7 6 24
6 2 6 24
6 7 4 10
5 2 4 12
1 6 6 13
8 7 2 13
3 2 1 13
3 2 1 17
4 7 1 1
3 5 1 2
8 2 4 2
6 2 3 3
3 7 4 2
5 2 9 4
3 2 9 4
4 7 1 10
2 8 2 17
6 2 2 16
1 2 1 17
6 2 3 20
7 8 2 22
4 9 1 14
1 10 5 2
1 10 3 19
2 15 2 3
1 25 2 7
4 8 3 20
5 2 2 21
