699
67
1 2 9 5
4 2 9 4
2 2 15 3
4 2 13 3
2 2 14 5
4 2 15 3
3 2 15 2
1 2 16 6
2 2 17 1
4 2 15 1
3 2 14 6
2 2 11 3
1 2 13 2
2 2 13 1
1 2 13 1
3 2 12 1
4 2 12 5
4 2 13 6
2 2 13 6
1 2 9 7
4 2 9 8
2 2 9 10
3 3 9 4
1 3 10 3
1 3 9 8
1 2 12 8
4 2 11 7
3 2 13 9
1 2 14 9
2 2 11 8
2 2 12 9
2 2 9 7
3 4 10 3
1 3 10 5
8 4 1 1
5 4 1 2
7 2 3 1
7 2 1 1
8 4 1 5
6 2 8 3
7 2 7 3
6 2 6 3
5 4 1 6
3 4 10 7
8 4 1 9
7 2 7 7
4 2 5 9
7 3 7 10
5 4 1 10
6 4 6 7
7 6 5 11
6 8 2 5
6 8 1 1
2 2 2 2
4 2 3 1
1 2 2 1
6 11 2 9
1 2 4 10
1 2 7 11
3 2 5 11
2 2 5 10
7 19 1 3
1 2 1 2
4 2 2 8
4 3 4 9
2 2 4 10
3 2 4 9
