8312
4408
8 2 125 23
4 2 125 34
6 2 125 42
8 2 125 53
2 2 125 71
6 2 125 73
1 2 124 1
8 2 124 2
5 2 124 17
8 2 124 19
2 2 124 29
8 2 124 40
4 2 123 6
3 2 124 7
3 2 123 5
5 2 123 10
1 2 123 12
6 2 123 20
4 2 123 20
3 2 124 22
6 2 123 33
6 2 123 36
4 2 123 38
8 2 123 68
7 2 123 69
4 2 123 73
8 2 123 80
7 2 122 2
2 2 122 4
8 2 123 4
6 2 122 5
6 2 122 10
1 2 122 9
7 2 124 8
6 2 123 8
5 2 122 16
2 2 122 24
7 2 122 27
7 2 122 34
5 2 122 33
3 2 122 39
7 2 122 61
8 2 122 60
8 2 122 70
3 2 122 74
8 2 121 3
7 2 121 4
5 2 121 7
2 2 121 9
3 2 121 10
8 2 121 16
1 2 122 17
5 2 121 24
1 2 122 23
6 2 121 30
3 2 121 34
3 2 121 53
7 2 121 52
6 2 121 57
3 2 122 57
4 2 121 63
6 2 121 75
7 2 120 1
5 2 120 4
6 2 120 8
5 2 120 15
7 2 121 77
7 2 122 14
7 2 120 15
8 2 120 18
7 2 120 24
4 2 120 25
1 2 120 26
1 2 120 30
5 2 120 53
3 2 120 58
4 2 121 59
7 2 120 57
1 2 120 74
4 2 122 77
5 2 121 77
3 2 121 78
2 2 119 3
3 2 119 6
5 2 119 9
1 2 119 14
3 2 121 14
6 2 119 15
5 2 119 30
3 2 119 40
5 2 119 44
7 2 123 75
3 2 119 65
7 2 118 9
8 2 118 10
2 2 118 12
5 2 120 12
8 2 118 21
3 2 122 20
7 2 121 20
4 2 120 20
3 2 118 23
4 2 119 23
3 2 118 26
3 2 119 25
7 2 118 25
3 2 118 38
6 2 120 37
5 2 121 36
1 2 117 4
4 2 117 6
8 2 117 5
8 2 117 32
5 2 117 34
1 2 119 32
7 2 123 31
1 2 117 34
1 2 117 41
2 2 117 42
1 2 117 44
3 2 119 45
8 2 119 45
3 2 120 46
3 2 122 46
6 2 117 48
3 2 117 53
8 2 117 63
2 2 120 61
2 2 119 45
8 2 119 62
6 2 118 45
1 2 118 46
5 2 118 45
2 2 118 63
5 2 117 63
3 2 117 68
1 2 117 73
5 2 117 74
2 2 120 75
7 2 119 75
5 2 116 8
2 2 119 7
8 2 118 7
3 2 116 12
3 2 116 19
1 2 119 18
2 2 117 20
5 2 117 19
6 2 116 41
5 2 116 41
4 2 116 42
5 2 117 41
2 2 116 41
4 2 116 45
5 2 116 68
6 2 117 67
6 2 118 67
7 2 119 67
3 2 116 75
8 2 115 3
2 2 115 2
4 2 115 9
6 2 115 14
2 2 115 15
8 2 115 30
3 2 115 34
8 2 115 38
5 2 115 43
1 2 115 57
6 2 115 62
1 2 115 62
6 2 115 75
3 2 118 76
2 2 117 77
5 2 114 6
2 2 115 5
2 2 114 6
7 2 114 14
8 2 114 15
1 2 116 16
7 2 114 16
8 2 115 17
5 2 114 17
1 2 115 19
3 2 114 30
6 2 115 30
4 2 115 31
8 2 114 36
8 2 120 37
8 2 114 40
5 2 119 39
1 2 119 38
2 2 118 38
3 2 114 45
7 2 116 47
7 2 114 46
2 2 114 57
6 2 117 56
5 2 118 56
4 2 122 55
3 2 117 58
2 2 117 57
1 2 118 58
6 2 114 71
8 2 117 69
8 2 115 71
3 2 115 70
2 2 113 2
4 2 115 4
1 2 113 13
5 2 113 14
1 2 114 14
4 2 113 52
1 2 113 73
2 2 113 74
8 2 114 73
8 2 113 74
4 2 112 2
5 2 112 6
2 2 117 7
6 2 112 27
5 2 117 70
6 2 116 28
8 2 115 26
1 2 116 25
5 2 114 26
5 2 115 25
6 2 114 25
4 2 116 24
6 2 115 26
7 2 114 27
7 2 113 25
1 2 112 43
4 2 112 48
3 2 111 7
7 2 111 7
8 2 115 9
2 2 111 6
8 2 111 11
7 2 111 21
8 2 115 28
7 2 111 31
7 2 115 32
6 2 111 40
7 2 115 39
2 2 112 41
5 2 111 44
4 2 111 49
5 2 117 22
4 2 115 48
4 2 118 49
3 2 117 50
3 2 112 50
4 2 115 50
6 2 114 50
4 2 111 53
3 2 119 54
5 2 112 52
7 2 111 52
8 2 112 53
5 2 117 54
8 2 118 55
5 2 111 56
2 2 117 55
6 2 116 58
6 2 114 57
3 2 111 61
2 2 119 51
6 2 118 51
7 2 118 60
7 2 116 60
1 2 116 60
6 2 110 1
3 2 110 10
7 2 113 9
5 2 110 12
4 2 114 12
7 2 116 11
5 2 112 11
8 2 110 12
1 2 110 14
2 2 110 20
8 2 110 31
8 2 114 30
1 2 112 30
3 2 112 31
2 2 112 32
5 2 114 31
3 2 113 31
6 2 111 33
8 2 110 39
4 2 116 38
5 2 110 38
5 2 110 41
7 2 111 43
4 2 111 43
3 2 110 55
4 2 111 56
6 2 111 57
8 2 112 58
7 2 114 59
6 2 115 61
7 2 110 57
5 2 110 59
8 2 114 58
5 2 114 59
1 2 110 65
2 2 116 61
4 2 116 66
8 2 112 64
3 2 112 63
2 2 112 66
5 2 118 67
7 2 115 62
3 2 115 61
1 2 111 63
4 2 113 64
4 2 112 62
1 2 114 61
4 2 113 62
7 2 111 63
5 2 110 64
3 2 110 67
1 2 115 67
3 2 117 68
7 2 116 68
8 2 110 73
2 2 113 72
2 2 110 79
3 2 110 78
6 2 114 77
4 2 110 80
3 2 111 79
7 2 113 77
4 2 109 6
7 2 109 6
3 2 110 7
5 2 109 30
5 2 109 34
4 2 110 33
6 2 109 39
6 2 111 38
4 2 109 39
6 2 109 49
1 2 113 49
7 2 109 62
3 2 110 64
6 2 109 66
5 2 113 65
1 2 115 64
8 2 115 64
5 2 109 65
6 2 110 64
7 2 110 65
3 2 112 64
1 2 109 68
8 2 110 66
2 2 109 67
1 2 109 71
6 2 115 70
4 2 109 71
5 2 109 74
6 2 108 1
4 2 111 2
8 2 108 4
1 2 110 3
3 2 109 3
2 2 108 43
4 2 108 55
1 2 110 55
6 2 114 54
2 2 114 54
6 2 108 59
4 2 109 60
2 2 112 59
8 2 108 64
2 2 110 63
1 2 107 14
2 2 111 13
2 2 109 13
1 2 107 18
1 2 109 17
6 2 112 69
4 2 110 18
1 2 111 17
8 2 109 19
5 2 108 16
2 2 108 19
3 2 107 35
4 2 114 16
7 2 107 46
1 2 112 47
4 2 119 36
2 2 109 46
2 2 107 55
5 2 107 59
7 2 107 66
6 2 110 66
5 2 109 47
5 2 107 69
3 2 111 66
7 2 110 66
8 2 110 67
1 2 109 68
7 2 107 68
8 2 107 74
3 2 109 75
8 2 111 69
4 2 108 75
6 2 106 3
8 2 106 22
5 2 106 26
2 2 107 26
4 2 108 27
3 2 111 3
5 2 110 3
7 2 110 4
2 2 106 33
3 2 106 37
8 2 106 45
1 2 107 47
3 2 111 47
4 2 107 46
3 2 107 45
3 2 106 48
7 2 106 50
4 2 106 61
5 2 110 61
4 2 106 68
5 2 110 69
2 2 107 67
4 2 107 68
3 2 106 76
8 2 105 10
6 2 105 10
6 2 108 11
7 2 105 11
4 2 106 12
1 2 105 13
6 2 105 15
6 2 112 16
2 2 111 17
5 2 105 19
2 2 114 18
7 2 113 18
2 2 111 19
8 2 107 19
6 2 105 22
8 2 105 48
3 2 114 47
4 2 105 50
6 2 105 55
6 2 104 2
7 2 109 1
1 2 108 1
5 2 107 2
7 2 107 1
1 2 107 3
7 2 106 4
3 2 104 3
7 2 104 7
1 2 105 6
1 2 104 22
5 2 104 26
4 2 104 37
7 2 111 36
5 2 118 35
3 2 111 35
2 2 106 36
2 2 104 44
3 2 114 42
7 2 113 42
8 2 108 43
1 2 107 43
3 2 104 45
1 2 106 46
7 2 104 66
2 2 106 65
3 2 107 64
4 2 107 63
2 2 106 63
4 2 105 66
2 2 104 73
7 2 107 74
3 2 104 76
4 2 104 79
1 2 104 79
3 2 112 78
5 2 106 78
7 2 109 79
1 2 114 78
6 2 112 78
6 2 107 79
2 2 113 78
1 2 103 16
5 2 109 16
3 2 109 17
6 2 103 25
1 2 105 24
6 2 109 23
1 2 114 22
4 2 109 22
3 2 103 28
2 2 106 29
8 2 114 28
2 2 113 28
5 2 103 29
1 2 111 28
2 2 107 30
1 2 105 29
8 2 106 28
1 2 105 31
2 2 106 31
6 2 103 28
7 2 106 30
6 2 103 49
8 2 103 53
7 2 111 53
6 2 103 60
8 2 103 61
3 2 103 79
3 2 102 9
4 2 104 9
8 2 102 17
7 2 103 17
5 2 102 17
4 2 103 16
2 2 102 21
4 2 102 20
4 2 102 35
8 2 105 35
1 2 109 34
1 2 111 54
6 2 109 36
5 2 108 35
8 2 107 36
5 2 102 37
6 2 102 43
2 2 102 47
6 2 104 46
1 2 102 52
6 2 109 38
1 2 109 51
5 2 110 50
1 2 108 39
1 2 106 52
8 2 102 56
1 2 107 56
3 2 109 50
1 2 102 58
6 2 108 59
6 2 104 59
3 2 101 5
6 2 106 4
1 2 101 5
7 2 101 26
5 2 101 31
3 2 103 30
6 2 101 39
8 2 101 41
7 2 104 41
6 2 104 42
2 2 107 43
8 2 103 41
4 2 105 40
7 2 107 39
2 2 102 41
3 2 101 41
1 2 101 50
2 2 103 50
3 2 109 55
5 2 109 54
5 2 107 51
4 2 102 51
8 2 101 71
2 2 109 70
4 2 108 71
3 2 108 70
8 2 108 71
8 2 105 69
8 2 106 68
7 2 103 70
6 2 103 69
5 2 101 72
6 2 110 72
5 2 105 70
4 2 101 72
1 2 105 73
7 2 101 71
5 2 103 73
4 2 103 73
8 2 103 74
7 2 103 75
8 2 104 76
5 2 101 72
3 2 102 73
4 2 101 75
3 2 100 1
4 2 105 2
4 2 100 3
5 2 100 29
7 2 100 35
3 2 108 34
3 2 106 36
7 2 105 34
2 2 100 37
2 2 100 55
2 2 107 56
8 2 106 57
5 2 105 54
3 2 107 53
6 2 100 59
4 2 100 62
7 2 101 61
2 2 100 61
6 2 103 62
2 2 102 60
2 2 99 16
3 2 99 29
3 2 104 29
6 2 103 29
8 2 100 15
8 2 106 14
5 2 104 14
7 2 100 29
3 2 99 39
5 2 105 39
2 2 101 38
7 2 102 39
4 2 101 39
7 2 99 38
4 2 99 43
8 2 101 44
2 2 98 30
5 2 98 34
2 2 98 44
1 2 102 45
7 2 98 54
8 2 99 55
2 2 98 58
4 2 98 69
5 2 98 73
2 2 100 73
6 2 100 74
3 2 100 75
3 2 108 28
6 2 101 74
8 2 98 78
1 2 101 77
5 2 100 77
2 2 104 78
1 2 103 78
5 2 106 77
4 2 97 5
7 2 97 13
7 2 101 13
4 2 99 5
8 2 98 5
5 2 100 4
4 2 101 5
3 2 97 13
7 2 98 14
5 2 97 18
4 2 97 19
3 2 98 20
7 2 103 20
6 2 99 19
5 2 97 27
2 2 104 25
5 2 108 24
8 2 107 25
4 2 101 27
8 2 100 26
2 2 105 25
3 2 104 25
2 2 99 27
2 2 97 36
1 2 97 50
2 2 101 52
8 2 98 50
6 2 97 61
2 2 97 62
3 2 103 63
5 2 97 64
6 2 98 65
6 2 104 64
6 2 102 65
3 2 97 73
1 2 96 13
2 2 98 12
8 2 104 11
7 2 102 11
1 2 100 11
4 2 102 10
3 2 99 11
8 2 96 20
2 2 96 29
1 2 97 29
1 2 96 34
2 2 100 30
4 2 100 31
8 2 101 31
8 2 96 37
6 2 100 33
6 2 100 36
4 2 101 32
7 2 101 35
5 2 100 36
7 2 97 37
5 2 96 51
8 2 101 50
2 2 96 53
8 2 97 54
4 2 103 32
5 2 96 61
1 2 96 60
3 2 100 59
7 2 103 58
3 2 101 58
7 2 99 59
8 2 97 59
8 2 96 62
3 2 95 18
4 2 99 17
4 2 96 18
7 2 95 29
4 2 95 33
8 2 95 65
1 2 99 64
5 2 98 65
2 2 98 65
6 2 98 66
5 2 104 67
3 2 103 67
2 2 99 67
7 2 103 67
4 2 97 67
6 2 100 67
1 2 95 72
3 2 99 72
1 2 97 73
4 2 94 8
5 2 103 7
1 2 99 7
3 2 97 9
7 2 101 8
2 2 101 10
8 2 105 12
8 2 104 10
4 2 96 8
1 2 99 8
3 2 98 8
1 2 96 8
2 2 97 7
8 2 94 21
6 2 94 20
5 2 94 25
8 2 103 24
1 2 102 26
7 2 102 27
5 2 101 24
1 2 106 53
2 2 108 24
6 2 102 23
7 2 101 23
8 2 100 24
7 2 98 26
5 2 95 26
2 2 100 25
4 2 99 25
8 2 94 26
1 2 96 27
5 2 100 28
6 2 99 28
2 2 94 30
2 2 94 46
3 2 94 45
8 2 94 48
6 2 95 47
5 2 95 47
2 2 94 54
8 2 103 56
4 2 101 55
7 2 104 56
2 2 103 57
7 2 102 56
8 2 100 55
1 2 100 56
5 2 98 53
7 2 98 55
1 2 97 53
3 2 97 55
6 2 94 56
5 2 96 56
2 2 94 69
4 2 99 52
7 2 100 51
5 2 99 52
3 2 96 67
6 2 94 78
1 2 99 77
6 2 93 12
5 2 98 11
4 2 94 11
3 2 97 12
8 2 93 11
7 2 94 10
2 2 93 14
7 2 94 14
5 2 94 15
4 2 100 14
2 2 99 15
6 2 96 16
3 2 100 15
3 2 93 14
8 2 93 19
7 2 96 19
4 2 93 46
2 2 100 45
1 2 93 45
5 2 93 44
2 2 95 42
7 2 93 46
7 2 93 57
2 2 93 79
5 2 92 10
6 2 94 11
2 2 92 33
7 2 92 34
6 2 102 32
7 2 101 33
3 2 95 35
6 2 95 36
1 2 101 38
1 2 95 37
2 2 92 44
4 2 92 66
3 2 97 65
4 2 93 66
6 2 92 74
6 2 91 14
8 2 98 14
8 2 96 13
1 2 95 15
5 2 94 15
8 2 96 15
2 2 92 15
6 2 91 34
6 2 91 63
7 2 91 63
1 2 97 63
7 2 94 64
5 2 94 63
5 2 91 76
5 2 92 76
8 2 97 75
1 2 90 15
8 2 91 17
1 2 93 17
1 2 90 23
2 2 104 71
5 2 98 23
1 2 94 23
2 2 94 22
7 2 94 23
3 2 90 28
3 2 91 27
6 2 92 23
8 2 90 41
3 2 96 26
8 2 96 42
6 2 94 42
1 2 97 44
5 2 93 42
7 2 93 41
4 2 99 40
2 2 96 41
7 2 95 43
1 2 96 40
1 2 95 42
3 2 93 43
3 2 90 44
4 2 90 68
3 2 97 70
2 2 98 67
2 2 96 70
1 2 92 67
3 2 96 68
4 2 91 43
3 2 90 73
5 2 95 72
4 2 100 70
3 2 100 71
7 2 93 74
3 2 93 73
8 2 89 9
6 2 89 41
1 2 95 41
3 2 90 42
2 2 89 48
8 2 99 49
5 2 95 49
7 2 93 49
2 2 99 50
5 2 99 72
3 2 94 48
8 2 89 52
3 2 93 52
8 2 89 63
2 2 92 62
6 2 90 62
3 2 89 75
6 2 88 10
6 2 91 10
1 2 88 44
2 2 90 43
3 2 91 44
6 2 90 45
2 2 93 52
7 2 89 43
8 2 88 44
5 2 88 56
7 2 88 55
7 2 88 72
7 2 87 3
6 2 87 5
4 2 90 55
4 2 92 54
5 2 91 4
3 2 101 5
2 2 100 4
1 2 92 55
8 2 91 4
1 2 98 3
1 2 95 4
6 2 90 5
1 2 87 30
5 2 87 30
8 2 93 31
3 2 95 31
4 2 94 31
7 2 87 33
7 2 87 45
6 2 87 59
5 2 96 58
8 2 95 58
8 2 93 58
6 2 89 58
8 2 89 60
1 2 88 33
6 2 89 32
5 2 92 32
4 2 88 58
3 2 92 57
3 2 88 57
7 2 88 58
3 2 93 59
8 2 87 59
7 2 87 70
4 2 99 69
7 2 96 69
3 2 93 71
7 2 97 70
5 2 91 60
6 2 89 70
3 2 87 73
1 2 86 1
2 2 91 71
2 2 94 70
8 2 94 71
6 2 93 72
5 2 86 2
4 2 101 1
2 2 99 2
2 2 93 1
6 2 94 2
7 2 93 2
4 2 90 1
6 2 91 2
7 2 89 2
2 2 86 5
5 2 93 7
5 2 86 7
2 2 86 13
4 2 92 11
4 2 88 13
3 2 91 12
7 2 87 12
4 2 88 13
7 2 88 13
4 2 94 13
1 2 87 14
4 2 86 20
1 2 93 21
5 2 98 1
3 2 93 20
2 2 99 23
3 2 98 23
1 2 100 23
2 2 98 22
6 2 87 21
1 2 86 21
6 2 90 21
5 2 92 19
1 2 96 18
1 2 87 21
3 2 86 20
1 2 86 23
2 2 86 22
3 2 86 31
7 2 86 39
5 2 91 39
4 2 90 38
4 2 87 38
5 2 86 50
7 2 89 38
3 2 90 50
6 2 93 39
2 2 87 51
8 2 86 52
1 2 88 51
8 2 88 50
3 2 86 56
1 2 87 54
7 2 91 53
8 2 88 54
6 2 90 56
1 2 88 56
7 2 86 79
5 2 100 78
2 2 97 78
6 2 102 77
7 2 96 53
7 2 96 77
5 2 95 79
4 2 85 12
7 2 85 26
6 2 93 26
6 2 94 25
7 2 92 26
7 2 85 31
3 2 96 32
8 2 101 33
5 2 96 33
8 2 85 32
5 2 93 31
8 2 92 32
4 2 92 32
7 2 93 34
6 2 98 35
1 2 94 34
8 2 89 31
5 2 87 31
1 2 88 32
4 2 85 34
3 2 91 34
4 2 95 35
8 2 90 34
6 2 90 34
6 2 88 35
6 2 85 35
8 2 95 36
2 2 97 35
1 2 88 34
8 2 88 36
2 2 85 46
6 2 85 63
1 2 88 64
1 2 89 65
8 2 88 66
1 2 93 66
5 2 89 66
5 2 85 70
8 2 85 72
7 2 93 72
5 2 84 4
2 2 90 3
4 2 84 5
3 2 84 12
6 2 86 11
8 2 89 10
4 2 88 10
8 2 86 10
2 2 85 11
5 2 85 12
1 2 84 15
2 2 88 16
5 2 84 16
7 2 89 17
3 2 88 17
8 2 87 15
5 2 84 30
6 2 90 29
4 2 85 29
3 2 87 28
2 2 86 28
7 2 89 27
6 2 86 27
6 2 89 26
7 2 88 26
5 2 88 27
2 2 84 43
3 2 84 64
4 2 85 64
4 2 89 66
5 2 84 64
1 2 86 63
4 2 90 64
4 2 84 68
1 2 84 67
1 2 91 68
4 2 90 68
2 2 92 67
1 2 84 70
7 2 86 69
6 2 91 68
5 2 90 70
5 2 85 70
8 2 86 70
4 2 90 71
5 2 92 72
5 2 84 74
4 2 91 73
2 2 89 75
2 2 84 76
6 2 97 77
4 2 87 75
2 2 83 2
2 2 87 1
7 2 84 3
1 2 83 3
7 2 83 6
1 2 97 5
6 2 96 5
7 2 96 7
1 2 84 7
5 2 83 20
6 2 90 19
3 2 86 21
7 2 85 19
5 2 98 18
4 2 90 18
5 2 84 19
5 2 91 20
1 2 86 20
6 2 87 21
8 2 90 22
6 2 95 23
6 2 89 22
3 2 83 19
2 2 89 18
6 2 83 24
8 2 92 25
4 2 89 25
8 2 87 25
1 2 83 38
3 2 92 37
8 2 88 38
2 2 90 39
3 2 86 37
5 2 85 38
3 2 83 39
1 2 89 38
8 2 84 37
2 2 86 36
7 2 83 45
6 2 83 48
8 2 84 50
5 2 90 50
1 2 90 50
7 2 83 71
2 2 87 71
3 2 84 70
5 2 83 72
3 2 83 75
4 2 86 74
2 2 85 74
1 2 92 75
5 2 95 76
1 2 95 77
4 2 85 74
5 2 84 75
7 2 85 73
8 2 84 76
7 2 83 79
8 2 101 79
8 2 95 79
3 2 93 78
8 2 92 78
7 2 91 79
1 2 84 78
4 2 92 79
8 2 82 34
7 2 90 35
3 2 83 36
4 2 88 37
6 2 87 37
1 2 84 36
2 2 88 35
6 2 87 35
4 2 82 50
6 2 82 52
5 2 94 79
5 2 82 56
4 2 91 57
5 2 90 55
8 2 86 55
6 2 84 56
8 2 82 57
3 2 82 60
1 2 92 60
2 2 85 59
6 2 87 60
3 2 86 61
1 2 84 60
8 2 87 61
8 2 85 60
8 2 82 70
1 2 83 69
7 2 84 68
3 2 81 16
3 2 84 17
7 2 84 17
4 2 81 20
1 2 88 19
8 2 84 22
4 2 84 21
1 2 81 27
4 2 82 27
2 2 81 34
1 2 81 49
1 2 90 49
8 2 89 48
6 2 93 47
1 2 91 47
1 2 87 48
8 2 81 54
4 2 81 65
2 2 81 68
7 2 84 68
8 2 81 76
7 2 83 77
3 2 89 77
6 2 80 3
1 2 88 4
3 2 92 5
4 2 90 5
6 2 91 7
5 2 89 5
8 2 87 5
1 2 80 21
7 2 84 22
1 2 84 21
2 2 80 21
2 2 82 20
3 2 81 21
7 2 80 23
6 2 87 24
6 2 80 28
1 2 85 28
5 2 88 29
2 2 84 28
2 2 80 35
2 2 80 38
7 2 82 37
4 2 83 36
5 2 86 37
5 2 82 36
4 2 81 36
5 2 80 36
7 2 80 47
5 2 85 48
3 2 87 47
7 2 86 47
4 2 86 48
3 2 80 50
8 2 80 50
3 2 80 55
5 2 80 63
2 2 80 65
5 2 80 67
5 2 80 72
6 2 83 72
6 2 85 73
8 2 81 48
8 2 83 47
6 2 80 73
1 2 84 71
8 2 83 72
5 2 80 79
3 2 79 11
3 2 83 71
4 2 81 11
3 2 83 10
7 2 83 9
6 2 92 10
4 2 85 9
2 2 82 9
3 2 80 10
5 2 79 10
5 2 79 12
6 2 85 13
2 2 86 14
4 2 85 14
7 2 80 13
5 2 79 34
5 2 79 41
5 2 88 10
5 2 84 42
6 2 83 42
6 2 82 40
1 2 79 52
5 2 85 42
6 2 79 61
7 2 85 62
4 2 84 62
4 2 79 66
4 2 84 65
5 2 85 64
3 2 83 65
8 2 82 65
6 2 79 68
4 2 78 10
3 2 79 10
8 2 78 11
6 2 78 10
2 2 78 9
4 2 87 8
8 2 90 7
3 2 78 22
8 2 79 22
8 2 85 23
7 2 79 21
7 2 83 20
4 2 83 23
4 2 85 23
4 2 80 22
2 2 82 23
3 2 81 23
3 2 79 23
3 2 78 57
8 2 84 58
2 2 80 57
1 2 82 56
5 2 78 61
3 2 83 60
1 2 78 69
7 2 77 14
6 2 77 16
4 2 84 16
3 2 87 15
2 2 86 17
7 2 85 17
4 2 79 17
2 2 84 16
1 2 83 16
2 2 77 25
5 2 80 26
3 2 77 25
8 2 82 26
2 2 84 25
4 2 77 36
8 2 78 35
8 2 77 51
4 2 84 53
8 2 92 51
7 2 77 61
5 2 77 64
1 2 77 65
4 2 76 6
1 2 81 6
6 2 83 7
2 2 86 5
3 2 77 76
8 2 85 77
5 2 85 78
7 2 88 79
2 2 87 80
6 2 86 78
3 2 84 78
6 2 83 75
2 2 83 78
8 2 86 77
1 2 82 75
7 2 83 76
5 2 78 76
4 2 80 76
2 2 79 76
1 2 76 6
2 2 83 5
3 2 80 5
4 2 80 6
8 2 79 6
7 2 78 6
3 2 76 17
4 2 78 16
3 2 76 23
6 2 76 25
3 2 78 26
7 2 76 27
1 2 82 29
1 2 80 28
3 2 79 28
7 2 82 29
5 2 78 28
8 2 76 28
6 2 76 33
3 2 77 33
1 2 80 32
3 2 87 31
7 2 87 31
2 2 85 31
8 2 76 34
5 2 76 35
8 2 76 42
3 2 81 42
8 2 76 56
2 2 77 56
4 2 76 60
4 2 76 64
6 2 81 63
8 2 79 63
8 2 77 64
7 2 76 69
8 2 77 69
2 2 79 70
2 2 81 71
3 2 76 71
4 2 83 72
5 2 76 75
7 2 77 75
4 2 82 74
1 2 82 73
8 2 81 74
4 2 76 75
1 2 76 76
7 2 77 77
7 2 79 78
8 2 83 79
8 2 79 79
1 2 82 78
4 2 81 78
5 2 81 79
1 2 78 78
7 2 79 79
8 2 76 78
2 2 75 9
4 2 75 18
7 2 77 16
1 2 76 16
7 2 75 17
2 2 75 23
2 2 75 33
6 2 75 44
4 2 80 18
1 2 82 18
4 2 77 44
8 2 82 42
6 2 75 51
7 2 76 51
6 2 75 78
8 2 75 80
4 2 78 79
2 2 76 79
3 2 75 79
5 2 74 2
3 2 80 2
4 2 81 3
7 2 76 3
1 2 78 5
2 2 80 6
7 2 79 6
2 2 74 5
1 2 80 6
1 2 78 5
6 2 75 5
4 2 78 4
6 2 79 3
2 2 78 6
4 2 83 7
4 2 86 44
7 2 74 6
6 2 77 7
5 2 74 10
3 2 74 25
1 2 78 24
1 2 76 25
4 2 74 32
8 2 77 31
7 2 74 44
7 2 88 46
8 2 87 46
5 2 76 43
2 2 80 42
1 2 79 42
1 2 88 41
5 2 82 42
4 2 78 42
3 2 80 41
3 2 75 43
2 2 75 42
7 2 80 41
2 2 79 41
7 2 75 41
2 2 74 46
6 2 84 47
2 2 84 46
1 2 74 47
1 2 81 47
1 2 74 49
7 2 79 49
7 2 82 48
7 2 80 49
2 2 80 48
5 2 74 55
1 2 79 54
1 2 74 55
2 2 77 55
3 2 79 56
5 2 74 57
5 2 82 58
7 2 81 59
6 2 74 59
8 2 74 59
8 2 76 60
2 2 79 61
3 2 81 62
1 2 74 64
3 2 75 63
6 2 73 2
1 2 75 3
8 2 73 30
1 2 73 43
3 2 74 42
5 2 73 47
1 2 73 51
6 2 73 62
5 2 78 62
7 2 78 62
3 2 77 62
6 2 72 5
2 2 73 4
6 2 83 3
3 2 72 13
7 2 86 14
4 2 81 14
7 2 80 13
8 2 75 11
8 2 73 13
1 2 75 12
7 2 73 12
1 2 78 11
3 2 75 11
5 2 72 15
7 2 72 19
8 2 74 20
5 2 72 26
6 2 74 27
2 2 73 25
4 2 73 24
2 2 72 37
3 2 72 42
4 2 72 48
2 2 77 49
4 2 76 47
4 2 76 50
3 2 72 51
4 2 83 51
8 2 72 51
3 2 90 52
1 2 83 53
1 2 87 53
7 2 83 53
2 2 82 54
5 2 71 6
1 2 71 10
5 2 71 19
8 2 71 19
3 2 71 27
2 2 71 29
2 2 71 32
5 2 71 62
2 2 71 70
6 2 76 71
2 2 80 72
4 2 79 73
5 2 79 72
4 2 77 72
7 2 74 68
2 2 78 67
7 2 83 66
1 2 74 68
4 2 77 70
6 2 76 67
2 2 71 79
3 2 70 1
6 2 70 4
5 2 70 22
5 2 78 22
4 2 70 26
3 2 70 25
2 2 71 26
5 2 70 27
6 2 70 28
5 2 71 29
1 2 79 31
1 2 72 30
8 2 70 29
1 2 70 37
7 2 74 36
4 2 74 37
7 2 74 38
7 2 77 39
4 2 70 40
5 2 70 44
3 2 80 44
5 2 83 44
4 2 74 44
5 2 73 45
6 2 79 44
8 2 72 43
7 2 77 44
8 2 73 44
5 2 70 52
4 2 71 51
4 2 78 53
2 2 76 50
3 2 70 53
8 2 90 53
3 2 70 56
8 2 71 55
5 2 70 68
7 2 76 69
3 2 71 68
5 2 70 80
8 2 69 4
2 2 69 15
3 2 73 14
6 2 72 14
6 2 73 13
3 2 70 16
6 2 69 21
5 2 74 22
2 2 70 22
2 2 69 24
1 2 70 25
7 2 69 26
4 2 70 26
1 2 69 26
5 2 69 31
3 2 76 31
6 2 78 30
3 2 79 32
3 2 77 31
8 2 75 31
2 2 72 31
2 2 69 33
8 2 73 34
3 2 69 33
3 2 73 34
5 2 69 34
4 2 72 35
6 2 73 37
7 2 69 48
6 2 69 48
4 2 69 58
8 2 69 76
7 2 72 76
1 2 68 7
3 2 68 13
1 2 68 14
4 2 70 14
5 2 68 29
7 2 68 56
6 2 68 70
8 2 67 10
6 2 72 11
4 2 71 12
5 2 68 8
4 2 68 72
3 2 70 12
3 2 70 72
5 2 70 71
7 2 72 70
4 2 67 15
3 2 67 34
5 2 67 39
8 2 72 39
5 2 67 41
2 2 72 40
7 2 67 46
5 2 74 73
6 2 73 74
7 2 72 46
6 2 67 47
1 2 67 50
1 2 67 70
8 2 68 71
8 2 66 1
4 2 66 8
3 2 79 9
4 2 72 7
1 2 70 7
2 2 67 78
8 2 68 78
5 2 66 26
4 2 66 46
2 2 66 55
7 2 72 8
4 2 68 55
6 2 68 56
1 2 71 55
3 2 66 77
7 2 65 16
7 2 69 16
6 2 72 17
7 2 66 16
5 2 71 17
8 2 67 16
3 2 65 19
7 2 68 19
1 2 67 19
2 2 67 18
5 2 68 19
3 2 67 20
1 2 73 57
4 2 65 27
1 2 65 30
3 2 70 31
3 2 67 32
8 2 70 32
7 2 69 33
3 2 65 50
8 2 72 49
6 2 76 21
8 2 75 21
6 2 68 51
6 2 65 66
8 2 74 66
1 2 74 67
3 2 74 66
4 2 77 66
7 2 68 66
5 2 67 64
2 2 72 64
8 2 78 63
2 2 77 63
8 2 67 63
7 2 76 64
2 2 69 62
6 2 76 61
2 2 75 61
6 2 75 60
7 2 75 62
7 2 71 61
6 2 70 61
8 2 72 61
4 2 69 61
3 2 68 62
8 2 66 67
3 2 67 68
4 2 65 69
4 2 65 71
4 2 68 71
1 2 67 71
8 2 66 72
2 2 70 73
6 2 69 73
6 2 67 74
6 2 65 77
4 2 66 77
3 2 65 77
8 2 64 22
1 2 67 21
5 2 68 22
4 2 66 22
4 2 64 21
2 2 65 20
8 2 66 19
4 2 66 21
2 2 64 28
2 2 64 34
1 2 66 33
4 2 65 34
6 2 68 34
2 2 67 35
3 2 64 34
4 2 64 44
1 2 72 45
5 2 74 45
1 2 73 45
7 2 64 53
2 2 74 53
6 2 64 52
4 2 67 53
3 2 71 52
1 2 67 54
3 2 67 55
4 2 66 51
8 2 66 55
4 2 67 55
8 2 65 51
8 2 64 56
7 2 65 55
1 2 65 56
2 2 68 57
3 2 64 61
8 2 68 60
5 2 72 59
1 2 70 59
1 2 64 79
3 2 68 80
3 2 63 3
4 2 70 2
7 2 69 2
8 2 69 1
4 2 69 2
7 2 67 3
1 2 71 3
6 2 69 2
6 2 66 2
2 2 72 1
2 2 66 3
5 2 67 4
3 2 65 3
8 2 65 4
6 2 63 3
7 2 63 2
7 2 64 1
5 2 63 4
6 2 65 5
3 2 63 20
8 2 63 26
4 2 67 25
8 2 63 43
4 2 63 52
3 2 63 51
1 2 63 53
7 2 63 57
7 2 62 17
8 2 63 17
1 2 62 17
4 2 64 16
5 2 67 15
6 2 62 46
3 2 68 45
2 2 68 47
7 2 62 50
4 2 68 48
3 2 62 53
2 2 62 57
6 2 62 60
5 2 62 72
2 2 62 76
7 2 65 75
8 2 65 75
2 2 63 56
4 2 62 57
7 2 62 75
1 2 62 79
7 2 65 78
1 2 61 3
6 2 62 2
7 2 67 1
1 2 67 3
3 2 61 15
2 2 63 14
7 2 66 13
6 2 62 17
8 2 61 25
7 2 65 24
6 2 65 25
7 2 61 26
8 2 61 46
4 2 67 45
6 2 67 44
6 2 66 47
5 2 68 48
3 2 65 48
4 2 68 74
1 2 64 45
1 2 65 46
8 2 64 47
4 2 61 54
6 2 74 48
4 2 72 53
1 2 61 64
4 2 66 63
3 2 68 64
2 2 66 62
7 2 64 63
1 2 68 62
5 2 63 65
6 2 61 73
3 2 67 73
8 2 61 74
3 2 61 78
4 2 66 79
6 2 65 80
1 2 65 79
7 2 62 79
4 2 61 79
4 2 60 1
4 2 60 4
5 2 60 14
6 2 68 13
7 2 60 30
3 2 66 30
3 2 60 33
3 2 60 40
4 2 74 39
8 2 74 38
1 2 60 42
8 2 60 48
2 2 60 52
3 2 60 55
6 2 60 54
8 2 60 62
4 2 68 61
1 2 61 62
8 2 66 61
6 2 68 62
2 2 67 62
4 2 67 63
4 2 60 67
4 2 71 66
3 2 60 73
7 2 59 14
8 2 64 14
1 2 63 15
1 2 59 22
3 2 61 22
1 2 63 23
5 2 59 24
2 2 60 25
6 2 59 33
5 2 63 34
1 2 74 35
3 2 62 32
6 2 62 34
6 2 60 34
6 2 72 35
3 2 73 37
2 2 72 37
3 2 71 36
7 2 60 33
2 2 73 32
2 2 61 32
4 2 60 34
7 2 66 35
5 2 59 34
8 2 59 33
7 2 59 47
2 2 63 47
4 2 60 46
6 2 63 48
7 2 62 49
2 2 63 49
3 2 59 46
1 2 59 50
1 2 62 49
1 2 59 60
5 2 72 59
7 2 61 59
2 2 59 64
5 2 60 65
5 2 65 64
3 2 63 64
7 2 59 63
7 2 62 65
5 2 64 65
1 2 63 66
8 2 61 62
4 2 59 64
6 2 61 65
8 2 59 66
4 2 60 65
2 2 61 64
3 2 59 65
5 2 59 68
1 2 59 72
1 2 59 80
6 2 60 79
2 2 59 79
7 2 58 8
8 2 77 8
3 2 76 53
4 2 68 7
1 2 58 8
1 2 59 7
6 2 68 9
4 2 58 13
8 2 68 12
5 2 67 13
3 2 58 30
6 2 58 38
1 2 66 38
3 2 64 38
5 2 72 38
4 2 75 37
2 2 64 38
6 2 60 38
2 2 58 49
5 2 58 54
8 2 58 55
5 2 58 62
6 2 57 1
8 2 58 1
3 2 57 3
2 2 57 10
3 2 66 12
3 2 59 12
2 2 58 12
7 2 61 11
1 2 70 10
6 2 69 10
5 2 57 12
3 2 57 18
4 2 57 35
8 2 57 39
5 2 73 39
6 2 65 39
7 2 78 8
8 2 62 38
4 2 57 44
6 2 67 43
2 2 67 42
8 2 67 41
1 2 57 49
2 2 57 59
1 2 61 58
3 2 57 61
2 2 59 43
5 2 59 59
3 2 58 43
5 2 57 61
4 2 57 68
8 2 58 60
6 2 58 67
3 2 57 69
7 2 61 70
2 2 59 66
7 2 59 70
2 2 61 70
8 2 59 69
4 2 65 70
1 2 61 68
4 2 63 69
5 2 59 68
4 2 58 68
8 2 63 67
3 2 62 70
7 2 60 69
5 2 57 72
3 2 58 71
2 2 56 4
7 2 60 4
4 2 62 5
2 2 61 5
3 2 59 3
5 2 59 4
5 2 63 67
2 2 57 4
5 2 56 9
8 2 64 5
6 2 57 8
2 2 56 8
7 2 56 15
7 2 56 32
6 2 60 31
6 2 56 58
8 2 58 57
7 2 60 56
5 2 59 16
1 2 59 15
8 2 56 58
6 2 61 59
3 2 56 66
8 2 56 70
1 2 57 69
2 2 56 72
2 2 56 75
5 2 62 73
5 2 60 75
3 2 60 76
5 2 59 58
4 2 60 76
5 2 56 76
2 2 60 75
7 2 62 74
5 2 58 76
1 2 58 75
7 2 63 74
1 2 62 75
7 2 57 75
8 2 56 76
8 2 57 77
3 2 55 23
8 2 60 22
8 2 57 24
8 2 63 24
8 2 55 22
8 2 55 26
7 2 67 27
6 2 65 27
3 2 63 27
4 2 76 28
1 2 70 57
3 2 56 25
7 2 56 25
5 2 61 26
1 2 61 27
3 2 55 26
5 2 59 28
4 2 66 29
3 2 55 29
3 2 58 28
1 2 55 29
6 2 58 31
2 2 55 31
6 2 55 53
5 2 55 56
6 2 58 56
1 2 57 55
2 2 58 54
8 2 55 55
3 2 55 63
8 2 55 67
4 2 55 73
6 2 55 73
8 2 54 7
1 2 70 8
7 2 64 7
6 2 60 52
5 2 54 9
5 2 63 8
5 2 54 12
5 2 54 22
4 2 55 24
6 2 54 21
4 2 54 22
2 2 55 20
7 2 56 18
2 2 54 33
6 2 55 24
3 2 54 57
7 2 54 65
6 2 55 32
7 2 56 32
6 2 57 33
4 2 60 31
6 2 57 64
1 2 54 65
8 2 54 69
4 2 56 70
7 2 53 11
8 2 54 11
2 2 62 31
1 2 58 10
3 2 53 18
5 2 53 45
2 2 57 44
1 2 53 56
5 2 53 56
6 2 58 46
5 2 53 61
1 2 52 17
5 2 52 31
5 2 55 32
3 2 58 57
2 2 55 31
8 2 52 30
8 2 52 37
7 2 67 36
4 2 63 36
5 2 61 37
5 2 59 30
5 2 55 35
7 2 63 37
5 2 57 37
1 2 56 38
8 2 55 36
3 2 55 38
5 2 64 38
5 2 53 37
3 2 58 36
6 2 57 36
7 2 52 44
7 2 52 49
2 2 68 39
2 2 70 48
2 2 52 48
2 2 52 60
2 2 55 62
2 2 53 61
1 2 52 67
1 2 55 67
5 2 53 67
7 2 54 68
3 2 53 66
2 2 52 78
3 2 62 77
6 2 53 79
4 2 52 80
7 2 51 3
3 2 55 4
2 2 51 17
2 2 60 16
4 2 57 16
4 2 51 25
4 2 51 37
3 2 62 38
4 2 53 39
7 2 59 39
8 2 62 38
1 2 57 38
6 2 53 39
8 2 51 44
1 2 54 43
6 2 54 43
3 2 51 64
5 2 51 67
3 2 51 69
4 2 53 70
5 2 54 70
1 2 53 71
6 2 51 73
7 2 60 40
5 2 55 74
3 2 50 5
8 2 50 5
7 2 50 21
8 2 58 20
8 2 54 20
3 2 53 20
6 2 50 23
6 2 51 23
1 2 60 23
8 2 50 25
6 2 53 26
8 2 54 25
3 2 59 24
1 2 52 26
4 2 53 27
5 2 50 28
2 2 50 27
1 2 50 38
5 2 50 43
3 2 51 42
7 2 52 43
7 2 50 53
8 2 52 51
2 2 50 56
7 2 50 56
2 2 50 58
5 2 60 74
4 2 55 59
6 2 50 58
8 2 50 62
3 2 50 61
1 2 50 63
3 2 51 59
8 2 50 59
5 2 51 64
6 2 50 65
4 2 49 4
4 2 55 3
6 2 55 58
6 2 53 3
3 2 53 2
4 2 53 4
6 2 49 5
3 2 49 15
6 2 57 16
8 2 54 1
3 2 57 1
5 2 59 2
1 2 51 15
4 2 49 21
4 2 54 20
3 2 53 16
5 2 54 15
8 2 56 17
6 2 55 16
8 2 53 16
7 2 53 20
8 2 55 19
6 2 52 17
3 2 52 21
3 2 53 20
6 2 57 19
4 2 56 19
5 2 54 19
7 2 55 20
2 2 49 39
2 2 62 14
7 2 61 15
8 2 60 40
3 2 54 38
2 2 53 38
6 2 49 51
1 2 60 50
5 2 59 50
4 2 49 52
6 2 54 50
8 2 53 51
1 2 52 52
6 2 49 53
2 2 48 6
1 2 48 11
3 2 54 7
7 2 52 10
1 2 53 11
5 2 59 10
7 2 58 11
1 2 50 11
3 2 57 9
6 2 48 18
6 2 48 39
1 2 52 38
7 2 48 40
1 2 66 40
7 2 50 12
4 2 48 45
3 2 61 45
1 2 48 45
4 2 52 46
1 2 54 45
1 2 51 44
3 2 51 46
1 2 56 47
7 2 55 47
1 2 53 46
7 2 51 47
6 2 50 45
4 2 48 53
1 2 48 61
1 2 51 61
7 2 51 60
4 2 50 60
2 2 47 9
4 2 56 10
2 2 47 12
3 2 47 12
4 2 49 13
8 2 51 13
4 2 47 11
3 2 47 15
4 2 51 14
2 2 47 19
6 2 47 22
3 2 47 22
2 2 49 23
5 2 49 23
1 2 47 26
7 2 47 26
7 2 48 25
1 2 49 26
6 2 47 37
5 2 55 36
8 2 49 36
7 2 53 36
8 2 47 36
8 2 54 35
2 2 52 35
3 2 52 34
6 2 54 33
5 2 53 34
4 2 48 34
3 2 47 57
1 2 47 62
5 2 47 72
8 2 55 71
6 2 53 71
2 2 47 73
2 2 53 75
6 2 57 75
4 2 50 72
6 2 47 76
8 2 52 75
7 2 56 74
3 2 52 76
4 2 49 75
6 2 50 75
6 2 51 74
5 2 49 76
7 2 63 77
3 2 47 79
5 2 47 80
8 2 48 79
4 2 51 78
1 2 49 78
3 2 48 79
8 2 46 7
6 2 61 7
2 2 57 6
5 2 55 5
5 2 52 7
2 2 51 6
6 2 50 6
1 2 50 5
7 2 49 6
4 2 46 7
3 2 64 8
5 2 46 10
5 2 55 9
3 2 50 10
4 2 48 11
4 2 47 9
8 2 46 10
8 2 46 13
8 2 52 13
7 2 46 14
6 2 46 17
2 2 46 27
1 2 46 40
5 2 66 40
8 2 59 40
8 2 69 40
1 2 49 40
4 2 46 46
4 2 54 40
4 2 56 42
6 2 55 42
4 2 61 41
6 2 61 44
8 2 59 41
5 2 48 46
4 2 46 56
7 2 46 58
6 2 47 46
7 2 53 57
8 2 47 46
1 2 45 1
2 2 54 1
1 2 52 1
8 2 50 1
7 2 52 2
2 2 54 2
4 2 49 2
8 2 49 2
3 2 46 46
8 2 45 25
7 2 45 26
4 2 45 25
4 2 50 2
7 2 45 40
8 2 51 41
8 2 47 40
2 2 50 24
2 2 45 39
7 2 54 38
2 2 54 41
8 2 45 41
1 2 50 42
4 2 45 60
5 2 45 62
5 2 45 70
8 2 45 74
4 2 45 75
6 2 45 74
3 2 49 73
7 2 48 73
4 2 47 73
1 2 44 6
3 2 45 5
3 2 44 14
8 2 50 14
8 2 47 13
8 2 45 14
6 2 45 14
6 2 47 16
5 2 44 14
8 2 44 26
3 2 47 25
4 2 44 30
6 2 53 30
5 2 50 30
7 2 47 30
2 2 56 42
4 2 53 30
8 2 45 30
2 2 44 31
5 2 45 30
3 2 47 29
5 2 51 28
5 2 44 33
2 2 47 34
2 2 44 36
6 2 47 34
2 2 47 36
4 2 44 49
7 2 48 37
3 2 45 49
2 2 46 49
7 2 44 56
8 2 44 57
1 2 44 60
5 2 55 59
3 2 48 59
7 2 43 9
7 2 45 8
1 2 43 14
4 2 47 50
8 2 60 51
4 2 51 13
8 2 46 50
1 2 47 50
5 2 43 24
4 2 44 23
3 2 46 24
1 2 45 24
2 2 50 23
7 2 49 23
4 2 47 23
3 2 45 23
5 2 47 24
2 2 44 24
6 2 46 23
1 2 44 23
5 2 43 45
3 2 43 47
4 2 43 51
7 2 43 67
4 2 43 71
2 2 43 70
6 2 43 73
2 2 52 72
3 2 43 79
3 2 42 11
3 2 51 10
1 2 43 10
4 2 42 37
6 2 48 36
6 2 42 44
1 2 44 45
7 2 59 44
4 2 57 44
4 2 42 56
3 2 45 57
8 2 46 57
5 2 48 59
7 2 41 12
4 2 41 16
5 2 45 17
2 2 44 16
3 2 41 52
8 2 41 55
7 2 42 51
6 2 46 50
4 2 46 52
5 2 45 51
4 2 48 50
2 2 42 57
3 2 46 57
2 2 45 57
4 2 47 57
5 2 53 53
2 2 47 58
2 2 41 55
3 2 43 54
2 2 41 68
4 2 51 69
7 2 43 68
7 2 48 67
2 2 45 67
4 2 40 14
2 2 40 15
7 2 40 16
3 2 40 24
6 2 43 25
3 2 43 26
3 2 40 29
8 2 53 59
4 2 49 28
4 2 46 29
1 2 42 29
6 2 47 29
1 2 45 28
5 2 46 29
2 2 45 29
1 2 44 29
6 2 44 29
7 2 49 28
8 2 48 29
4 2 48 28
3 2 47 29
7 2 40 34
1 2 40 48
6 2 40 53
8 2 40 53
7 2 40 55
4 2 40 54
3 2 40 63
2 2 47 62
6 2 48 28
3 2 46 65
7 2 45 62
7 2 49 64
8 2 46 63
3 2 47 64
7 2 40 62
3 2 43 63
4 2 40 78
3 2 49 66
8 2 49 77
5 2 46 78
8 2 46 78
6 2 46 77
2 2 45 76
7 2 45 78
3 2 39 14
3 2 39 19
4 2 42 15
5 2 42 20
7 2 48 19
1 2 42 19
6 2 46 19
1 2 45 19
6 2 43 20
4 2 51 20
5 2 44 19
3 2 42 20
5 2 41 16
7 2 39 19
8 2 39 22
4 2 39 32
3 2 39 48
3 2 47 20
8 2 44 47
8 2 39 47
6 2 45 47
7 2 43 49
7 2 39 53
7 2 45 49
8 2 39 57
5 2 45 58
5 2 40 56
1 2 39 57
8 2 39 59
2 2 46 60
7 2 43 59
3 2 39 69
4 2 42 68
7 2 39 78
3 2 39 79
6 2 40 78
6 2 49 77
5 2 48 78
2 2 48 79
5 2 42 77
1 2 41 78
1 2 38 7
4 2 38 16
3 2 38 16
5 2 38 19
2 2 38 18
1 2 38 20
8 2 38 19
1 2 45 20
5 2 38 23
2 2 38 23
3 2 41 24
3 2 38 23
5 2 38 26
8 2 38 51
4 2 38 65
2 2 38 77
1 2 45 76
3 2 43 76
7 2 40 76
4 2 48 75
2 2 39 78
4 2 39 79
5 2 38 80
7 2 37 15
1 2 37 24
7 2 37 25
4 2 37 29
3 2 46 28
8 2 45 29
7 2 37 35
4 2 47 34
4 2 45 34
4 2 44 36
4 2 47 37
5 2 38 36
5 2 44 35
3 2 44 34
5 2 45 33
1 2 43 36
8 2 45 36
7 2 43 35
4 2 44 36
6 2 42 35
6 2 40 35
6 2 37 42
3 2 40 41
3 2 53 53
5 2 44 42
6 2 52 41
2 2 37 45
3 2 49 44
7 2 46 44
4 2 39 44
1 2 54 43
8 2 40 43
1 2 43 42
8 2 46 41
6 2 45 41
4 2 43 41
5 2 37 53
1 2 37 60
2 2 36 2
3 2 46 2
4 2 42 2
6 2 39 43
6 2 41 2
4 2 45 2
5 2 48 3
1 2 47 3
3 2 41 1
7 2 40 2
6 2 38 2
4 2 36 1
2 2 36 14
1 2 36 14
7 2 36 13
2 2 46 12
5 2 36 26
2 2 39 25
4 2 37 25
1 2 36 25
8 2 36 28
8 2 36 35
1 2 37 35
4 2 38 36
1 2 36 47
4 2 39 48
7 2 49 42
4 2 43 47
6 2 40 49
4 2 41 48
5 2 39 49
2 2 43 48
6 2 36 52
1 2 42 51
5 2 51 51
2 2 40 49
5 2 36 56
6 2 38 55
2 2 37 56
3 2 36 56
4 2 36 60
6 2 41 59
7 2 46 60
4 2 47 59
8 2 41 58
4 2 40 59
3 2 45 60
2 2 40 58
5 2 36 63
1 2 36 64
5 2 47 65
3 2 42 66
5 2 42 65
8 2 46 64
1 2 45 64
1 2 42 66
3 2 38 66
6 2 39 66
4 2 44 65
3 2 42 67
2 2 43 66
7 2 37 63
3 2 36 65
6 2 41 65
2 2 40 65
4 2 35 3
1 2 43 4
2 2 46 3
7 2 42 4
4 2 41 5
5 2 35 17
8 2 46 17
2 2 37 17
2 2 39 17
1 2 38 18
1 2 35 16
8 2 35 25
8 2 35 47
8 2 40 46
5 2 38 46
8 2 46 47
6 2 38 45
1 2 35 54
4 2 36 53
7 2 51 50
5 2 41 53
7 2 35 65
1 2 39 66
7 2 38 66
6 2 40 54
6 2 43 67
4 2 42 68
8 2 40 67
1 2 39 54
5 2 37 66
8 2 36 66
1 2 35 67
8 2 38 67
1 2 39 68
8 2 35 69
8 2 34 9
7 2 42 8
5 2 41 9
6 2 50 8
4 2 43 8
2 2 40 10
6 2 34 12
1 2 44 13
1 2 42 12
3 2 41 12
3 2 34 12
1 2 34 18
4 2 37 20
6 2 44 21
7 2 34 33
1 2 41 32
5 2 49 31
2 2 40 32
6 2 34 55
7 2 34 56
8 2 34 64
7 2 42 63
3 2 38 65
2 2 35 63
2 2 42 62
4 2 43 61
6 2 34 64
3 2 34 64
2 2 34 69
4 2 35 69
4 2 34 71
4 2 35 72
3 2 39 74
5 2 33 7
4 2 44 6
2 2 42 7
2 2 38 6
5 2 38 5
2 2 36 8
5 2 33 21
2 2 40 20
6 2 37 23
2 2 33 34
2 2 36 33
3 2 33 44
5 2 37 43
7 2 43 42
3 2 36 43
6 2 40 43
2 2 40 42
3 2 52 41
3 2 42 41
7 2 45 40
8 2 42 43
2 2 41 41
8 2 33 55
5 2 32 1
2 2 32 7
5 2 35 8
4 2 39 10
6 2 43 11
1 2 32 11
6 2 36 10
6 2 41 9
1 2 56 52
8 2 32 13
1 2 32 14
8 2 41 13
4 2 32 15
4 2 34 16
5 2 33 17
6 2 38 17
4 2 37 18
3 2 33 17
2 2 32 20
6 2 38 20
5 2 38 20
8 2 46 21
3 2 34 19
3 2 32 25
6 2 32 24
3 2 32 31
1 2 41 30
8 2 40 30
3 2 38 30
2 2 32 37
3 2 51 38
2 2 46 38
1 2 41 38
8 2 35 36
7 2 36 36
6 2 33 36
4 2 35 35
1 2 32 62
3 2 42 61
2 2 41 61
3 2 37 62
4 2 36 62
8 2 36 61
5 2 36 62
2 2 32 61
1 2 34 62
2 2 32 68
4 2 35 67
7 2 32 70
8 2 32 75
3 2 51 74
8 2 34 75
6 2 33 76
8 2 31 21
8 2 31 23
2 2 31 24
7 2 31 28
3 2 34 28
5 2 41 27
8 2 38 27
2 2 31 52
2 2 34 51
5 2 51 50
3 2 50 50
1 2 39 50
4 2 36 50
5 2 35 51
6 2 39 49
7 2 38 49
6 2 46 49
8 2 32 52
8 2 35 50
6 2 31 62
3 2 38 61
5 2 31 66
7 2 31 76
4 2 32 75
8 2 37 76
3 2 36 76
5 2 36 75
6 2 35 75
4 2 44 74
8 2 47 73
6 2 32 76
4 2 31 77
3 2 31 76
7 2 35 77
7 2 40 78
8 2 39 78
2 2 39 79
5 2 31 80
7 2 30 9
6 2 30 18
3 2 30 19
2 2 30 28
4 2 30 29
3 2 30 43
2 2 30 44
5 2 30 74
5 2 37 74
5 2 29 17
6 2 30 75
2 2 29 42
6 2 32 16
4 2 29 74
1 2 34 41
2 2 34 74
6 2 29 79
2 2 31 78
8 2 33 73
5 2 34 72
6 2 34 79
3 2 34 79
1 2 30 79
2 2 32 78
7 2 30 80
2 2 30 79
5 2 28 7
5 2 37 73
3 2 39 72
2 2 44 6
2 2 44 72
3 2 45 71
1 2 44 71
1 2 43 6
5 2 43 72
4 2 36 6
8 2 35 6
7 2 43 5
1 2 30 8
4 2 35 9
8 2 34 9
7 2 31 7
2 2 44 71
3 2 30 7
8 2 28 11
8 2 31 10
1 2 33 9
1 2 28 16
7 2 31 14
2 2 28 21
3 2 33 10
6 2 28 20
4 2 28 30
7 2 28 43
1 2 31 43
3 2 30 31
8 2 28 42
4 2 28 50
6 2 31 49
8 2 31 48
1 2 34 43
5 2 29 51
8 2 28 57
3 2 28 69
6 2 31 68
7 2 30 69
4 2 35 49
7 2 28 72
8 2 37 69
8 2 40 71
7 2 33 71
4 2 30 71
2 2 33 73
1 2 36 73
2 2 35 74
1 2 32 72
8 2 28 77
3 2 27 26
3 2 29 27
7 2 38 28
5 2 32 26
6 2 32 29
4 2 28 27
6 2 33 26
6 2 31 27
4 2 30 26
8 2 29 26
3 2 30 25
4 2 29 26
7 2 30 27
3 2 27 30
8 2 36 30
3 2 35 30
1 2 30 29
8 2 30 31
4 2 34 31
7 2 39 33
6 2 38 33
5 2 33 31
8 2 42 31
4 2 31 31
1 2 36 31
8 2 28 30
5 2 30 29
2 2 35 27
2 2 33 29
5 2 32 29
2 2 30 30
3 2 27 39
5 2 31 40
6 2 42 39
5 2 43 38
6 2 39 39
4 2 39 38
8 2 34 39
2 2 41 38
6 2 31 40
8 2 37 39
1 2 37 40
5 2 33 40
4 2 30 38
6 2 32 39
6 2 30 38
5 2 36 38
8 2 36 37
2 2 35 37
4 2 28 38
6 2 35 39
3 2 34 37
4 2 31 37
2 2 31 40
7 2 28 38
2 2 27 52
8 2 27 54
4 2 42 54
5 2 32 54
8 2 34 53
1 2 30 53
4 2 31 53
5 2 40 54
1 2 39 54
4 2 39 54
3 2 38 54
8 2 39 53
6 2 30 53
7 2 30 54
1 2 30 55
7 2 27 55
3 2 27 56
6 2 38 57
2 2 27 55
6 2 28 56
4 2 27 60
6 2 37 60
7 2 36 59
2 2 36 61
8 2 32 59
5 2 30 62
2 2 30 62
8 2 30 63
6 2 27 64
1 2 31 64
8 2 30 64
5 2 30 65
8 2 27 73
1 2 26 6
4 2 30 5
4 2 32 4
6 2 36 3
2 2 39 4
3 2 38 4
4 2 37 4
7 2 35 3
3 2 35 4
1 2 27 7
7 2 46 70
2 2 26 8
6 2 31 7
5 2 31 7
3 2 30 7
1 2 26 11
1 2 32 10
7 2 29 8
5 2 26 19
4 2 30 18
2 2 26 24
8 2 28 23
5 2 32 10
3 2 27 23
4 2 27 22
7 2 28 24
4 2 28 23
7 2 26 23
7 2 27 24
2 2 29 23
2 2 26 26
3 2 26 25
5 2 26 27
8 2 26 31
6 2 29 30
1 2 28 31
4 2 29 31
4 2 34 21
6 2 33 22
3 2 26 36
5 2 32 35
6 2 27 36
5 2 27 35
3 2 26 66
5 2 28 65
3 2 27 66
4 2 27 66
1 2 26 80
8 2 25 2
4 2 31 1
8 2 30 2
6 2 25 5
1 2 30 6
5 2 25 8
2 2 25 9
7 2 35 32
8 2 35 32
2 2 34 32
3 2 37 32
7 2 25 11
6 2 28 12
7 2 30 11
5 2 26 12
6 2 29 13
8 2 25 21
1 2 25 21
1 2 31 21
2 2 30 21
8 2 25 32
4 2 34 33
6 2 25 47
7 2 25 56
7 2 25 58
1 2 31 59
1 2 37 58
6 2 26 59
2 2 36 58
2 2 33 61
1 2 25 61
4 2 25 64
6 2 35 63
3 2 24 10
4 2 24 18
3 2 27 16
8 2 24 25
1 2 25 24
3 2 24 27
2 2 24 47
2 2 36 47
6 2 35 47
1 2 35 48
3 2 28 47
3 2 34 48
4 2 24 49
8 2 25 50
2 2 24 51
7 2 24 52
4 2 25 52
6 2 31 51
3 2 33 50
8 2 26 51
2 2 29 52
2 2 24 62
2 2 27 63
7 2 24 65
7 2 24 78
4 2 26 77
3 2 25 77
7 2 23 3
8 2 32 3
6 2 29 4
2 2 23 6
6 2 25 7
7 2 23 9
3 2 26 10
3 2 23 24
4 2 24 23
1 2 27 22
1 2 31 21
7 2 24 24
8 2 23 23
6 2 24 23
3 2 23 41
8 2 23 44
4 2 34 43
8 2 44 44
6 2 28 46
2 2 43 45
7 2 25 46
5 2 23 47
6 2 23 47
7 2 23 62
1 2 30 61
2 2 23 67
3 2 34 67
7 2 33 67
7 2 28 68
2 2 36 69
4 2 23 79
5 2 24 80
7 2 22 1
1 2 32 1
2 2 22 17
4 2 31 18
1 2 22 21
5 2 22 20
8 2 26 20
5 2 23 19
8 2 27 19
6 2 27 20
3 2 26 21
5 2 22 24
1 2 22 23
7 2 30 22
7 2 22 28
1 2 26 29
8 2 23 28
6 2 22 30
7 2 22 38
6 2 29 37
8 2 29 40
8 2 27 39
1 2 29 38
5 2 28 39
2 2 26 39
3 2 22 43
4 2 28 44
6 2 22 55
1 2 27 54
8 2 24 54
4 2 27 53
2 2 22 63
7 2 25 64
7 2 22 68
8 2 23 69
8 2 35 69
6 2 22 71
6 2 34 70
4 2 25 70
1 2 34 69
7 2 33 70
6 2 36 71
2 2 28 71
8 2 25 71
6 2 27 70
5 2 27 69
6 2 25 71
2 2 22 74
2 2 31 75
4 2 22 74
3 2 21 4
6 2 31 3
3 2 21 7
3 2 23 6
6 2 25 6
3 2 21 9
4 2 21 19
6 2 21 23
7 2 21 25
3 2 22 22
5 2 21 22
6 2 21 25
8 2 21 26
1 2 21 49
5 2 21 57
4 2 21 58
6 2 23 60
8 2 21 61
4 2 22 51
7 2 26 60
8 2 25 60
7 2 31 50
5 2 31 49
4 2 27 59
4 2 25 59
5 2 21 66
2 2 21 69
1 2 22 69
5 2 22 69
8 2 21 71
4 2 21 70
7 2 21 69
3 2 27 68
4 2 21 76
7 2 21 78
5 2 28 71
4 2 20 27
1 2 23 27
3 2 22 28
4 2 20 45
5 2 27 44
3 2 26 45
6 2 25 44
2 2 20 51
3 2 20 50
6 2 25 50
3 2 28 49
1 2 27 50
1 2 20 56
4 2 20 55
3 2 20 57
7 2 26 58
2 2 21 58
6 2 28 77
2 2 29 76
1 2 28 76
2 2 27 57
7 2 20 75
5 2 25 74
7 2 24 74
4 2 23 76
1 2 20 78
2 2 19 5
4 2 30 57
6 2 29 4
1 2 19 19
2 2 21 5
6 2 19 20
4 2 19 25
4 2 19 36
4 2 27 35
1 2 21 35
7 2 28 37
6 2 26 34
4 2 21 34
3 2 33 33
6 2 20 26
2 2 19 62
4 2 20 63
5 2 19 75
2 2 18 24
1 2 18 23
5 2 18 32
3 2 22 31
2 2 22 31
1 2 18 48
6 2 21 33
8 2 22 47
3 2 21 32
5 2 24 32
2 2 21 47
8 2 19 47
4 2 24 46
1 2 31 34
7 2 18 56
8 2 18 61
3 2 18 60
7 2 18 59
5 2 22 59
6 2 20 58
1 2 21 59
8 2 20 59
1 2 24 58
8 2 18 64
6 2 18 67
8 2 18 68
2 2 18 75
2 2 20 75
6 2 18 78
4 2 24 78
5 2 23 78
5 2 19 78
3 2 18 78
7 2 22 79
6 2 17 5
6 2 22 4
5 2 31 2
2 2 30 3
2 2 17 6
8 2 23 7
4 2 17 6
4 2 19 5
3 2 17 15
8 2 23 13
2 2 28 12
4 2 36 13
3 2 35 14
1 2 27 12
3 2 23 15
7 2 25 14
2 2 22 14
3 2 25 15
8 2 24 13
5 2 24 15
5 2 26 14
3 2 20 16
4 2 22 15
2 2 25 16
8 2 23 14
8 2 17 14
4 2 24 13
7 2 24 15
5 2 21 13
4 2 17 16
5 2 17 24
2 2 20 24
8 2 17 23
3 2 19 22
5 2 18 22
4 2 17 32
3 2 17 33
4 2 26 33
1 2 25 33
8 2 17 33
1 2 17 32
5 2 17 42
5 2 18 42
6 2 27 41
1 2 36 47
3 2 22 42
7 2 30 41
3 2 17 48
8 2 17 55
2 2 19 41
3 2 19 40
4 2 25 57
7 2 19 42
8 2 19 54
8 2 18 42
5 2 19 41
4 2 26 39
4 2 17 60
1 2 17 64
6 2 17 65
3 2 17 67
5 2 17 80
5 2 16 13
4 2 19 14
6 2 19 13
7 2 18 12
6 2 16 14
3 2 16 40
4 2 21 39
2 2 17 39
8 2 20 38
2 2 19 39
3 2 19 64
7 2 16 42
4 2 17 40
5 2 18 39
5 2 16 51
1 2 16 52
3 2 16 60
6 2 16 63
3 2 21 63
1 2 20 63
5 2 19 64
1 2 16 68
3 2 16 69
7 2 16 68
4 2 16 75
2 2 21 76
8 2 22 76
4 2 15 7
3 2 16 6
1 2 28 5
8 2 27 5
2 2 20 7
3 2 38 40
1 2 16 5
3 2 15 25
6 2 15 38
6 2 21 37
1 2 26 35
2 2 21 36
7 2 15 40
7 2 31 41
1 2 15 46
7 2 15 53
5 2 15 53
3 2 22 53
2 2 16 52
3 2 14 1
8 2 14 2
6 2 27 2
2 2 26 3
7 2 25 3
5 2 25 2
5 2 18 2
7 2 18 1
2 2 14 2
4 2 17 3
5 2 14 4
5 2 14 8
6 2 24 9
7 2 14 9
6 2 18 8
1 2 20 9
6 2 15 6
5 2 14 26
3 2 14 29
5 2 16 8
1 2 16 8
8 2 20 9
2 2 20 9
5 2 19 9
4 2 16 9
5 2 20 28
1 2 14 34
6 2 18 36
3 2 19 37
1 2 20 37
6 2 24 37
3 2 17 36
1 2 17 36
7 2 14 34
5 2 14 33
3 2 14 40
2 2 14 42
6 2 28 42
5 2 28 41
8 2 16 42
4 2 14 41
6 2 16 40
7 2 14 44
4 2 14 57
2 2 14 56
5 2 25 57
7 2 24 57
3 2 24 58
8 2 23 57
6 2 13 18
1 2 18 17
7 2 23 17
4 2 18 17
7 2 24 18
6 2 23 18
6 2 21 17
2 2 18 20
7 2 17 20
2 2 13 30
8 2 16 32
4 2 13 39
5 2 18 38
4 2 14 38
4 2 13 46
2 2 13 77
4 2 16 78
7 2 15 77
7 2 16 78
5 2 12 5
4 2 12 17
1 2 19 18
7 2 20 19
5 2 15 19
2 2 15 18
5 2 23 17
3 2 22 17
7 2 21 17
3 2 18 17
8 2 12 23
7 2 16 22
4 2 14 24
6 2 14 25
1 2 17 27
2 2 13 24
3 2 12 32
4 2 12 36
2 2 12 41
4 2 25 41
6 2 12 47
5 2 18 48
7 2 19 49
1 2 24 50
5 2 16 48
7 2 12 60
8 2 23 59
6 2 12 73
6 2 22 73
1 2 14 72
3 2 21 73
5 2 20 73
6 2 19 71
1 2 27 71
2 2 26 72
8 2 25 72
5 2 12 76
2 2 11 3
3 2 22 2
3 2 11 4
5 2 11 14
1 2 16 13
6 2 24 12
2 2 15 14
8 2 16 15
3 2 15 15
4 2 14 13
5 2 15 12
5 2 14 15
7 2 11 22
1 2 12 22
8 2 11 22
2 2 11 30
6 2 11 54
1 2 13 56
4 2 22 54
2 2 11 65
4 2 15 63
7 2 19 62
3 2 15 65
4 2 13 65
4 2 11 64
6 2 11 74
7 2 14 75
4 2 11 76
7 2 11 78
3 2 11 79
1 2 10 13
8 2 10 13
8 2 11 12
1 2 16 11
4 2 10 24
7 2 10 27
3 2 12 26
2 2 10 35
7 2 10 37
6 2 17 37
8 2 16 36
2 2 16 37
4 2 15 36
3 2 14 36
8 2 14 37
8 2 11 37
2 2 10 53
7 2 20 54
7 2 14 52
8 2 15 51
7 2 21 50
7 2 11 51
6 2 10 52
8 2 10 56
2 2 22 57
5 2 18 57
5 2 12 56
7 2 20 57
5 2 10 60
2 2 23 59
1 2 10 60
6 2 10 64
5 2 10 64
8 2 12 63
6 2 15 62
3 2 11 63
8 2 10 68
5 2 10 70
1 2 10 77
8 2 9 1
4 2 12 2
6 2 19 1
4 2 18 1
4 2 13 1
1 2 18 2
3 2 13 3
1 2 11 3
1 2 13 3
7 2 11 3
8 2 13 2
5 2 11 2
7 2 10 2
8 2 9 11
7 2 9 18
5 2 14 17
8 2 18 16
4 2 9 20
2 2 12 19
2 2 11 20
7 2 10 20
4 2 15 21
2 2 14 20
6 2 9 48
1 2 20 49
6 2 19 49
8 2 16 48
1 2 15 48
4 2 14 48
3 2 20 47
7 2 13 48
8 2 11 48
3 2 11 48
7 2 10 48
5 2 11 47
4 2 14 48
8 2 19 47
3 2 15 47
2 2 9 48
6 2 9 62
6 2 16 61
5 2 9 67
6 2 11 66
4 2 10 66
3 2 9 68
4 2 16 68
6 2 9 75
7 2 9 78
2 2 12 79
2 2 9 80
5 2 8 15
8 2 15 17
1 2 15 16
7 2 8 45
6 2 9 43
7 2 9 42
1 2 12 41
6 2 12 43
7 2 8 67
4 2 8 68
6 2 11 68
8 2 8 70
2 2 18 71
6 2 14 69
5 2 11 69
5 2 9 69
3 2 13 70
2 2 14 71
8 2 13 71
1 2 7 3
7 2 7 19
4 2 13 19
2 2 7 47
1 2 7 56
5 2 14 57
6 2 7 70
7 2 6 13
3 2 6 18
1 2 11 17
3 2 6 31
1 2 8 31
5 2 6 50
5 2 12 51
4 2 11 51
8 2 18 50
6 2 11 50
5 2 25 51
8 2 6 62
3 2 10 61
5 2 6 62
7 2 7 62
2 2 6 65
1 2 10 64
2 2 6 72
5 2 5 1
7 2 6 2
6 2 5 9
5 2 10 9
4 2 17 9
8 2 5 17
7 2 7 16
7 2 5 16
4 2 5 20
8 2 5 23
2 2 5 44
3 2 8 42
5 2 7 44
1 2 9 8
5 2 11 8
7 2 10 45
5 2 12 7
6 2 7 44
7 2 19 45
5 2 9 45
7 2 14 45
5 2 16 45
5 2 11 45
3 2 6 44
3 2 14 44
3 2 19 43
4 2 14 45
2 2 7 44
3 2 5 58
6 2 13 45
3 2 9 57
4 2 8 57
1 2 15 59
8 2 8 57
6 2 7 57
4 2 9 57
2 2 6 59
6 2 5 61
7 2 5 67
4 2 17 66
1 2 11 58
4 2 5 69
2 2 11 66
3 2 7 71
7 2 12 72
7 2 5 71
3 2 18 72
3 2 4 3
2 2 4 4
7 2 6 5
7 2 9 71
7 2 15 72
6 2 12 6
6 2 12 72
2 2 13 72
3 2 13 74
1 2 4 11
5 2 6 10
1 2 4 20
1 2 4 31
3 2 6 11
2 2 7 10
8 2 11 11
7 2 8 30
4 2 11 31
8 2 7 31
5 2 10 31
6 2 4 32
5 2 11 34
7 2 4 44
1 2 13 9
3 2 17 43
2 2 8 44
3 2 7 44
3 2 4 49
8 2 5 48
8 2 4 52
8 2 9 52
6 2 13 53
5 2 17 54
5 2 19 55
1 2 5 51
4 2 4 57
4 2 4 62
5 2 4 67
5 2 10 67
3 2 9 67
1 2 6 66
8 2 8 65
8 2 4 67
4 2 4 73
3 2 6 72
1 2 9 71
3 2 4 78
4 2 8 77
8 2 8 76
5 2 6 78
5 2 4 79
1 2 9 78
4 2 9 77
4 2 3 2
3 2 3 11
5 2 12 10
2 2 16 11
6 2 3 10
4 2 4 9
7 2 3 13
6 2 3 13
8 2 12 12
2 2 3 13
2 2 5 12
1 2 11 13
1 2 3 24
1 2 3 29
8 2 7 25
1 2 6 25
5 2 6 26
5 2 6 30
1 2 8 29
1 2 10 28
2 2 3 45
4 2 5 44
6 2 7 30
8 2 11 28
8 2 4 44
6 2 3 58
1 2 8 56
2 2 8 57
3 2 13 58
1 2 6 57
6 2 11 58
3 2 3 61
6 2 9 60
2 2 8 60
5 2 7 62
7 2 8 63
7 2 3 69
3 2 6 68
5 2 7 67
2 2 11 69
2 2 6 67
1 2 4 68
5 2 4 69
7 2 2 2
5 2 8 1
5 2 2 5
5 2 2 7
6 2 9 7
2 2 14 45
1 2 8 6
3 2 12 7
5 2 2 16
7 2 9 17
5 2 8 18
3 2 7 17
8 2 10 18
2 2 9 18
6 2 4 15
7 2 4 14
8 2 10 15
4 2 5 15
6 2 2 20
8 2 2 24
6 2 5 25
2 2 2 41
6 2 8 43
3 2 9 42
7 2 3 40
6 2 2 42
4 2 2 50
6 2 4 52
5 2 5 51
5 2 2 53
2 2 2 53
5 2 15 55
8 2 14 55
1 2 5 52
4 2 3 54
2 2 4 53
8 2 7 54
2 2 9 55
6 2 6 54
8 2 2 54
7 2 2 55
1 2 8 54
2 2 2 65
8 2 2 65
3 2 2 66
3 2 3 65
2 2 2 68
5 2 8 69
4 2 2 72
3 2 6 72
1 2 4 73
3 2 2 75
3 2 20 74
8 2 9 75
2 2 8 75
8 2 15 74
6 2 9 75
8 2 2 77
8 2 8 76
3 2 7 76
6 2 1 18
2 2 1 25
8 2 5 25
5 2 3 26
4 2 10 26
1 2 4 25
5 2 1 25
4 2 2 26
5 2 1 50
4 2 4 50
3 2 1 52
1 2 1 54
6 2 12 53
5 2 1 65
2 2 35 8
1 3 36 1
4 3 33 35
1 3 32 9
5 3 32 46
6 3 31 33
6 3 30 30
3 3 29 35
7 3 29 80
6 3 28 18
2 3 28 49
2 3 28 77
7 2 27 77
6 2 26 77
3 3 27 58
3 3 26 8
1 3 26 30
6 3 26 40
1 3 26 41
8 3 26 73
1 3 25 33
4 3 25 33
2 3 24 6
6 3 24 47
6 3 23 30
6 3 23 41
8 3 22 33
7 3 22 40
1 2 21 40
5 3 22 44
1 3 21 4
7 2 20 4
2 3 21 10
2 3 21 47
8 3 20 8
7 3 27 33
1 3 25 9
5 3 19 27
8 2 18 27
2 3 19 49
3 3 18 11
1 3 18 63
6 3 18 76
8 3 19 53
7 2 18 53
7 3 17 23
4 3 16 43
1 3 16 48
2 3 16 54
2 3 16 74
3 3 15 2
8 3 15 20
7 3 15 52
8 3 14 79
6 3 13 29
7 2 17 28
2 3 17 27
6 2 16 28
1 3 13 37
8 3 13 38
7 3 13 47
7 3 13 55
6 3 13 70
7 3 15 71
5 3 14 70
3 3 12 19
6 3 21 19
8 3 12 30
3 3 12 36
4 3 12 56
6 3 11 62
8 2 11 62
8 3 11 67
2 3 11 77
6 3 10 10
2 3 10 47
2 3 9 27
8 3 9 29
8 3 10 72
5 3 9 38
1 3 9 38
4 3 8 18
8 2 10 18
5 3 8 56
6 3 8 76
5 2 8 75
5 2 11 29
7 3 13 75
8 3 7 59
6 3 20 59
8 3 6 13
6 3 6 37
5 2 5 37
3 3 5 36
6 2 4 37
7 2 10 39
6 3 5 39
4 2 20 40
5 2 19 40
2 3 5 68
8 2 4 68
1 3 4 7
3 2 12 7
8 2 11 6
5 3 20 77
2 2 19 77
7 3 4 21
7 2 7 22
1 2 7 22
4 3 4 34
6 2 20 33
5 3 4 74
1 2 3 75
1 2 7 75
6 2 8 75
6 3 3 23
6 2 4 22
2 2 3 23
5 3 20 21
5 3 10 25
6 3 4 23
4 3 3 37
6 3 3 49
1 3 2 6
6 2 6 5
2 2 6 4
3 2 5 6
2 2 2 7
6 2 3 5
5 2 4 4
7 2 3 4
7 3 2 21
3 3 2 35
2 2 4 34
1 2 4 33
3 2 18 33
7 2 3 35
1 2 1 36
3 2 1 36
7 3 8 32
6 2 21 32
3 3 2 70
1 2 3 71
5 2 3 72
4 2 4 71
2 2 3 71
1 3 1 16
2 3 10 15
1 3 3 14
6 3 7 15
2 2 7 16
3 3 1 41
5 2 2 40
1 2 3 43
6 2 2 43
1 3 14 41
6 3 26 9
7 4 25 12
8 4 24 32
2 4 24 46
7 4 21 35
2 2 21 34
5 2 20 35
8 4 21 60
8 4 18 49
6 4 18 73
1 4 16 8
5 2 24 8
5 4 16 48
1 4 18 50
4 2 17 50
5 4 16 61
4 4 15 77
4 4 13 38
6 4 13 55
2 4 13 69
8 4 13 76
5 4 12 4
2 4 12 5
2 4 12 63
8 4 11 24
7 4 11 49
8 2 12 48
6 2 12 48
5 2 11 48
8 4 11 58
6 4 11 73
1 4 9 9
7 2 15 9
2 2 11 10
7 3 11 10
8 4 11 9
5 4 9 22
2 3 11 22
2 3 16 21
5 4 9 44
6 4 8 52
4 2 16 53
4 4 12 52
6 3 21 53
7 4 8 55
4 4 8 69
8 4 7 10
6 4 7 16
1 4 7 65
4 4 8 64
2 4 6 13
5 2 5 13
7 2 6 12
2 2 5 13
3 4 6 25
3 4 6 32
3 4 5 2
7 4 5 45
2 2 8 46
6 2 11 45
7 3 17 46
7 4 14 45
3 4 5 53
7 2 4 53
1 4 4 69
8 2 4 69
6 2 9 70
7 2 3 69
8 2 5 69
5 4 3 11
6 2 3 11
6 4 3 27
3 3 4 27
8 4 11 27
5 4 3 49
2 3 3 49
3 4 1 45
4 2 7 46
8 2 4 46
3 2 3 47
2 4 1 50
1 2 1 51
8 2 2 49
6 2 1 49
2 2 11 50
3 4 8 52
3 4 5 50
6 4 4 51
2 2 7 50
1 4 4 52
4 4 1 67
6 2 2 68
3 2 1 69
1 3 1 66
7 4 4 66
5 5 19 22
8 5 18 28
1 5 16 12
7 5 14 33
2 5 14 34
6 5 14 46
5 2 13 46
7 5 13 60
7 5 12 33
2 2 12 33
8 2 12 34
2 5 11 12
8 5 11 13
2 5 11 29
4 5 11 63
4 5 8 4
3 5 8 28
7 2 6 30
8 2 5 31
1 5 8 61
8 2 7 61
6 5 8 66
8 5 7 15
4 5 7 34
1 2 8 33
5 5 6 3
7 3 6 4
7 5 5 45
4 5 5 47
5 5 5 54
8 5 4 16
6 2 3 16
1 2 4 15
7 5 3 25
1 3 3 26
1 5 4 27
5 2 4 27
6 2 3 28
7 3 3 27
2 2 2 27
4 3 4 28
6 5 3 37
2 5 1 68
1 4 10 28
8 6 15 18
4 6 11 8
6 2 10 8
4 2 15 8
3 2 14 9
6 5 15 7
4 6 6 60
2 3 4 61
5 4 5 61
3 2 5 60
5 6 9 58
2 6 5 11
7 2 5 10
8 6 4 22
6 6 3 2
1 2 2 2
6 6 1 53
5 7 11 41
3 7 11 73
6 7 10 18
5 2 10 18
1 7 9 20
6 7 6 18
3 2 7 18
3 7 3 70
4 2 2 71
4 6 7 19
4 8 14 40
4 8 6 76
5 2 5 76
6 8 5 13
3 8 5 73
7 8 4 38
8 2 4 39
5 2 4 38
8 8 2 9
7 2 2 12
7 2 1 9
4 2 1 11
5 8 2 17
7 8 2 41
1 2 1 41
5 2 3 40
7 2 1 41
2 2 1 41
3 2 2 40
7 7 3 42
6 2 2 42
7 8 1 72
8 2 1 71
2 3 2 73
7 2 3 75
4 2 2 75
8 2 1 74
4 9 6 27
8 2 5 27
6 9 6 32
1 9 6 73
5 10 4 31
1 2 4 32
7 2 5 33
8 2 4 35
6 2 2 34
8 10 4 53
1 2 4 54
4 10 6 6
2 2 1 9
3 3 1 8
6 2 2 7
8 2 1 8
2 2 2 7
4 2 4 6
1 2 3 6
5 2 3 7
7 2 1 7
6 2 2 8
3 11 6 5
8 2 3 6
1 3 2 7
7 11 6 29
2 11 2 42
6 11 2 62
1 3 3 62
6 2 4 61
6 12 5 50
3 9 8 5
8 14 4 1
2 2 3 1
3 15 3 41
4 17 9 56
6 13 10 19
