1557363
2237
7 2 20 8
4 2 20 31
3 2 20 34
4 2 20 42
4 2 20 53
5 2 20 59
4 2 20 65
2 2 20 73
2 2 20 82
2 2 20 98
5 2 20 101
2 2 20 103
6 2 20 111
2 2 20 134
7 2 20 151
5 2 20 172
2 2 20 175
5 2 19 27
2 2 19 45
7 2 19 48
7 2 19 61
6 2 19 74
3 2 19 80
4 2 19 81
8 2 19 86
7 2 19 88
7 2 19 91
3 2 19 90
6 2 19 103
6 2 19 154
2 2 19 165
3 2 19 167
3 2 19 182
7 2 19 185
4 2 19 188
8 2 19 191
5 2 19 192
1 2 19 192
3 2 19 194
3 2 18 4
8 2 18 5
8 2 18 24
4 2 18 28
5 2 18 56
6 2 18 57
5 2 18 66
2 2 18 74
1 2 18 83
8 2 18 88
4 2 18 89
3 2 18 117
5 2 18 117
8 2 19 200
1 2 18 118
5 2 18 123
5 2 18 129
6 2 18 129
5 2 18 137
5 2 18 140
6 2 18 140
4 2 18 145
4 2 18 159
7 2 18 164
1 2 18 166
8 2 18 168
5 2 18 184
3 2 18 183
6 2 18 186
2 2 18 194
7 2 17 4
5 2 17 5
6 2 17 13
5 2 17 37
4 2 18 36
8 2 17 41
1 2 18 42
3 2 17 47
1 2 18 47
7 2 17 69
3 2 17 68
4 2 17 82
2 2 17 94
7 2 17 96
1 2 18 198
7 2 17 99
6 2 18 100
2 2 18 101
1 2 17 106
5 2 17 115
6 2 17 116
6 2 18 115
8 2 17 136
5 2 17 159
3 2 17 160
6 2 19 95
2 2 17 180
4 2 17 193
7 2 17 194
1 2 16 1
3 2 16 5
5 2 16 20
5 2 18 22
4 2 16 38
1 2 19 39
1 2 18 36
1 2 17 38
5 2 17 39
8 2 18 40
7 2 16 43
6 2 18 44
5 2 17 42
1 2 16 58
8 2 16 62
3 2 16 96
4 2 16 105
5 2 18 105
5 2 16 107
2 2 18 108
4 2 16 113
2 2 18 112
3 2 16 121
5 2 16 143
5 2 16 148
5 2 16 152
5 2 16 200
1 2 16 500
6 2 15 12
3 2 19 11
2 2 17 13
5 2 15 15
4 2 18 16
2 2 17 15
8 2 15 21
1 2 17 21
1 2 15 22
6 2 18 23
7 2 17 23
5 2 15 26
6 2 15 35
4 2 18 34
2 2 16 34
5 2 15 44
2 2 15 54
4 2 17 53
5 2 16 55
2 2 15 68
8 2 19 67
8 2 17 68
1 2 15 68
6 2 15 70
2 2 17 72
8 2 15 72
8 2 17 73
3 2 17 72
7 2 16 72
2 2 15 77
8 2 18 76
7 2 18 76
3 2 15 89
7 2 15 91
8 2 15 91
2 2 15 95
6 2 15 109
6 2 18 110
1 2 15 118
8 2 15 122
7 2 15 125
7 2 17 125
2 2 17 125
1 2 15 139
2 2 15 144
6 2 18 143
3 2 17 144
7 2 15 148
1 2 16 147
3 2 15 147
8 2 15 152
6 2 16 152
3 2 15 152
5 2 17 153
4 2 15 159
2 2 15 171
3 2 18 170
7 2 15 173
4 2 15 173
8 2 15 185
3 2 17 186
1 2 15 186
3 2 15 193
3 2 14 23
6 2 14 41
7 2 14 68
4 2 14 79
5 2 17 81
8 2 17 81
1 2 14 81
3 2 14 87
8 2 14 89
4 2 14 94
8 2 14 101
5 2 16 102
2 2 14 102
2 2 14 114
2 2 17 113
3 2 15 115
8 2 14 113
5 2 15 112
1 2 14 116
5 2 14 125
7 2 14 151
1 2 16 150
5 2 15 150
4 2 14 162
7 2 14 171
4 2 14 177
3 2 14 186
1 2 16 170
2 2 16 169
3 2 17 187
4 2 15 187
6 2 14 188
8 2 14 187
7 2 14 189
2 2 13 16
7 2 14 18
4 2 13 28
4 2 13 45
2 2 16 46
1 2 14 44
3 2 13 48
2 2 15 49
5 2 15 50
3 2 14 49
7 2 13 58
1 2 17 57
5 2 13 69
3 2 13 77
2 2 13 86
5 2 13 115
5 2 13 119
7 2 17 120
1 2 13 125
6 2 13 143
8 2 13 154
1 2 15 155
2 2 13 162
1 2 18 168
4 2 13 164
6 2 15 165
5 2 16 167
7 2 13 177
2 2 17 178
4 2 13 181
4 2 15 181
2 2 12 6
7 2 13 5
6 2 12 16
5 2 12 27
3 2 17 29
2 2 15 28
5 2 13 26
5 2 12 38
5 2 12 51
8 2 12 53
7 2 14 54
6 2 12 61
2 2 14 60
8 2 16 61
8 2 13 60
1 2 12 61
2 2 12 73
8 2 12 77
5 2 15 76
4 2 12 80
1 2 16 79
5 2 13 79
4 2 15 78
1 2 12 85
4 2 12 87
7 2 12 96
6 2 12 96
1 2 18 98
5 2 16 97
2 2 13 97
2 2 15 98
3 2 15 99
8 2 14 99
3 2 14 98
6 2 13 96
7 2 12 100
2 2 12 101
5 2 14 100
1 2 12 103
8 2 14 104
3 2 12 105
2 2 16 104
3 2 12 111
1 2 12 113
4 2 12 124
1 2 12 140
6 2 14 140
2 2 13 139
3 2 12 139
8 2 12 138
7 2 12 140
1 2 12 143
8 2 14 142
8 2 14 144
8 2 15 145
4 2 13 143
2 2 12 160
6 2 15 160
1 2 12 193
4 2 12 194
3 2 11 1
5 2 11 12
3 2 16 11
8 2 14 13
2 2 14 12
8 2 14 11
4 2 13 11
1 2 14 11
4 2 11 16
4 2 16 15
6 2 13 17
8 2 13 16
7 2 12 16
1 2 12 17
4 2 11 26
6 2 11 25
1 2 11 38
8 2 14 37
5 2 11 40
5 2 15 41
2 2 11 43
5 2 11 49
6 2 13 48
8 2 11 66
8 2 11 90
2 2 13 91
6 2 14 92
7 2 13 92
5 2 12 92
8 2 11 98
8 2 11 104
7 2 11 121
5 2 15 120
7 2 16 119
8 2 14 120
2 2 13 120
5 2 11 120
5 2 11 140
4 2 11 146
1 2 11 175
6 2 16 175
5 2 16 174
3 2 15 174
7 2 15 176
4 2 15 176
8 2 14 174
2 2 14 173
3 2 11 177
8 2 11 181
4 2 11 182
5 2 13 181
6 2 14 182
3 2 12 182
4 2 11 197
6 2 17 161
2 2 17 196
6 2 15 196
5 2 12 196
1 2 15 195
1 2 10 7
8 2 12 6
8 2 10 26
1 2 14 27
7 2 15 28
1 2 11 28
4 2 10 31
8 2 13 32
5 2 15 33
8 2 15 197
3 2 14 33
4 2 10 38
7 2 10 46
7 2 10 57
2 2 14 56
6 2 11 57
5 2 10 61
2 2 11 62
7 2 10 64
7 2 15 32
6 2 15 33
6 2 10 67
7 2 10 73
2 2 10 84
4 2 12 83
4 2 17 63
6 2 16 63
8 2 16 64
5 2 13 82
4 2 10 92
2 2 10 99
3 2 10 107
6 2 15 106
7 2 14 106
5 2 12 107
3 2 11 107
4 2 11 106
7 2 10 113
2 2 10 116
6 2 13 117
4 2 13 118
2 2 12 115
3 2 12 117
2 2 10 119
7 2 10 119
1 2 10 120
5 2 10 125
8 2 10 143
5 2 10 159
7 2 11 158
3 2 10 168
1 2 12 169
2 2 10 175
8 2 10 177
4 2 13 178
6 2 14 177
4 2 10 178
8 2 14 180
5 2 10 179
6 2 10 180
2 2 10 181
5 2 10 184
4 2 10 185
3 2 10 188
4 2 12 186
1 2 11 187
4 2 10 188
6 2 17 84
5 2 13 189
7 2 16 190
5 2 10 187
5 2 9 17
5 2 9 26
3 2 9 25
1 2 9 24
6 2 9 26
3 2 9 31
6 2 16 31
3 2 16 189
4 2 15 30
2 2 9 38
7 2 9 44
2 2 12 43
7 2 11 45
7 2 10 43
6 2 9 45
7 2 9 52
6 2 17 30
1 2 9 53
6 2 14 54
6 2 9 54
4 2 9 57
3 2 9 60
8 2 15 59
3 2 14 59
2 2 9 61
6 2 9 62
1 2 9 79
4 2 9 81
6 2 9 82
7 2 11 81
2 2 11 82
8 2 9 92
7 2 9 94
3 2 12 93
5 2 11 96
5 2 9 95
4 2 13 94
3 2 9 94
1 2 12 93
5 2 9 130
2 2 9 129
7 2 15 129
2 2 15 130
1 2 17 51
8 2 15 131
3 2 14 131
8 2 17 133
8 2 9 130
4 2 12 130
8 2 11 130
4 2 9 132
1 2 14 131
1 2 16 132
2 2 9 152
4 2 13 151
5 2 9 156
6 2 9 167
3 2 9 171
2 2 12 170
7 2 15 169
6 2 14 169
3 2 10 172
3 2 13 174
3 2 11 173
4 2 12 173
5 2 11 172
8 2 13 171
2 2 10 171
3 2 11 170
4 2 10 173
6 2 10 174
3 2 9 174
2 2 9 179
8 2 11 178
8 2 9 179
4 2 9 180
3 2 10 179
1 2 9 195
4 2 9 351
4 2 9 356
4 2 9 361
4 2 9 366
4 2 9 371
4 2 9 376
4 2 9 381
4 2 9 386
4 2 9 391
4 2 9 396
4 2 9 401
4 2 9 406
4 2 9 411
4 2 9 416
4 2 9 421
4 2 9 426
4 2 9 431
4 2 9 436
4 2 9 441
4 2 9 446
4 2 9 451
4 2 9 456
4 2 9 461
4 2 9 466
4 2 9 471
4 2 9 476
4 2 9 481
4 2 9 486
4 2 9 491
4 2 9 496
6 2 8 5
1 2 12 4
7 2 14 3
2 2 11 4
6 2 11 5
5 2 8 7
7 2 14 8
6 2 13 8
6 2 16 9
3 2 13 9
2 2 10 8
3 2 8 13
5 2 13 12
1 2 8 13
1 2 13 15
1 2 11 14
2 2 9 12
4 2 10 13
2 2 8 45
3 2 10 47
3 2 8 46
1 2 8 45
8 2 11 44
1 2 8 48
7 2 12 49
3 2 8 64
8 2 10 63
7 2 8 84
7 2 8 96
1 2 8 107
3 2 8 114
6 2 10 113
4 2 8 126
8 2 13 126
1 2 8 127
1 2 15 126
3 2 16 134
5 2 13 126
1 2 8 132
4 2 13 127
1 2 11 131
2 2 8 131
6 2 8 141
3 2 8 147
2 2 8 165
4 2 9 164
1 2 8 167
1 2 13 166
5 2 12 166
8 2 11 131
3 2 11 132
8 2 8 167
3 2 8 178
2 2 8 188
8 2 7 17
4 2 7 25
4 2 8 191
6 2 7 27
8 2 7 37
2 2 7 51
4 2 10 24
4 2 13 23
8 2 9 25
2 2 10 24
2 2 9 50
4 2 8 50
5 2 7 51
7 2 7 57
1 2 10 58
3 2 9 50
2 2 7 80
5 2 8 79
5 2 12 58
7 2 11 58
7 2 7 101
1 2 9 101
2 2 10 103
8 2 7 110
5 2 11 112
7 2 13 78
2 2 9 111
7 2 12 111
5 2 7 120
7 2 8 111
1 2 8 112
7 2 7 143
7 2 10 121
4 2 9 144
6 2 7 169
2 2 7 174
7 2 7 175
8 2 7 176
5 2 7 180
4 2 7 197
8 2 11 198
7 2 12 196
2 2 10 196
4 2 9 196
3 2 7 198
1 2 11 198
1 2 6 12
1 2 6 23
6 2 9 25
3 2 6 27
7 2 9 28
1 2 7 26
8 2 7 25
2 2 6 29
2 2 11 200
8 2 7 29
5 2 7 29
8 2 10 31
8 2 11 30
8 2 8 30
4 2 8 30
4 2 6 59
5 2 10 60
8 2 9 58
6 2 7 58
1 2 6 61
8 2 6 63
7 2 6 67
1 2 11 32
2 2 12 68
5 2 10 32
4 2 9 66
2 2 13 65
5 2 6 72
8 2 11 71
3 2 12 70
1 2 14 33
4 2 12 69
4 2 6 73
5 2 6 83
1 2 10 72
1 2 9 82
5 2 9 84
7 2 6 89
3 2 9 84
4 2 10 90
7 2 8 84
6 2 6 95
1 2 10 94
4 2 8 94
8 2 8 94
4 2 8 96
7 2 6 108
6 2 11 85
3 2 6 110
4 2 12 109
2 2 6 118
8 2 6 126
1 2 6 125
7 2 6 128
2 2 11 128
1 2 6 140
2 2 7 125
4 2 6 140
4 2 7 142
8 2 6 143
6 2 6 156
2 2 6 156
7 2 6 159
2 2 7 159
8 2 6 161
1 2 8 156
3 2 9 155
2 2 8 155
7 2 11 154
7 2 7 160
3 2 7 161
6 2 6 183
1 2 7 161
7 2 12 160
7 2 11 182
4 2 12 183
1 2 11 183
4 2 7 162
7 2 8 163
2 2 6 186
2 2 6 190
7 2 9 192
7 2 13 191
2 2 7 189
3 2 6 194
6 2 11 192
5 2 11 195
2 2 10 193
1 2 9 195
8 2 6 195
7 2 6 200
3 2 8 194
8 2 5 11
4 2 5 29
6 2 5 32
1 2 6 32
5 2 5 42
4 2 9 43
8 2 5 53
5 2 10 54
2 2 5 58
3 2 5 69
2 2 10 70
3 2 9 71
2 2 13 70
1 2 9 70
2 2 9 71
4 2 8 70
6 2 8 72
6 2 5 73
2 2 5 72
7 2 5 74
4 2 5 89
8 2 5 91
2 2 9 90
3 2 6 90
3 2 7 91
4 2 9 90
1 2 9 89
4 2 5 94
5 2 6 93
5 2 5 96
4 2 5 100
8 2 5 101
2 2 8 102
1 2 5 103
7 2 12 103
4 2 11 103
2 2 5 102
6 2 5 109
8 2 11 108
8 2 9 109
6 2 10 108
5 2 10 109
4 2 9 110
8 2 5 117
6 2 5 142
2 2 9 141
5 2 5 147
1 2 9 146
7 2 10 144
5 2 5 161
5 2 14 162
7 2 5 160
7 2 5 163
6 2 8 162
4 2 11 162
7 2 10 162
4 2 5 167
1 2 9 166
2 2 8 167
8 2 7 166
6 2 10 165
3 2 6 166
7 2 5 168
8 2 5 169
1 2 5 180
2 2 5 184
6 2 12 185
1 2 7 183
6 2 6 184
6 2 9 186
4 2 5 190
5 2 12 191
1 2 4 6
1 2 10 7
8 2 8 6
7 2 6 6
7 2 9 5
3 2 8 5
2 2 4 14
8 2 8 13
8 2 5 13
5 2 4 14
4 2 4 17
6 2 10 18
8 2 4 23
8 2 8 22
8 2 4 29
7 2 4 32
1 2 5 31
4 2 4 42
7 2 6 43
1 2 7 42
7 2 4 41
4 2 13 40
3 2 4 44
3 2 4 64
8 2 4 67
3 2 8 66
4 2 12 65
3 2 10 67
8 2 4 73
6 2 4 75
8 2 14 76
2 2 4 89
2 2 7 88
7 2 11 87
6 2 6 88
4 2 4 101
5 2 6 102
6 2 4 104
4 2 7 103
3 2 4 107
1 2 4 108
8 2 5 107
3 2 4 109
5 2 7 111
1 2 4 112
6 2 5 112
8 2 9 113
4 2 8 114
1 2 7 114
8 2 4 112
7 2 7 113
6 2 4 115
4 2 10 115
8 2 9 116
2 2 7 116
5 2 4 117
6 2 4 120
8 2 4 119
8 2 4 123
3 2 16 123
6 2 15 123
6 2 11 122
1 2 7 121
2 2 7 122
5 2 12 123
2 2 8 121
4 2 6 123
1 2 5 123
5 2 4 132
3 2 4 139
2 2 8 139
4 2 5 139
5 2 4 143
2 2 4 143
6 2 7 144
7 2 4 149
7 2 12 148
3 2 11 148
2 2 9 148
7 2 4 158
7 2 15 157
2 2 8 158
6 2 4 161
8 2 4 163
6 2 4 167
7 2 4 182
3 2 4 190
8 2 4 199
1 2 10 200
2 2 3 1
1 2 8 2
3 2 12 1
1 2 15 2
5 2 15 199
6 2 7 2
2 2 7 3
3 2 6 2
1 2 3 10
2 2 12 9
8 2 9 9
1 2 8 10
8 2 3 15
8 2 3 17
6 2 3 52
2 2 3 54
3 2 10 55
4 2 7 53
2 2 3 56
5 2 5 56
8 2 3 58
1 2 3 63
2 2 6 64
6 2 3 64
5 2 6 63
1 2 3 77
7 2 10 76
3 2 10 75
1 2 9 77
3 2 3 80
6 2 3 87
8 2 3 89
5 2 3 105
3 2 8 104
8 2 3 106
2 2 3 110
1 2 6 110
4 2 3 123
4 2 5 122
1 2 3 129
2 2 3 139
3 2 5 139
7 2 3 143
2 2 3 157
3 2 4 156
2 2 12 157
5 2 3 182
5 2 3 191
6 2 6 191
7 2 6 192
3 2 8 191
8 2 6 191
6 2 8 192
7 2 8 193
5 2 7 193
4 2 3 192
1 2 3 500
3 2 2 7
4 2 8 6
4 2 6 7
2 2 2 6
2 2 5 5
8 2 4 5
4 2 2 5
3 2 4 7
5 2 2 6
8 2 2 12
7 2 3 11
6 2 2 15
4 2 2 22
8 2 7 22
5 2 5 21
7 2 11 20
6 2 2 32
3 2 3 31
1 2 7 30
6 2 5 30
4 2 2 31
7 2 2 33
4 2 8 33
4 2 12 34
1 2 15 3
8 2 13 35
6 2 7 33
2 2 2 36
3 2 2 49
7 2 5 49
4 2 6 37
4 2 7 38
1 2 2 52
6 2 2 54
1 2 2 74
4 2 9 75
5 2 2 91
7 2 2 102
1 2 6 101
8 2 2 101
2 2 3 100
5 2 2 108
7 2 6 109
8 2 2 108
4 2 2 119
2 2 2 121
5 2 6 121
6 2 2 137
2 2 9 137
5 2 10 50
1 2 9 137
4 2 13 136
4 2 7 137
7 2 3 137
4 2 2 165
7 2 3 164
4 2 5 165
8 2 2 165
6 2 2 170
4 2 7 170
1 2 6 170
1 2 2 170
1 2 5 170
6 2 4 170
4 2 2 171
5 2 6 172
8 2 5 171
8 2 2 172
6 2 5 172
8 2 5 173
8 2 7 172
4 2 4 173
1 2 2 173
6 2 4 174
7 2 3 174
1 2 6 175
2 2 2 177
7 2 6 176
1 2 2 183
4 2 4 182
4 2 2 183
3 2 2 184
8 2 5 186
5 2 4 186
1 2 2 192
7 2 2 193
5 2 1 12
8 2 6 11
6 2 6 10
4 2 8 9
7 2 1 23
4 2 1 27
4 2 5 26
5 2 5 25
6 2 5 27
6 2 4 25
2 2 4 26
2 2 1 39
1 2 6 38
5 2 1 41
4 2 1 44
5 2 7 46
5 2 5 45
7 2 1 54
7 2 1 57
6 2 2 57
1 2 1 58
6 2 1 79
8 2 1 93
4 2 3 92
4 2 1 96
7 2 4 97
7 2 1 97
1 2 1 99
6 2 4 97
7 2 1 105
2 2 5 105
3 2 1 108
2 2 4 107
5 2 4 106
6 2 1 118
2 2 1 119
3 2 1 124
6 2 2 124
8 2 1 128
5 2 1 131
6 2 3 132
3 2 4 132
3 2 11 133
6 2 9 133
2 2 12 138
1 2 4 131
8 2 4 132
7 2 2 132
4 2 1 132
6 2 4 131
1 2 2 131
7 2 1 142
6 2 2 141
8 2 1 142
5 2 1 144
1 2 4 144
5 2 3 144
3 2 1 145
7 2 2 145
7 2 5 146
3 2 1 151
3 2 11 152
5 2 7 152
4 2 6 149
6 2 3 150
3 2 5 149
1 2 9 147
6 2 4 149
1 2 5 149
2 2 9 150
2 2 6 149
4 2 2 151
5 2 2 150
4 2 8 149
3 2 6 151
1 2 1 161
3 2 2 161
1 2 2 161
3 2 1 163
2 2 1 167
8 2 1 172
3 2 2 171
7 2 3 170
5 2 2 170
1 2 2 171
7 2 1 171
8 2 1 176
8 2 3 176
8 2 4 175
2 2 2 176
7 2 1 175
4 2 1 183
8 2 2 182
7 2 1 184
4 2 1 191
2 2 6 192
4 2 3 192
6 2 1 192
8 2 13 133
7 3 14 18
1 3 13 65
6 3 13 135
3 3 12 75
7 3 12 187
8 3 10 47
6 3 10 127
1 3 10 153
5 3 10 273
4 3 18 272
3 3 18 271
2 3 18 270
1 3 18 269
8 3 18 268
7 3 18 267
6 3 18 266
5 3 18 265
4 3 18 264
3 3 18 263
2 3 18 262
1 3 18 261
8 3 18 260
7 3 18 259
6 3 18 258
5 3 18 257
4 3 18 256
3 3 18 255
2 3 18 254
1 3 18 253
8 3 18 252
7 3 18 251
6 3 18 250
5 3 18 249
4 3 18 248
3 3 18 247
2 3 18 246
1 3 18 245
8 3 18 244
7 3 18 243
6 3 18 242
5 3 18 241
4 3 18 240
3 3 18 239
2 3 18 238
1 3 18 237
8 3 18 236
7 3 18 235
6 3 18 234
5 3 18 233
4 3 18 232
3 3 18 231
2 3 18 230
1 3 18 229
8 3 18 228
7 3 18 227
6 3 18 226
5 3 18 225
4 3 18 224
3 3 18 223
2 3 18 222
1 3 18 221
8 3 18 220
7 3 18 219
6 3 18 218
5 3 18 217
4 3 18 216
3 3 18 215
2 3 18 214
1 3 18 213
8 3 18 212
7 3 18 211
6 3 18 210
5 3 18 209
4 3 18 208
3 3 18 207
2 3 18 206
1 3 18 205
8 3 18 204
7 3 18 203
6 3 18 202
5 3 18 201
4 3 18 200
5 3 17 272
6 3 16 272
7 3 15 272
6 3 14 35
8 3 14 272
1 3 13 272
2 3 12 272
3 3 11 272
4 3 10 272
6 3 9 22
4 3 9 56
4 3 9 59
8 3 9 83
7 3 9 117
4 3 9 133
7 3 9 134
1 2 10 133
5 2 9 134
4 2 8 134
2 2 10 134
6 2 7 135
7 3 8 40
2 3 8 68
4 2 7 68
8 2 7 69
4 3 7 3
4 2 8 3
6 3 7 49
7 3 7 81
7 3 7 86
4 2 8 85
6 2 9 86
7 3 9 87
4 2 10 86
5 2 9 86
2 2 8 87
6 3 7 106
2 3 7 133
1 3 6 42
6 2 7 41
2 3 6 56
3 3 5 33
7 2 4 34
7 3 5 39
3 2 6 40
5 2 4 40
6 2 3 40
8 3 5 49
4 2 4 49
3 3 5 61
7 2 4 61
2 3 5 124
4 3 5 152
1 3 5 160
5 3 4 88
1 2 3 90
7 2 3 90
7 3 4 103
4 3 4 147
2 2 8 147
8 2 7 148
6 2 6 147
1 2 5 146
8 2 3 147
4 3 4 157
3 2 11 156
1 3 7 156
4 2 9 156
6 3 4 162
8 3 4 179
6 2 7 178
6 3 3 12
5 3 3 24
3 2 5 23
6 3 3 43
3 3 3 77
2 2 4 77
1 2 5 78
7 2 4 79
4 3 3 91
1 3 3 113
4 3 3 129
5 2 9 128
8 2 3 130
8 3 3 132
7 2 5 131
3 3 3 159
2 2 4 159
4 3 2 2
4 2 9 1
7 2 3 2
8 3 2 47
6 2 9 47
2 2 4 48
4 2 5 47
3 2 3 48
8 3 3 48
4 3 2 65
5 2 5 67
1 2 8 66
4 2 3 67
6 2 1 66
1 3 2 91
6 3 2 99
3 3 2 99
7 3 2 111
5 2 3 113
2 2 6 114
6 2 6 115
2 2 2 114
8 2 1 111
2 2 6 110
4 3 2 125
6 2 1 125
4 3 2 127
5 2 8 126
6 2 2 127
3 2 7 126
6 2 6 126
5 2 3 126
1 2 3 128
6 3 4 128
1 2 7 128
8 3 2 134
3 2 6 133
5 2 5 133
6 3 2 158
6 3 1 7
2 2 6 8
6 2 6 8
1 2 3 6
5 2 2 7
8 2 1 8
7 2 4 9
4 2 4 9
4 3 1 13
7 2 1 12
7 3 6 15
7 3 4 14
1 2 3 15
6 3 1 29
4 3 1 31
3 3 2 33
1 3 1 37
7 2 5 38
2 2 2 38
8 2 1 36
6 3 1 40
8 3 1 85
4 2 2 84
7 2 4 83
5 2 7 82
2 2 8 81
3 3 4 83
8 2 4 82
4 2 3 82
5 3 1 110
3 2 5 109
3 2 2 109
3 3 1 127
6 2 3 126
7 2 1 126
8 2 3 125
2 3 1 164
7 2 2 164
5 2 1 163
2 2 3 162
5 2 3 161
3 2 2 162
8 2 2 162
1 3 1 166
8 2 6 166
7 3 1 177
5 4 11 195
7 2 10 196
2 4 10 74
3 4 9 77
3 4 9 144
3 4 8 35
6 4 8 58
7 4 7 18
8 3 8 18
4 2 15 20
2 2 12 20
3 2 11 21
2 2 7 20
6 2 8 20
6 4 6 10
6 4 6 29
3 2 5 29
6 4 6 77
4 2 7 78
3 4 6 138
1 4 6 176
2 4 6 194
8 2 8 193
5 4 5 35
1 2 5 34
1 4 5 49
4 4 5 73
4 4 5 96
5 2 7 96
7 2 6 96
6 4 4 38
8 4 4 51
2 4 4 61
6 2 6 61
7 2 5 61
7 4 4 149
1 4 3 95
8 2 3 94
4 4 3 114
3 4 3 172
7 4 3 188
8 2 3 187
1 2 3 186
7 2 5 185
3 2 3 187
4 4 2 35
2 2 4 34
7 2 5 33
1 2 2 36
5 4 2 41
7 2 2 41
1 2 1 42
2 2 1 42
3 2 1 41
4 4 2 49
3 3 2 48
2 3 2 47
8 4 2 84
1 2 2 84
3 2 2 84
7 4 2 90
1 2 3 89
3 2 2 89
3 4 2 131
6 2 3 132
4 2 3 133
4 4 2 151
1 3 4 154
3 3 4 153
8 3 1 151
1 3 2 152
1 4 1 52
5 2 2 51
5 4 1 169
6 2 1 168
1 2 1 170
3 2 4 170
2 2 3 170
7 5 7 188
6 5 5 96
4 3 4 96
1 5 4 1
2 2 4 1
5 3 3 1
1 2 2 1
5 5 6 3
8 2 7 4
8 5 4 8
2 5 4 23
2 5 3 17
5 2 5 18
3 2 4 18
1 2 4 19
6 2 3 18
4 2 5 19
7 2 9 20
1 2 7 20
7 3 2 17
7 5 3 115
1 2 3 114
7 5 2 152
8 5 1 33
8 5 1 57
1 2 3 56
4 2 3 58
3 3 2 56
5 3 2 58
1 2 2 58
2 5 1 60
4 5 1 134
6 5 1 138
6 2 4 140
4 2 2 140
1 6 6 65
3 2 6 64
2 2 5 68
7 2 4 66
5 2 5 65
5 2 4 68
8 6 5 147
8 6 4 41
8 6 4 152
5 3 3 154
3 6 2 15
5 2 2 16
8 2 1 16
3 2 1 16
2 7 4 131
3 2 2 132
4 7 3 157
7 2 2 157
6 7 3 184
8 2 2 184
1 2 2 185
3 7 2 50
5 7 1 103
7 2 1 103
6 8 4 171
2 2 3 174
7 2 2 173
8 8 3 70
5 2 6 71
1 10 4 47
2 28 2 341
2 28 2 345
2 28 2 349
2 28 2 353
2 28 2 357
2 28 2 361
2 28 2 365
2 28 2 369
2 28 2 373
2 28 2 377
2 28 2 381
2 28 2 385
2 28 2 389
2 28 2 393
2 28 2 397
2 28 2 401
2 28 2 405
2 28 2 409
2 28 2 413
2 28 2 417
2 28 2 421
2 28 2 425
2 28 2 429
2 28 2 433
2 28 2 437
2 28 2 441
2 28 2 445
2 28 2 449
2 28 2 453
2 28 2 457
3 29 1 342
3 29 1 345
3 29 1 348
3 29 1 351
3 29 1 354
3 29 1 357
3 29 1 360
3 29 1 363
3 29 1 366
3 29 1 369
3 29 1 372
3 29 1 375
3 29 1 378
3 29 1 381
3 29 1 384
3 29 1 387
3 29 1 390
3 29 1 393
3 29 1 396
3 29 1 399
3 29 1 402
3 29 1 405
3 29 1 408
3 29 1 411
3 29 1 414
3 29 1 417
3 29 1 420
3 29 1 423
3 29 1 426
3 29 1 429
1 1229 1 339
2 2 7 338
3 2 18 191
6 2 18 337
7 2 17 337
8 2 16 337
1 2 15 337
2 2 14 337
3 2 13 337
4 2 12 337
7 2 9 337
1 2 7 337
6 2 8 337
4 2 5 338
8 2 6 338
8 2 7 336
4 2 18 335
5 2 17 335
6 2 16 335
7 2 15 335
8 2 14 335
1 2 13 335
2 2 12 335
5 2 9 335
7 2 7 335
4 2 8 335
6 2 3 338
5 2 5 338
3 2 4 338
7 2 2 338
5 2 2 338
8 2 1 338
2 2 6 337
3 2 5 337
4 2 4 337
7 2 1 337
6 3 1 336
1 2 5 335
2 2 4 335
4 2 2 335
3 3 2 334
2 2 18 333
3 2 17 333
4 2 16 333
5 2 15 333
6 2 14 333
7 2 13 333
8 2 12 333
3 2 9 333
5 2 7 333
2 2 8 333
7 2 5 333
8 2 4 333
6 2 4 333
1 2 3 333
2 2 2 333
4 3 2 333
1 5 2 332
8 2 18 331
1 2 17 331
2 2 16 331
3 2 15 331
4 2 14 331
5 2 13 331
6 2 12 331
1 2 9 331
3 2 7 331
8 2 8 331
5 2 5 331
6 2 4 331
4 2 4 331
7 2 3 331
2 2 3 331
7 4 3 331
6 2 3 330
6 2 18 329
7 2 17 329
8 2 16 329
1 2 15 329
2 2 14 329
3 2 13 329
4 2 12 329
7 2 9 329
1 2 7 329
6 2 8 329
3 2 5 329
4 2 4 329
2 2 4 329
5 2 3 329
8 2 3 329
5 4 3 329
4 2 3 328
4 2 18 327
5 2 17 327
6 2 16 327
7 2 15 327
8 2 14 327
1 2 13 327
2 2 12 327
5 2 9 327
7 2 7 327
4 2 8 327
1 2 5 327
2 2 4 327
8 2 4 327
3 2 3 327
6 2 3 327
3 4 3 327
2 2 3 326
2 2 18 325
3 2 17 325
4 2 16 325
5 2 15 325
6 2 14 325
7 2 13 325
8 2 12 325
3 2 9 325
5 2 7 325
2 2 8 325
7 2 5 325
8 2 4 325
6 2 4 325
1 2 3 325
4 2 3 325
1 4 3 325
8 2 3 324
8 2 18 323
1 2 17 323
2 2 16 323
3 2 15 323
4 2 14 323
5 2 13 323
6 2 12 323
1 2 9 323
3 2 7 323
8 2 8 323
5 2 5 323
6 2 4 323
4 2 4 323
7 2 3 323
2 2 3 323
7 4 3 323
6 2 3 322
6 2 18 321
7 2 17 321
8 2 16 321
1 2 15 321
2 2 14 321
3 2 13 321
4 2 12 321
7 2 9 321
1 2 7 321
6 2 8 321
3 2 5 321
4 2 4 321
2 2 4 321
5 2 3 321
8 2 3 321
5 4 3 321
4 2 3 320
4 2 18 319
5 2 17 319
6 2 16 319
7 2 15 319
8 2 14 319
1 2 13 319
2 2 12 319
5 2 9 319
7 2 7 319
4 2 8 319
1 2 5 319
2 2 4 319
8 2 4 319
3 2 3 319
6 2 3 319
3 4 3 319
2 2 3 318
2 2 18 317
3 2 17 317
4 2 16 317
5 2 15 317
6 2 14 317
7 2 13 317
8 2 12 317
3 2 9 317
5 2 7 317
2 2 8 317
7 2 5 317
8 2 4 317
6 2 4 317
1 2 3 317
4 2 3 317
1 4 3 317
8 2 3 316
8 2 18 315
1 2 17 315
2 2 16 315
3 2 15 315
4 2 14 315
5 2 13 315
6 2 12 315
1 2 9 315
3 2 7 315
8 2 8 315
5 2 5 315
6 2 4 315
4 2 4 315
7 2 3 315
2 2 3 315
7 4 3 315
6 2 3 314
6 2 18 313
7 2 17 313
8 2 16 313
1 2 15 313
2 2 14 313
3 2 13 313
4 2 12 313
7 2 9 313
1 2 7 313
6 2 8 313
3 2 5 313
4 2 4 313
2 2 4 313
5 2 3 313
8 2 3 313
5 4 3 313
4 2 3 312
4 2 18 311
5 2 17 311
6 2 16 311
7 2 15 311
8 2 14 311
1 2 13 311
2 2 12 311
5 2 9 311
7 2 7 311
4 2 8 311
1 2 5 311
2 2 4 311
8 2 4 311
3 2 3 311
6 2 3 311
3 4 3 311
2 2 3 310
2 2 18 309
3 2 17 309
4 2 16 309
5 2 15 309
6 2 14 309
7 2 13 309
8 2 12 309
3 2 9 309
5 2 7 309
2 2 8 309
7 2 5 309
8 2 4 309
6 2 4 309
1 2 3 309
4 2 3 309
1 4 3 309
8 2 3 308
8 2 18 307
1 2 17 307
2 2 16 307
3 2 15 307
4 2 14 307
5 2 13 307
6 2 12 307
1 2 9 307
3 2 7 307
8 2 8 307
5 2 5 307
6 2 4 307
4 2 4 307
7 2 3 307
2 2 3 307
7 4 3 307
6 2 3 306
6 2 18 305
7 2 17 305
8 2 16 305
1 2 15 305
2 2 14 305
3 2 13 305
4 2 12 305
7 2 9 305
1 2 7 305
6 2 8 305
3 2 5 305
4 2 4 305
2 2 4 305
5 2 3 305
8 2 3 305
5 4 3 305
4 2 3 304
4 2 18 303
5 2 17 303
6 2 16 303
7 2 15 303
8 2 14 303
1 2 13 303
2 2 12 303
5 2 9 303
7 2 7 303
4 2 8 303
1 2 5 303
2 2 4 303
8 2 4 303
3 2 3 303
6 2 3 303
3 4 3 303
2 2 3 302
2 2 18 301
3 2 17 301
4 2 16 301
5 2 15 301
6 2 14 301
7 2 13 301
8 2 12 301
3 2 9 301
5 2 7 301
2 2 8 301
7 2 5 301
8 2 4 301
6 2 4 301
1 2 3 301
4 2 3 301
1 4 3 301
8 2 3 300
8 2 18 299
1 2 17 299
2 2 16 299
3 2 15 299
4 2 14 299
5 2 13 299
6 2 12 299
1 2 9 299
3 2 7 299
8 2 8 299
5 2 5 299
6 2 4 299
4 2 4 299
7 2 3 299
2 2 3 299
7 4 3 299
6 2 3 298
6 2 18 297
7 2 17 297
8 2 16 297
1 2 15 297
2 2 14 297
3 2 13 297
4 2 12 297
7 2 9 297
1 2 7 297
6 2 8 297
3 2 5 297
4 2 4 297
2 2 4 297
5 2 3 297
8 2 3 297
5 4 3 297
4 2 3 296
4 2 18 295
5 2 17 295
6 2 16 295
7 2 15 295
8 2 14 295
1 2 13 295
2 2 12 295
5 2 9 295
7 2 7 295
4 2 8 295
1 2 5 295
2 2 4 295
8 2 4 295
3 2 3 295
6 2 3 295
3 4 3 295
2 2 3 294
2 2 18 293
3 2 17 293
4 2 16 293
5 2 15 293
6 2 14 293
7 2 13 293
8 2 12 293
3 2 9 293
5 2 7 293
2 2 8 293
7 2 5 293
8 2 4 293
6 2 4 293
1 2 3 293
4 2 3 293
1 4 3 293
8 2 3 292
8 2 18 291
1 2 17 291
2 2 16 291
3 2 15 291
4 2 14 291
5 2 13 291
6 2 12 291
1 2 9 291
3 2 7 291
8 2 8 291
5 2 5 291
6 2 4 291
4 2 4 291
7 2 3 291
2 2 3 291
7 4 3 291
6 2 3 290
6 2 18 289
7 2 17 289
8 2 16 289
1 2 15 289
2 2 14 289
3 2 13 289
4 2 12 289
7 2 9 289
1 2 7 289
6 2 8 289
3 2 5 289
4 2 4 289
2 2 4 289
5 2 3 289
8 2 3 289
5 4 3 289
4 2 3 288
4 2 18 287
5 2 17 287
6 2 16 287
7 2 15 287
8 2 14 287
1 2 13 287
2 2 12 287
5 2 9 287
7 2 7 287
4 2 8 287
1 2 5 287
2 2 4 287
8 2 4 287
3 2 3 287
6 2 3 287
3 4 3 287
2 2 3 286
2 2 18 285
3 2 17 285
4 2 16 285
5 2 15 285
6 2 14 285
7 2 13 285
8 2 12 285
3 2 9 285
5 2 7 285
2 2 8 285
7 2 5 285
8 2 4 285
6 2 4 285
1 2 3 285
4 2 3 285
1 4 3 285
8 2 3 284
8 2 18 283
1 2 17 283
2 2 16 283
3 2 15 283
4 2 14 283
5 2 13 283
6 2 12 283
1 2 9 283
3 2 7 283
8 2 8 283
5 2 5 283
6 2 4 283
4 2 4 283
7 2 3 283
2 2 3 283
7 4 3 283
6 2 3 282
6 2 18 281
7 2 17 281
8 2 16 281
1 2 15 281
2 2 14 281
3 2 13 281
4 2 12 281
7 2 9 281
1 2 7 281
6 2 8 281
3 2 5 281
4 2 4 281
2 2 4 281
5 2 3 281
8 2 3 281
5 4 3 281
4 2 3 280
4 2 18 279
5 2 17 279
6 2 16 279
7 2 15 279
8 2 14 279
1 2 13 279
2 2 12 279
5 2 9 279
7 2 7 279
4 2 8 279
1 2 5 279
2 2 4 279
8 2 4 279
3 2 3 279
6 2 3 279
3 4 3 279
2 2 3 278
2 2 18 277
3 2 17 277
4 2 16 277
5 2 15 277
6 2 14 277
7 2 13 277
8 2 12 277
3 2 9 277
5 2 7 277
2 2 8 277
7 2 5 277
8 2 4 277
6 2 4 277
1 2 3 277
4 2 3 277
1 4 3 277
8 2 3 276
8 2 18 275
1 2 17 275
2 2 16 275
3 2 15 275
4 2 14 275
5 2 13 275
6 2 12 275
1 2 9 275
3 2 7 275
8 2 8 275
5 2 5 275
6 2 4 275
4 2 4 275
7 2 3 275
2 2 3 275
7 4 3 275
6 2 3 274
6 2 18 273
7 2 17 273
8 2 16 273
1 2 15 273
2 2 14 273
3 2 13 273
4 2 12 273
7 2 9 273
1 2 7 273
6 2 8 273
3 2 5 273
4 2 4 273
2 2 4 273
5 2 3 273
8 2 3 273
5 4 3 273
4 2 3 272
4 2 18 271
5 2 17 271
6 2 16 271
7 2 15 271
8 2 14 271
1 2 13 271
2 2 12 271
5 2 9 271
7 2 7 271
4 2 8 271
1 2 5 271
2 2 4 271
8 2 4 271
3 2 3 271
6 2 3 271
3 4 3 271
2 2 3 270
2 2 18 269
3 2 17 269
4 2 16 269
5 2 15 269
6 2 14 269
7 2 13 269
8 2 12 269
3 2 9 269
5 2 7 269
2 2 8 269
7 2 5 269
8 2 4 269
6 2 4 269
1 2 3 269
4 2 3 269
1 4 3 269
8 2 3 268
8 2 18 267
1 2 17 267
2 2 16 267
3 2 15 267
4 2 14 267
5 2 13 267
6 2 12 267
1 2 9 267
3 2 7 267
8 2 8 267
5 2 5 267
6 2 4 267
4 2 4 267
7 2 3 267
2 2 3 267
7 4 3 267
6 2 3 266
8 2 8 265
2 2 6 265
3 2 5 265
1 2 5 265
4 2 4 265
5 2 3 265
7 3 3 265
6 2 2 265
8 4 2 331
6 2 2 334
5 6 1 334
3 5 1 333
2 2 1 332
