62732
3055
4 2 200 11
3 2 199 1
1 2 199 19
5 2 199 24
1 2 199 26
3 2 199 28
1 2 199 50
1 2 198 3
1 2 198 23
5 2 198 31
6 2 198 34
4 2 198 36
6 2 198 36
1 2 197 1
6 2 197 25
7 2 197 27
8 2 197 30
2 2 197 30
3 2 197 36
4 2 196 9
7 2 196 15
7 2 199 16
6 2 198 14
5 2 197 16
5 2 196 14
2 2 196 26
7 2 196 39
7 2 199 38
1 2 195 21
8 2 199 22
8 2 197 21
6 2 194 12
5 2 197 11
5 2 196 12
7 2 194 14
2 2 194 21
2 2 194 23
1 2 194 23
6 2 194 26
2 2 194 29
5 2 193 2
7 2 192 13
4 2 192 23
8 2 192 33
8 2 191 10
3 2 197 9
1 2 195 9
4 2 192 10
1 2 195 11
3 2 194 9
3 2 191 9
4 2 192 10
3 2 191 45
7 2 198 46
6 2 190 7
2 2 199 6
5 2 190 22
5 2 190 26
6 2 190 28
4 2 194 28
2 2 194 28
3 2 189 20
2 2 189 21
4 2 189 23
8 2 190 23
3 2 189 23
8 2 189 42
5 2 200 17
6 2 194 42
8 2 195 41
7 2 191 42
7 2 194 41
6 2 193 41
5 2 192 41
6 2 188 2
3 2 192 1
5 2 190 1
1 2 189 1
5 2 189 2
2 2 188 17
2 2 188 41
6 2 195 40
1 2 187 5
8 2 187 17
6 2 196 16
5 2 187 26
8 2 187 31
6 2 187 47
5 2 187 50
5 2 186 29
4 2 190 29
6 2 184 3
8 2 184 10
4 2 183 7
8 2 184 6
7 2 183 6
5 2 183 16
6 2 186 17
3 2 186 18
2 2 183 20
7 2 192 19
3 2 182 20
7 2 182 29
3 2 193 30
7 2 183 29
6 2 182 32
6 2 186 30
5 2 186 29
6 2 185 32
3 2 181 2
6 2 184 1
4 2 187 2
6 2 181 14
8 2 194 14
1 2 193 15
8 2 191 13
2 2 181 18
1 2 181 28
2 2 181 30
3 2 181 35
5 2 196 37
4 2 193 36
7 2 194 37
2 2 195 38
5 2 193 36
6 2 181 35
1 2 197 34
3 2 196 34
8 2 180 7
1 2 178 2
4 2 183 1
2 2 184 2
3 2 186 3
3 2 183 2
5 2 183 3
1 2 178 24
7 2 176 4
2 2 175 2
1 2 175 3
2 2 175 31
5 2 173 11
3 2 191 10
4 2 192 11
8 2 191 12
5 2 186 12
6 2 191 11
3 2 173 16
8 2 190 16
2 2 186 15
2 2 173 30
1 2 178 29
5 2 173 39
4 2 192 39
4 2 174 39
5 2 194 40
6 2 172 9
1 2 172 12
6 2 172 45
8 2 193 45
3 2 193 45
4 2 171 29
7 2 177 29
3 2 176 28
3 2 173 29
2 2 176 29
8 2 174 29
7 2 171 30
6 2 171 38
2 2 180 37
1 2 171 44
8 2 195 43
7 2 172 44
7 2 195 43
3 2 170 4
6 2 174 3
5 2 169 12
1 2 169 14
3 2 169 26
2 2 169 46
7 2 169 47
6 2 167 8
6 2 189 9
2 2 180 7
2 2 167 24
8 2 192 24
7 2 167 39
2 2 186 40
6 2 168 38
1 2 169 37
1 2 191 36
8 2 190 36
6 2 184 35
4 2 166 6
5 2 166 6
2 2 178 8
2 2 166 11
1 2 166 19
2 2 190 20
3 2 189 21
5 2 191 19
5 2 180 18
1 2 167 18
6 2 180 19
4 2 188 20
4 2 179 19
3 2 165 24
7 2 166 25
8 2 165 38
4 2 165 45
7 2 193 44
2 2 166 46
6 2 165 48
2 2 193 47
7 2 164 7
8 2 178 6
2 2 164 14
7 2 173 13
7 2 164 21
3 2 163 18
2 2 164 17
2 2 177 18
8 2 169 19
7 2 163 29
2 2 163 45
2 2 162 12
7 2 166 13
2 2 161 37
3 2 161 41
2 2 187 41
1 2 188 43
6 2 158 23
8 2 160 46
4 2 171 46
2 2 184 46
1 2 168 47
5 2 187 22
7 2 187 47
1 2 157 9
4 2 159 8
7 2 160 9
7 2 180 9
7 2 181 9
5 2 180 9
5 2 162 9
8 2 175 8
8 2 156 13
3 2 185 12
5 2 187 13
1 2 164 13
7 2 184 12
6 2 173 14
4 2 156 41
4 2 155 14
7 2 166 14
1 2 179 13
2 2 154 34
8 2 187 47
5 2 154 43
6 2 191 43
2 2 164 43
7 2 172 43
2 2 166 43
7 2 186 42
1 2 164 43
7 2 154 44
8 2 154 50
7 2 153 1
8 2 157 1
5 2 164 2
8 2 159 2
3 2 166 3
8 2 153 3
8 2 175 2
7 2 171 3
4 2 169 3
8 2 168 3
2 2 167 3
3 2 153 36
8 2 179 36
2 2 180 36
2 2 153 36
1 2 153 39
5 2 162 39
1 2 164 40
7 2 162 38
4 2 153 42
5 2 160 41
2 2 160 40
5 2 152 1
4 2 152 38
6 2 174 38
4 2 169 37
7 2 151 2
6 2 151 37
1 2 151 44
2 2 166 44
3 2 151 43
2 2 151 48
1 2 151 49
5 2 184 48
8 2 150 25
5 2 150 38
5 2 173 39
6 2 172 38
6 2 172 40
7 2 150 41
5 2 150 45
3 2 149 34
6 2 149 41
1 2 151 34
3 2 152 41
3 2 149 42
1 2 149 49
4 2 182 49
4 2 186 34
8 2 149 48
4 2 148 7
1 2 158 8
4 2 148 9
6 2 157 6
6 2 148 13
7 2 149 14
2 2 158 11
7 2 168 15
1 2 159 11
4 2 173 10
1 2 148 17
1 2 148 25
8 2 148 39
7 2 148 40
2 2 148 42
2 2 148 47
5 2 149 25
2 2 165 47
8 2 148 47
8 2 150 47
4 2 147 34
2 2 146 1
1 2 145 8
7 2 145 13
3 2 145 12
2 2 177 13
5 2 176 13
1 2 160 11
4 2 158 11
1 2 178 10
6 2 170 11
3 2 157 12
1 2 145 43
3 2 163 43
3 2 145 50
5 2 144 27
6 2 165 27
2 2 143 18
1 2 145 20
8 2 143 42
5 2 146 42
8 2 145 41
2 2 147 40
7 2 143 43
4 2 142 3
3 2 142 2
3 2 168 3
1 2 141 6
8 2 187 24
7 2 141 13
5 2 141 20
3 2 141 43
4 2 139 5
6 2 139 10
7 2 139 10
1 2 139 42
7 2 143 10
5 2 139 47
1 2 144 41
3 2 139 49
3 2 138 19
5 2 141 48
3 2 142 18
5 2 152 18
3 2 142 47
3 2 144 48
1 2 187 49
7 2 170 48
3 2 176 48
2 2 141 47
6 2 157 46
4 2 138 24
2 2 156 23
2 2 146 24
5 2 138 26
8 2 138 30
1 2 151 30
1 2 165 30
4 2 141 29
6 2 161 29
5 2 141 30
7 2 164 28
6 2 163 31
2 2 184 32
2 2 188 33
1 2 138 32
2 2 183 32
7 2 138 33
6 2 138 34
3 2 152 34
6 2 138 39
5 2 138 50
4 2 138 49
3 2 141 47
1 2 140 47
3 2 172 46
6 2 143 47
3 2 175 48
3 2 139 49
8 2 137 7
2 2 171 6
7 2 157 6
6 2 185 5
1 2 185 5
6 2 157 7
6 2 162 6
1 2 161 6
8 2 137 10
5 2 137 24
3 2 137 48
7 2 142 47
1 2 141 47
4 2 138 47
1 2 136 4
3 2 136 3
1 2 136 8
5 2 170 7
1 2 148 9
4 2 136 24
6 2 136 36
8 2 163 37
4 2 152 37
1 2 139 35
4 2 170 37
2 2 146 34
7 2 174 33
5 2 136 49
7 2 137 49
3 2 135 14
1 2 138 13
6 2 135 38
5 2 151 37
7 2 148 37
6 2 135 49
8 2 134 4
4 2 134 22
7 2 134 37
8 2 156 38
8 2 153 37
8 2 133 7
1 2 151 6
7 2 157 7
5 2 170 6
6 2 156 7
8 2 140 6
7 2 133 24
7 2 134 24
5 2 134 25
4 2 163 25
8 2 180 49
6 2 133 25
7 2 132 49
1 2 128 3
3 2 131 8
6 2 127 3
8 2 127 49
6 2 129 49
7 2 128 49
2 2 126 2
1 2 126 3
4 2 126 6
2 2 126 28
7 2 142 27
3 2 125 6
5 2 144 1
1 2 131 8
8 2 125 23
6 2 124 2
3 2 143 1
6 2 137 1
2 2 138 2
8 2 130 8
2 2 147 7
8 2 161 2
2 2 162 1
1 2 149 6
6 2 136 7
2 2 124 20
1 2 139 8
1 2 139 20
3 2 135 19
6 2 126 19
8 2 158 18
8 2 143 18
5 2 154 17
2 2 142 19
1 2 138 19
5 2 154 19
4 2 137 19
4 2 151 18
7 2 172 16
8 2 124 28
6 2 174 27
2 2 126 28
4 2 125 28
4 2 124 33
7 2 123 2
4 2 124 1
7 2 130 2
4 2 146 3
4 2 140 1
1 2 123 21
5 2 148 22
2 2 137 20
2 2 123 24
7 2 153 23
4 2 140 25
1 2 155 27
1 2 169 26
5 2 155 26
7 2 178 18
3 2 123 32
4 2 178 25
7 2 164 31
8 2 123 47
5 2 135 47
2 2 123 49
2 2 122 47
6 2 136 46
4 2 140 45
2 2 145 44
1 2 157 31
8 2 156 31
3 2 153 43
3 2 139 45
5 2 154 44
3 2 122 49
5 2 121 38
2 2 134 39
8 2 120 37
2 2 140 45
8 2 145 36
4 2 132 35
6 2 159 36
1 2 119 47
3 2 119 49
7 2 160 45
3 2 171 49
1 2 122 49
7 2 121 49
5 2 118 2
8 2 118 46
6 2 176 45
4 2 116 1
3 2 117 1
5 2 115 24
4 2 115 26
8 2 117 40
7 2 132 27
2 2 144 41
3 2 141 28
4 2 146 29
5 2 140 29
6 2 126 40
7 2 118 40
6 2 115 31
2 2 115 37
1 2 152 26
7 2 120 36
4 2 167 36
5 2 126 36
5 2 115 38
1 2 133 39
2 2 114 5
7 2 115 49
1 2 114 13
1 2 121 11
3 2 117 5
3 2 117 12
6 2 120 10
2 2 114 25
8 2 137 24
4 2 114 44
1 2 134 10
5 2 114 48
5 2 115 47
4 2 114 49
8 2 139 44
4 2 138 44
1 2 153 44
8 2 113 10
3 2 119 8
2 2 129 9
7 2 129 8
1 2 128 10
8 2 127 10
4 2 165 48
8 2 164 48
5 2 120 8
3 2 117 9
2 2 113 20
2 2 114 19
2 2 134 19
4 2 113 24
5 2 113 44
3 2 140 7
3 2 154 46
5 2 135 43
6 2 113 50
1 2 112 8
3 2 112 15
1 2 162 6
8 2 161 7
8 2 146 14
2 2 164 14
1 2 162 15
1 2 133 15
8 2 161 16
2 2 172 15
7 2 170 17
1 2 127 14
2 2 114 16
7 2 165 16
6 2 146 16
6 2 126 17
1 2 115 15
6 2 151 16
8 2 114 16
8 2 135 16
6 2 121 16
1 2 128 15
3 2 112 38
7 2 113 16
5 2 129 39
4 2 151 16
2 2 118 15
5 2 137 15
1 2 149 16
8 2 146 14
4 2 112 44
7 2 125 46
3 2 114 43
8 2 139 42
8 2 115 42
7 2 127 41
4 2 114 44
6 2 111 12
3 2 111 25
7 2 120 25
5 2 113 26
7 2 137 27
7 2 134 26
5 2 111 25
1 2 119 24
1 2 116 25
3 2 115 25
5 2 135 24
5 2 159 25
2 2 138 25
8 2 151 27
7 2 134 24
6 2 111 49
7 2 113 48
7 2 161 49
3 2 115 47
4 2 135 46
5 2 134 46
5 2 114 49
6 2 112 48
3 2 112 47
4 2 131 47
4 2 113 46
4 2 133 45
1 2 130 47
6 2 129 48
6 2 110 21
1 2 146 21
2 2 125 20
6 2 110 26
4 2 110 43
3 2 109 16
7 2 126 16
1 2 141 16
8 2 167 17
5 2 126 17
8 2 145 17
7 2 137 18
7 2 125 17
4 2 110 15
3 2 111 15
4 2 144 14
1 2 112 14
6 2 159 13
8 2 151 14
5 2 109 26
5 2 108 41
2 2 113 41
2 2 114 40
6 2 114 41
1 2 106 2
7 2 106 21
7 2 168 38
4 2 106 42
6 2 106 43
8 2 106 44
6 2 109 44
6 2 106 44
6 2 108 43
1 2 121 43
6 2 143 42
5 2 106 48
6 2 108 48
1 2 159 49
2 2 111 49
1 2 110 49
3 2 107 49
7 2 106 48
6 2 104 20
6 2 110 20
5 2 140 20
8 2 104 24
1 2 109 23
4 2 109 24
3 2 104 49
3 2 103 8
5 2 105 7
2 2 103 23
6 2 110 23
1 2 102 20
1 2 101 1
8 2 102 1
2 2 102 1
7 2 125 2
1 2 139 21
3 2 101 12
3 2 143 3
8 2 109 14
7 2 101 12
5 2 101 35
7 2 155 11
2 2 119 33
3 2 104 35
3 2 114 36
5 2 112 36
3 2 105 36
6 2 161 35
3 2 101 48
8 2 105 47
1 2 101 48
1 2 102 47
3 2 125 47
7 2 124 47
8 2 100 2
4 2 100 1
4 2 130 2
2 2 100 15
1 2 115 16
3 2 115 16
2 2 107 15
4 2 108 16
8 2 122 16
7 2 160 35
4 2 106 15
8 2 100 18
4 2 102 19
3 2 100 30
3 2 112 19
8 2 106 30
2 2 100 29
3 2 102 28
8 2 108 29
7 2 99 16
2 2 135 29
5 2 99 18
4 2 98 1
7 2 99 2
7 2 99 20
1 2 132 3
5 2 111 20
5 2 134 21
4 2 98 4
7 2 98 5
3 2 98 14
8 2 97 17
4 2 99 16
3 2 119 19
3 2 154 20
4 2 118 20
2 2 151 20
7 2 96 16
3 2 96 31
1 2 130 30
3 2 95 1
1 2 123 2
8 2 95 5
4 2 95 30
2 2 101 30
7 2 153 29
7 2 100 30
1 2 111 30
8 2 153 28
7 2 110 29
7 2 95 35
5 2 99 34
2 2 94 18
5 2 93 1
2 2 93 3
8 2 93 36
8 2 124 36
6 2 97 2
3 2 92 6
2 2 92 17
8 2 134 16
3 2 91 1
7 2 91 6
7 2 91 9
7 2 115 11
5 2 115 10
5 2 99 9
3 2 109 8
7 2 112 10
3 2 130 36
3 2 91 27
2 2 95 26
2 2 127 27
4 2 106 27
3 2 101 25
3 2 96 24
6 2 91 34
1 2 98 35
8 2 90 11
1 2 92 10
1 2 157 11
8 2 99 11
1 2 108 10
2 2 107 11
8 2 110 9
7 2 109 9
6 2 109 9
1 2 94 12
7 2 90 19
5 2 90 22
5 2 89 1
6 2 89 28
3 2 89 49
6 2 102 48
6 2 98 49
4 2 90 24
7 2 100 24
2 2 100 25
7 2 94 25
1 2 99 26
7 2 88 13
3 2 107 13
3 2 88 24
1 2 101 49
2 2 88 42
7 2 111 23
3 2 112 41
5 2 105 41
2 2 99 42
1 2 106 42
8 2 107 41
3 2 106 41
7 2 113 23
2 2 135 22
3 2 104 42
6 2 117 42
6 2 87 24
3 2 134 25
7 2 87 42
6 2 125 41
5 2 86 24
2 2 85 1
5 2 86 46
7 2 84 48
8 2 99 48
3 2 98 47
1 2 83 2
5 2 89 3
6 2 118 2
1 2 116 2
6 2 90 1
5 2 83 14
7 2 91 1
2 2 83 28
8 2 100 29
6 2 89 28
1 2 101 13
3 2 98 29
5 2 88 29
8 2 93 30
6 2 82 18
6 2 82 43
8 2 81 3
6 2 82 2
8 2 81 25
6 2 81 25
2 2 81 47
6 2 82 45
2 2 83 45
7 2 109 44
3 2 108 44
8 2 107 44
5 2 105 45
7 2 105 46
5 2 88 44
1 2 103 45
6 2 103 45
7 2 84 45
7 2 99 44
3 2 80 47
4 2 82 45
4 2 92 44
2 2 80 50
1 2 116 46
4 2 79 6
4 2 79 9
5 2 100 8
7 2 79 14
5 2 91 15
5 2 93 16
6 2 135 49
3 2 93 17
7 2 108 17
6 2 107 19
6 2 79 17
6 2 78 14
4 2 81 15
2 2 84 15
1 2 82 13
4 2 141 14
2 2 86 14
2 2 100 14
7 2 99 14
3 2 85 14
5 2 87 13
5 2 111 14
1 2 87 13
7 2 81 13
8 2 84 14
6 2 78 19
1 2 88 19
8 2 77 43
8 2 85 42
8 2 77 48
5 2 91 13
1 2 137 12
3 2 91 49
3 2 76 10
2 2 80 10
7 2 153 9
4 2 98 9
7 2 76 14
5 2 76 44
1 2 81 45
2 2 75 12
3 2 75 30
5 2 97 11
1 2 118 30
6 2 75 46
7 2 74 13
8 2 74 44
8 2 73 17
7 2 130 10
7 2 114 17
6 2 73 32
3 2 73 50
4 2 80 17
7 2 88 49
1 2 77 49
4 2 90 17
6 2 85 48
6 2 72 12
4 2 84 11
2 2 83 11
4 2 72 12
3 2 89 48
1 2 72 18
6 2 107 17
7 2 141 11
4 2 87 17
1 2 73 18
5 2 72 32
3 2 72 33
4 2 72 33
6 2 93 34
5 2 72 33
7 2 77 20
7 2 110 21
5 2 71 6
4 2 74 7
2 2 77 8
3 2 77 8
2 2 74 7
5 2 156 6
4 2 148 6
3 2 142 6
8 2 93 6
5 2 131 6
7 2 88 7
3 2 73 7
1 2 134 6
6 2 148 5
5 2 73 8
6 2 71 8
6 2 70 17
6 2 69 7
1 2 69 11
5 2 103 10
7 2 100 10
5 2 132 11
6 2 131 12
8 2 132 11
2 2 70 10
4 2 109 9
1 2 69 17
4 2 83 18
5 2 82 18
6 2 81 18
1 2 82 18
2 2 148 17
7 2 147 17
5 2 80 18
5 2 78 18
8 2 74 19
3 2 87 19
1 2 150 20
1 2 87 20
3 2 78 19
8 2 78 20
5 2 162 21
5 2 170 22
3 2 69 21
4 2 146 20
6 2 75 19
7 2 78 18
6 2 72 21
7 2 72 20
7 2 69 35
3 2 69 38
4 2 68 1
3 2 80 1
8 2 71 1
3 2 72 2
1 2 73 1
5 2 69 2
6 2 67 2
2 2 72 1
4 2 67 2
8 2 127 2
1 2 117 1
1 2 87 35
5 2 79 2
5 2 67 30
1 2 95 30
7 2 82 30
2 2 88 29
4 2 114 30
6 2 84 30
2 2 87 30
6 2 88 30
1 2 74 30
4 2 154 31
7 2 127 28
1 2 79 30
4 2 73 30
5 2 69 29
7 2 82 30
8 2 84 28
7 2 84 31
3 2 83 29
4 2 98 27
6 2 125 28
2 2 77 30
3 2 78 30
4 2 162 31
8 2 85 28
3 2 67 45
5 2 67 48
5 2 82 48
7 2 92 48
8 2 66 34
4 2 94 35
4 2 92 34
4 2 119 34
3 2 119 33
2 2 66 44
4 2 107 43
6 2 82 43
5 2 99 42
2 2 112 43
4 2 89 42
7 2 117 41
7 2 157 40
8 2 156 40
1 2 88 42
1 2 115 41
3 2 65 4
4 2 65 24
2 2 85 23
6 2 83 23
4 2 71 25
4 2 88 26
4 2 69 24
6 2 65 33
5 2 64 4
7 2 64 31
6 2 64 50
4 2 73 30
5 2 84 49
1 2 77 29
2 2 142 28
6 2 141 28
4 2 76 30
6 2 78 30
8 2 63 9
5 2 75 30
6 2 64 8
1 2 71 8
2 2 63 13
3 2 78 9
6 2 63 13
4 2 76 13
6 2 63 24
4 2 68 23
3 2 79 13
6 2 83 13
4 2 63 27
6 2 95 25
6 2 63 31
8 2 72 30
7 2 71 30
4 2 65 31
1 2 62 1
6 2 87 26
8 2 123 27
7 2 94 26
1 2 79 1
4 2 125 1
4 2 62 8
3 2 62 24
1 2 83 24
5 2 83 24
8 2 82 24
6 2 83 23
1 2 74 25
7 2 92 24
4 2 116 25
4 2 82 24
7 2 79 26
5 2 86 26
3 2 62 29
1 2 132 7
7 2 131 7
1 2 102 28
4 2 62 37
3 2 62 39
6 2 61 1
3 2 79 1
1 2 61 8
2 2 65 9
6 2 75 8
4 2 74 10
7 2 73 10
6 2 72 10
3 2 60 11
3 2 70 11
4 2 136 11
5 2 71 10
6 2 70 10
7 2 60 18
3 2 70 18
8 2 74 17
3 2 73 18
2 2 66 18
5 2 70 18
6 2 71 19
1 2 127 18
5 2 60 39
2 2 67 41
3 2 77 41
8 2 61 41
4 2 77 41
1 2 59 5
8 2 59 19
6 2 124 18
6 2 59 19
2 2 69 20
8 2 93 19
1 2 70 19
2 2 70 20
4 2 69 19
6 2 59 30
4 2 59 44
5 2 81 43
4 2 139 28
6 2 63 44
3 2 75 45
4 2 80 44
3 2 58 13
4 2 75 13
7 2 74 13
3 2 140 12
4 2 71 13
8 2 65 12
2 2 58 12
3 2 60 13
8 2 134 12
4 2 100 12
8 2 73 15
4 2 76 14
3 2 66 14
2 2 101 13
4 2 58 14
2 2 71 14
5 2 58 22
5 2 58 28
5 2 58 41
3 2 146 40
4 2 78 41
2 2 129 40
4 2 128 40
4 2 148 42
4 2 95 41
8 2 57 1
1 2 57 2
2 2 121 2
5 2 119 2
1 2 57 30
1 2 87 29
5 2 57 39
3 2 70 38
3 2 87 37
7 2 57 41
6 2 56 15
4 2 69 14
7 2 69 15
8 2 56 21
4 2 57 21
8 2 141 22
1 2 54 48
2 2 53 17
6 2 53 40
2 2 54 40
3 2 83 40
3 2 90 39
5 2 60 39
4 2 54 41
2 2 92 41
7 2 53 41
3 2 52 6
7 2 67 7
4 2 52 40
6 2 52 41
6 2 51 25
8 2 61 26
7 2 58 24
7 2 59 23
4 2 59 39
1 2 87 26
3 2 85 40
2 2 50 25
3 2 50 29
1 2 50 30
8 2 54 31
8 2 50 29
4 2 50 34
2 2 134 34
1 2 133 34
7 2 129 34
4 2 97 29
3 2 80 34
8 2 100 34
7 2 91 35
6 2 132 34
8 2 131 34
3 2 89 35
7 2 50 37
4 2 139 37
8 2 65 37
7 2 91 36
6 2 80 36
7 2 79 36
1 2 65 38
5 2 49 2
1 2 49 15
6 2 55 14
7 2 50 14
1 2 49 24
1 2 72 24
2 2 71 24
6 2 59 23
4 2 56 25
5 2 49 36
2 2 78 36
1 2 49 42
7 2 48 13
8 2 48 17
1 2 132 35
3 2 103 17
7 2 53 17
7 2 54 18
6 2 53 18
4 2 48 23
5 2 59 16
6 2 101 23
2 2 57 22
2 2 48 37
6 2 91 35
2 2 63 38
2 2 60 37
7 2 47 39
3 2 136 16
7 2 135 17
3 2 65 40
6 2 51 38
8 2 49 39
4 2 55 37
6 2 52 38
6 2 53 37
8 2 57 38
3 2 59 39
6 2 48 39
3 2 47 45
2 2 79 45
1 2 70 45
2 2 88 44
6 2 78 45
8 2 97 45
2 2 66 44
8 2 50 45
2 2 138 37
5 2 58 45
2 2 64 44
1 2 70 44
7 2 46 8
2 2 46 17
3 2 46 25
1 2 84 25
2 2 71 44
7 2 75 44
8 2 79 43
6 2 54 25
7 2 46 45
1 2 45 39
4 2 53 39
8 2 52 40
8 2 45 42
2 2 52 42
2 2 45 47
3 2 61 24
1 2 45 48
6 2 45 50
3 2 51 49
5 2 44 1
1 2 44 43
7 2 61 47
3 2 58 44
6 2 64 42
7 2 69 41
4 2 107 40
6 2 44 44
2 2 43 9
5 2 52 11
2 2 70 10
4 2 69 11
5 2 44 9
6 2 50 9
1 2 43 17
2 2 43 45
3 2 43 49
6 2 42 2
7 2 62 2
1 2 51 44
6 2 50 2
5 2 44 2
7 2 76 1
2 2 54 3
5 2 70 1
2 2 42 15
2 2 42 47
8 2 41 2
7 2 42 2
4 2 71 1
1 2 40 41
4 2 41 15
2 2 39 1
4 2 39 3
7 2 39 6
5 2 44 7
2 2 75 6
5 2 66 6
4 2 49 6
4 2 42 42
7 2 39 11
8 2 39 16
1 2 39 36
8 2 38 2
6 2 72 1
2 2 38 7
7 2 65 6
4 2 45 5
2 2 50 4
8 2 39 6
6 2 37 1
3 2 38 42
2 2 45 44
6 2 67 1
8 2 43 41
1 2 93 43
4 2 47 40
2 2 46 40
8 2 45 40
2 2 92 43
3 2 43 43
8 2 37 7
5 2 78 6
1 2 63 7
5 2 42 7
4 2 67 6
7 2 37 41
8 2 104 40
1 2 36 7
4 2 42 6
5 2 42 7
5 2 37 45
8 2 56 6
4 2 76 6
4 2 57 5
6 2 56 6
7 2 36 26
1 2 125 25
2 2 124 25
6 2 95 26
3 2 48 27
1 2 60 28
6 2 38 25
7 2 123 25
2 2 60 24
5 2 99 23
2 2 37 25
7 2 36 31
1 2 65 31
5 2 64 32
5 2 39 31
8 2 57 30
3 2 47 31
4 2 108 31
6 2 57 30
7 2 62 30
1 2 57 29
8 2 58 28
3 2 53 32
6 2 126 44
7 2 35 1
6 2 70 2
2 2 35 31
6 2 55 30
2 2 55 30
8 2 34 4
2 2 34 10
3 2 36 11
1 2 33 6
6 2 50 5
7 2 105 6
3 2 33 28
6 2 47 28
8 2 53 27
8 2 32 1
7 2 36 2
1 2 34 48
8 2 72 48
1 2 50 47
6 2 70 48
1 2 72 47
6 2 71 48
5 2 41 47
4 2 32 39
1 2 31 36
4 2 30 3
5 2 33 2
1 2 66 2
1 2 30 29
6 2 30 38
6 2 33 1
2 2 30 37
5 2 29 10
5 2 50 37
3 2 31 10
6 2 29 35
4 2 28 5
3 2 28 9
6 2 28 20
2 2 40 19
8 2 29 48
6 2 50 48
6 2 36 47
4 2 37 47
5 2 56 47
6 2 47 17
7 2 36 46
3 2 36 47
5 2 28 37
5 2 47 38
8 2 28 42
2 2 42 43
2 2 36 42
6 2 35 41
2 2 38 41
5 2 38 40
2 2 68 48
7 2 37 42
4 2 36 40
4 2 27 2
2 2 45 2
3 2 34 1
5 2 63 2
1 2 65 2
5 2 67 1
8 2 62 2
3 2 63 2
3 2 27 1
6 2 27 10
4 2 34 41
5 2 33 41
3 2 28 11
6 2 27 13
5 2 53 14
5 2 49 13
6 2 70 10
4 2 30 14
7 2 29 15
3 2 36 15
4 2 28 12
2 2 45 10
7 2 27 20
8 2 49 19
5 2 65 20
8 2 44 20
3 2 38 20
2 2 27 21
1 2 83 21
1 2 48 21
1 2 27 25
6 2 57 24
3 2 49 24
3 2 27 29
4 2 27 28
6 2 58 30
6 2 27 36
3 2 27 48
1 2 106 47
4 2 82 48
1 2 26 7
8 2 58 7
5 2 26 9
4 2 27 8
1 2 27 8
4 2 26 48
7 2 25 11
7 2 59 10
2 2 26 10
1 2 25 15
4 2 52 14
4 2 56 14
3 2 25 18
6 2 25 35
1 2 87 35
4 2 126 12
6 2 85 34
1 2 53 33
2 2 52 33
3 2 25 47
2 2 76 46
5 2 40 48
1 2 24 17
4 2 24 21
1 2 79 33
4 2 24 26
7 2 50 25
7 2 27 25
7 2 24 35
4 2 75 34
8 2 24 47
8 2 50 46
5 2 23 2
7 2 100 3
3 2 99 3
7 2 23 8
6 2 25 7
8 2 81 9
2 2 80 9
3 2 23 23
4 2 22 10
1 2 22 15
8 2 22 15
7 2 120 15
2 2 88 14
8 2 87 14
6 2 22 16
5 2 22 18
1 2 24 18
5 2 42 19
7 2 111 18
3 2 22 43
4 2 22 50
3 2 23 49
7 2 21 12
8 2 21 16
8 2 21 35
1 2 50 34
1 2 34 34
8 2 21 40
7 2 42 39
1 2 41 39
8 2 20 10
3 2 55 10
8 2 22 9
2 2 20 15
6 2 31 14
4 2 20 49
6 2 19 10
1 2 19 13
8 2 22 12
5 2 21 13
6 2 41 13
8 2 39 12
1 2 19 16
6 2 19 15
5 2 49 17
3 2 19 29
7 2 19 31
7 2 18 12
8 2 19 13
6 2 29 13
5 2 18 23
4 2 64 22
4 2 61 23
5 2 62 22
5 2 17 1
4 2 17 8
1 2 17 11
5 2 17 24
4 2 25 23
4 2 19 23
8 2 35 22
4 2 17 31
4 2 53 30
2 2 32 25
1 2 16 16
8 2 47 15
3 2 80 16
3 2 46 15
1 2 45 15
7 2 23 16
4 2 88 33
6 2 16 26
1 2 57 26
5 2 18 26
3 2 71 25
4 2 16 25
4 2 21 24
4 2 38 23
5 2 19 27
5 2 18 25
3 2 17 25
4 2 80 26
4 2 17 24
2 2 16 38
1 2 29 39
4 2 15 21
3 2 15 30
1 2 15 36
8 2 16 36
2 2 91 17
1 2 20 36
8 2 14 6
7 2 27 5
5 2 14 23
5 2 53 23
3 2 14 38
6 2 56 38
3 2 54 37
4 2 14 40
8 2 13 1
3 2 27 38
2 2 36 2
4 2 42 39
7 2 13 6
4 2 13 8
7 2 35 9
7 2 31 8
4 2 30 8
7 2 16 8
6 2 43 3
5 2 24 9
8 2 13 8
1 2 13 9
4 2 13 34
4 2 13 36
1 2 52 37
5 2 66 35
7 2 65 36
8 2 64 36
7 2 16 9
8 2 16 10
6 2 18 9
5 2 13 43
2 2 19 42
5 2 13 46
4 2 75 34
1 2 94 45
6 2 14 47
6 2 18 47
3 2 66 46
4 2 21 46
2 2 20 46
4 2 19 47
6 2 44 47
8 2 62 46
5 2 13 49
6 2 12 2
6 2 54 1
6 2 33 2
6 2 99 3
8 2 12 6
4 2 12 5
7 2 33 4
3 2 12 7
2 2 12 9
1 2 14 10
5 2 13 10
7 2 12 10
5 2 12 18
3 2 14 18
7 2 38 17
4 2 12 19
7 2 12 29
5 2 24 30
4 2 36 31
6 2 28 30
5 2 54 31
5 2 23 28
4 2 45 27
2 2 12 38
4 2 78 38
5 2 106 35
4 2 39 39
6 2 11 18
3 2 16 17
1 2 30 17
2 2 20 17
4 2 12 42
3 2 14 18
1 2 47 18
1 2 11 36
3 2 23 36
5 2 48 35
4 2 11 37
1 2 10 2
7 2 27 1
5 2 20 2
4 2 49 1
4 2 10 4
4 2 18 4
4 2 54 43
4 2 111 42
8 2 10 5
1 2 10 10
2 2 9 9
6 2 9 9
7 2 9 17
2 2 11 6
5 2 12 7
5 2 10 16
1 2 13 15
1 2 9 16
2 2 14 15
4 2 12 15
4 2 11 16
6 2 24 17
8 2 9 27
4 2 9 37
2 2 80 26
5 2 49 36
3 2 85 36
3 2 9 42
2 2 15 43
1 2 12 42
3 2 10 36
8 2 19 35
3 2 18 36
4 2 30 41
5 2 17 35
1 2 8 23
5 2 8 37
8 2 7 4
1 2 7 18
6 2 7 27
8 2 42 27
8 2 14 26
3 2 8 38
1 2 112 27
3 2 7 28
7 2 15 29
1 2 86 29
5 2 14 29
2 2 38 29
1 2 18 28
8 2 44 30
6 2 7 45
5 2 6 16
6 2 6 15
5 2 10 14
3 2 20 13
4 2 9 14
3 2 5 4
3 2 49 5
4 2 5 23
6 2 113 22
6 2 40 22
5 2 5 39
7 2 5 40
7 2 4 45
5 2 3 11
3 2 18 12
1 2 3 49
8 2 17 49
2 2 23 48
6 2 5 42
5 2 21 41
7 2 11 43
5 2 10 43
7 2 28 48
5 2 4 42
8 2 3 48
5 2 15 47
7 2 17 46
1 2 34 45
6 2 10 49
1 2 37 49
6 2 25 48
5 2 7 47
4 2 15 46
5 2 15 45
6 2 11 46
8 2 10 46
2 2 3 50
6 2 2 6
6 2 26 5
3 2 59 43
5 2 25 6
5 2 2 9
2 2 2 46
4 2 1 6
8 2 1 24
1 2 1 28
2 2 4 28
4 2 2 28
1 2 40 27
7 2 1 31
2 2 27 32
4 2 24 32
8 2 13 30
7 2 11 31
8 2 141 4
4 2 1 30
7 2 1 42
1 2 2 41
3 2 21 42
1 2 41 43
3 2 1 50
8 2 11 49
4 2 10 49
8 2 23 48
6 2 10 50
5 3 163 22
8 3 163 33
5 3 148 32
8 3 150 22
4 3 147 22
6 3 145 35
4 2 144 35
7 3 141 32
4 3 138 22
8 3 137 35
8 3 134 27
5 3 133 39
4 3 131 50
2 2 130 50
5 3 130 5
2 3 138 4
4 3 130 46
4 3 125 40
4 3 124 27
7 3 122 12
3 3 122 21
3 3 121 26
8 3 121 50
7 3 120 39
1 3 116 43
2 3 114 35
3 3 112 34
5 2 112 33
6 2 111 33
3 3 138 32
4 3 111 26
6 3 111 45
6 3 112 41
1 3 109 17
6 3 106 50
8 3 105 1
7 3 104 10
3 3 104 25
3 3 103 6
6 3 103 24
4 3 103 28
3 3 105 27
5 3 105 27
2 3 103 33
1 3 113 45
5 3 103 40
2 3 102 21
1 3 135 22
6 3 102 22
8 3 101 7
2 3 100 14
5 3 98 8
4 3 105 9
3 2 104 9
3 3 97 31
3 3 127 32
7 3 95 3
6 3 95 27
7 3 96 20
4 3 95 44
1 3 93 13
6 3 93 14
1 3 93 34
7 2 92 34
5 3 98 26
2 3 92 27
4 3 91 1
2 3 89 3
2 2 91 3
8 3 88 8
7 3 88 15
5 3 88 41
5 3 88 45
4 3 87 18
6 3 87 26
1 3 87 44
8 3 84 10
4 3 84 21
7 3 84 30
2 3 83 50
2 3 81 10
3 3 81 36
8 3 97 37
1 3 80 15
6 3 93 15
8 2 92 15
4 3 79 7
8 3 77 6
8 3 76 36
5 3 74 23
5 3 86 24
1 3 71 27
2 2 72 27
7 3 87 28
1 3 71 45
6 3 82 45
6 3 70 10
6 3 97 11
4 3 70 23
1 3 114 35
5 3 70 47
3 3 69 2
2 3 68 14
1 3 68 42
6 3 67 17
8 3 79 17
2 3 70 17
6 3 67 50
2 3 65 3
7 3 65 42
3 3 73 42
7 3 64 15
5 3 64 48
3 3 63 30
7 3 78 29
6 3 68 30
6 3 62 2
4 3 62 25
1 3 76 25
2 3 59 13
4 2 82 12
3 3 64 14
7 3 59 24
7 3 68 25
2 3 59 31
7 3 58 14
1 3 58 29
7 3 57 12
4 3 57 36
1 2 103 35
7 2 118 22
1 3 56 46
1 3 55 2
6 3 54 12
6 3 54 18
5 3 54 36
2 3 53 49
4 3 52 10
4 3 68 9
6 3 51 4
6 3 51 47
5 3 50 13
5 3 47 50
5 3 46 20
4 3 47 20
8 3 46 37
2 3 46 43
7 3 51 43
6 3 62 44
4 3 44 19
1 3 44 30
2 3 42 7
4 3 42 31
3 2 41 31
8 3 117 32
2 3 42 40
3 3 94 39
1 3 42 40
3 3 41 8
8 3 59 8
8 3 86 8
8 3 60 8
3 2 104 7
5 3 39 18
4 3 38 31
6 3 38 32
7 2 131 32
8 3 94 32
2 3 94 33
2 3 36 1
3 3 36 19
7 3 35 38
1 3 35 42
1 3 35 45
3 3 36 21
4 2 37 20
1 2 39 19
5 3 49 44
4 3 33 35
5 2 50 21
1 2 56 34
6 2 66 33
1 2 65 34
8 2 131 34
4 3 45 36
6 3 33 44
3 3 42 44
1 3 65 44
4 3 99 43
5 3 32 30
4 3 32 38
8 2 70 37
6 2 69 38
3 3 96 38
2 3 30 18
6 3 30 29
5 3 49 28
7 2 107 27
5 3 46 29
8 3 33 29
8 3 34 29
7 2 58 28
7 3 29 17
3 2 29 17
1 3 63 17
7 3 66 17
5 2 91 16
8 2 90 16
2 3 28 37
8 2 35 36
8 3 27 31
6 3 28 31
1 2 28 31
2 3 27 48
3 3 45 48
4 2 53 33
7 2 53 32
8 2 58 48
6 2 57 49
2 3 26 2
1 3 26 28
6 3 25 43
8 3 22 19
4 2 23 18
5 2 23 18
3 2 22 18
6 3 31 19
3 3 22 49
4 3 27 50
5 3 21 7
7 3 81 7
3 3 21 30
3 3 20 21
1 2 39 21
5 2 42 20
4 3 48 2
6 2 58 21
8 3 49 1
8 3 47 2
2 3 34 20
3 3 19 28
5 3 23 28
3 3 18 6
4 2 20 6
7 3 57 3
4 3 38 7
1 2 41 6
7 3 18 12
5 2 17 13
3 2 33 12
3 3 16 24
4 3 15 18
8 2 28 17
1 3 14 40
3 2 28 39
1 2 24 39
4 3 95 6
3 3 55 39
6 3 13 8
5 3 14 8
1 3 24 41
2 3 11 17
5 3 10 50
4 2 35 8
6 2 46 49
5 3 8 10
8 3 6 44
5 3 4 36
6 2 6 37
8 2 33 38
7 2 32 35
5 2 33 38
5 3 76 7
5 3 35 40
5 3 3 9
3 2 3 10
2 2 9 11
8 3 3 44
4 2 7 11
6 3 2 11
7 2 1 12
3 3 5 11
2 2 5 10
1 2 10 11
6 3 2 16
3 2 19 18
6 2 18 18
2 2 9 15
1 2 3 15
3 2 5 16
8 2 1 16
7 2 21 15
4 2 42 44
7 3 31 19
2 3 22 15
3 2 31 14
6 3 44 14
4 3 1 9
7 3 2 17
3 2 4 17
6 2 3 17
4 4 127 32
8 4 119 12
7 4 117 22
2 4 117 46
7 4 113 20
8 2 112 20
2 4 113 35
1 4 113 46
6 4 110 16
3 4 109 12
7 4 109 28
2 4 107 34
2 4 105 16
6 4 104 50
5 4 103 12
2 2 102 12
8 4 103 31
2 2 102 31
8 4 101 23
4 4 99 5
6 4 97 9
7 4 97 11
8 4 97 31
1 4 97 33
4 4 114 46
4 4 97 43
6 4 95 24
6 4 90 27
4 4 88 11
4 4 86 36
2 4 85 34
3 3 95 34
2 2 98 34
2 4 84 45
1 4 84 48
5 4 83 11
6 4 83 14
5 4 83 16
5 4 81 1
2 4 81 50
3 3 89 50
5 4 80 33
8 4 128 32
5 2 127 32
1 4 80 45
2 4 80 47
7 4 79 11
3 2 78 11
8 4 79 18
1 4 79 31
3 4 97 32
5 4 75 46
4 4 75 46
3 4 74 17
2 4 72 16
5 4 71 4
3 4 71 36
2 4 71 46
7 4 68 34
5 3 80 35
5 2 83 34
8 4 67 21
4 4 67 36
8 4 65 30
8 4 63 47
8 4 61 50
8 4 60 9
8 4 60 18
5 2 60 18
8 4 60 18
7 4 60 24
7 4 79 43
4 4 59 22
2 4 59 43
4 4 58 8
5 4 59 8
1 4 57 15
3 4 79 14
3 4 54 25
1 4 50 35
2 4 59 35
5 4 70 34
4 4 49 32
4 4 75 33
5 4 56 31
6 2 55 31
4 3 65 30
2 3 70 31
4 4 53 12
8 4 49 49
2 4 51 49
2 4 57 50
2 4 52 49
6 4 79 34
5 4 48 3
4 4 48 34
3 4 59 33
6 3 81 48
2 4 47 17
5 4 54 18
6 4 44 41
4 4 104 40
4 4 98 41
8 4 83 41
2 4 76 41
5 4 44 44
1 2 44 44
4 4 73 44
7 4 43 17
4 4 42 12
7 4 42 23
1 3 44 23
7 2 43 23
1 4 65 22
1 4 41 19
2 4 41 27
7 4 79 27
4 2 101 26
2 4 40 5
2 4 40 14
8 3 41 14
5 4 61 14
4 4 51 14
2 4 35 24
4 4 88 24
4 4 46 25
3 4 34 21
6 2 34 20
2 2 61 21
2 4 64 20
7 4 34 46
6 4 32 35
7 4 34 34
5 4 29 44
5 2 60 43
8 4 28 33
7 4 24 7
5 3 72 6
5 2 79 5
1 4 23 28
4 2 28 28
5 2 27 29
7 4 27 5
5 4 22 11
2 2 28 11
1 4 22 21
7 4 61 21
3 4 37 21
8 2 47 20
4 4 48 27
5 2 76 26
3 2 75 27
2 2 75 27
2 2 65 26
7 4 71 26
7 4 66 27
4 4 22 27
1 2 44 27
1 4 61 27
1 4 17 24
5 2 72 25
8 4 16 9
5 4 14 12
3 3 51 13
8 4 14 41
2 4 52 41
5 4 30 42
6 2 78 20
6 4 13 25
1 4 12 17
5 2 12 17
6 2 13 17
5 4 13 18
8 2 12 18
1 4 10 5
3 2 33 5
6 4 7 14
6 4 7 44
8 4 4 18
7 2 37 19
6 2 37 19
4 4 3 7
7 4 3 14
5 4 2 27
4 4 52 28
3 4 2 28
6 2 16 31
1 2 2 28
1 2 3 28
8 4 33 29
6 2 48 28
8 2 47 29
1 4 15 28
1 2 17 27
4 2 38 28
1 4 1 2
2 3 22 1
5 4 1 4
5 4 1 14
4 2 1 15
5 4 1 34
6 2 15 35
3 2 48 33
8 2 1 34
7 2 77 36
7 4 79 42
2 5 113 39
6 5 109 37
8 5 105 40
4 5 103 22
5 5 91 28
8 5 90 1
7 2 89 1
3 5 90 16
5 2 89 16
7 5 89 19
1 5 89 46
2 5 88 34
7 5 87 24
1 5 87 32
7 2 115 32
5 2 114 32
3 5 86 13
8 5 86 28
6 5 85 47
4 5 84 9
4 5 79 31
3 2 78 31
7 5 78 49
4 5 75 7
5 5 75 38
5 2 108 37
3 5 96 37
8 5 74 27
2 5 73 11
7 5 73 50
2 5 72 36
1 5 70 7
4 5 70 24
1 5 69 45
7 5 67 46
6 2 66 46
3 2 84 46
4 5 66 34
8 2 66 33
8 5 86 35
8 5 72 35
1 5 63 19
1 5 63 47
6 5 62 12
5 5 62 13
5 5 61 21
8 5 61 25
3 5 65 24
3 5 61 29
5 5 56 27
2 5 71 26
2 5 55 16
1 5 53 48
1 5 50 8
2 2 84 9
5 5 50 12
7 5 49 27
4 2 64 27
4 5 48 33
2 5 45 28
2 5 45 38
4 5 48 43
1 5 40 15
5 4 46 14
2 5 39 31
7 4 63 39
1 5 97 39
1 5 53 30
1 5 48 31
5 5 38 43
6 5 36 6
5 5 76 6
6 5 35 34
2 5 30 31
1 5 30 35
2 5 55 35
8 5 30 42
1 2 38 41
3 5 28 1
5 5 27 40
1 5 24 31
4 4 38 33
1 5 24 36
1 5 72 37
8 5 22 2
8 4 41 3
7 5 22 23
4 4 94 22
1 5 37 23
3 2 36 23
1 2 51 23
6 2 50 24
3 5 21 37
6 3 28 37
5 5 20 19
3 5 20 35
8 5 19 28
1 2 20 29
8 2 21 30
8 5 19 48
3 4 21 49
3 3 34 48
2 5 19 50
2 2 41 49
5 5 18 34
4 5 29 34
7 5 16 23
3 3 19 23
2 2 19 22
6 4 21 23
6 2 46 21
6 5 15 46
1 5 6 29
1 5 4 21
8 5 4 49
1 2 3 49
1 3 12 49
4 3 12 49
1 3 16 48
2 2 30 48
1 5 3 17
7 2 3 18
3 2 9 18
4 5 3 17
3 5 2 6
2 3 2 7
3 2 68 6
7 2 32 6
1 2 30 6
5 4 2 7
6 2 3 9
4 5 1 8
3 5 7 9
2 5 105 32
2 6 112 5
5 6 122 22
8 6 99 33
8 6 96 40
2 6 81 12
7 2 80 12
4 6 78 42
8 6 77 1
7 6 69 40
5 6 68 20
2 2 68 19
5 6 66 16
1 2 65 16
8 6 62 24
8 6 61 36
3 6 59 15
7 6 57 26
2 6 57 26
5 6 55 7
3 6 53 35
3 6 51 23
7 6 51 33
7 6 48 30
3 6 47 44
3 6 45 20
4 6 45 33
5 6 44 21
7 2 43 21
7 6 56 20
8 6 36 1
2 3 31 2
4 5 35 2
7 5 40 1
2 6 35 29
6 6 35 29
1 2 59 28
3 2 59 28
5 2 58 29
1 6 34 5
3 6 26 3
3 2 29 3
3 2 66 3
2 4 71 3
2 6 80 4
4 6 34 3
6 2 33 3
1 6 25 8
7 2 33 8
5 6 39 8
7 6 26 8
2 6 25 21
4 2 46 20
6 3 27 21
8 2 44 21
1 5 44 22
7 6 25 39
2 2 30 38
1 2 29 39
4 2 71 37
4 6 18 15
7 2 53 14
7 6 59 16
7 6 28 15
5 6 35 14
6 6 22 15
2 6 16 6
3 2 14 6
4 6 16 41
2 6 22 40
1 2 31 39
2 4 71 40
3 4 74 40
3 6 85 39
7 6 61 40
7 6 8 48
4 2 10 47
8 6 2 16
4 2 3 16
2 2 2 17
4 5 3 17
2 6 10 17
4 6 9 17
2 5 32 19
4 6 20 19
7 7 119 4
4 7 98 33
8 7 92 22
6 7 77 10
6 7 77 26
8 7 68 26
7 7 56 19
4 7 49 26
6 7 58 27
6 7 44 23
7 7 73 22
4 7 52 23
1 7 42 13
8 7 43 13
4 7 47 13
6 7 41 18
5 7 38 23
4 2 39 24
2 7 37 20
4 7 44 19
4 7 33 8
4 7 32 42
3 6 44 42
7 6 48 41
7 6 37 42
6 6 39 43
6 6 31 42
4 5 58 41
3 7 49 41
6 2 48 41
3 7 47 43
8 7 28 17
5 7 27 20
8 2 27 20
8 7 46 21
4 7 25 16
2 7 25 36
7 2 30 35
5 2 67 34
6 7 24 40
6 5 41 41
2 2 53 39
3 7 34 41
8 7 15 11
7 4 30 11
8 6 44 10
5 5 65 12
8 7 50 12
8 7 32 11
4 7 34 11
4 7 15 35
8 2 15 35
2 7 14 18
6 7 14 29
6 5 15 29
2 2 14 29
1 4 42 29
6 6 20 28
6 6 23 30
1 6 42 28
4 7 43 31
2 5 54 31
2 7 16 30
4 7 7 1
3 7 6 25
3 2 14 25
2 4 14 26
2 5 43 25
6 5 29 25
8 5 35 23
3 6 38 25
2 6 8 25
2 2 15 25
5 3 13 25
5 4 9 25
4 2 20 25
1 2 10 26
5 4 12 26
1 5 20 25
5 6 25 27
1 2 34 26
3 7 36 26
8 7 19 25
1 7 4 43
2 2 6 42
6 2 3 43
7 2 3 42
2 5 50 45
8 7 3 10
7 5 32 10
7 7 40 9
2 8 119 4
1 8 91 32
2 8 81 4
4 8 67 4
7 8 66 39
1 8 71 46
2 8 58 12
4 8 55 24
3 8 50 10
4 2 49 10
7 8 50 45
1 8 49 3
8 8 46 16
6 8 46 23
1 8 40 39
2 7 61 39
2 7 62 39
1 8 33 29
4 8 32 10
3 8 29 6
6 2 47 7
2 2 55 6
8 2 54 6
5 8 24 7
5 8 24 18
1 8 20 17
6 2 19 17
7 8 18 34
3 5 28 33
2 8 83 37
3 2 82 38
7 2 81 38
4 2 80 38
3 8 61 33
6 8 2 4
8 8 10 25
5 8 17 27
5 2 33 28
6 6 95 4
6 9 107 5
2 9 82 38
3 9 79 22
8 9 59 12
4 9 50 12
3 9 46 20
2 9 45 24
7 2 46 23
5 9 41 31
2 2 84 32
7 9 26 18
4 2 25 18
5 9 24 19
8 9 20 30
1 2 21 31
3 3 20 31
4 8 45 32
4 7 75 33
3 9 17 48
7 2 16 48
4 9 15 43
8 2 16 44
4 9 60 45
7 9 9 17
1 2 12 19
5 10 94 5
4 10 69 46
1 10 64 21
3 10 55 48
8 2 54 48
5 10 48 13
1 10 39 34
4 7 42 34
4 8 52 35
5 10 36 34
8 2 35 34
3 10 36 37
2 5 75 37
4 10 26 8
3 10 25 21
5 2 19 21
1 6 51 21
7 10 24 7
7 10 16 50
3 10 12 1
4 2 11 1
5 2 10 1
5 11 58 22
3 11 25 4
2 2 25 3
5 11 25 48
4 11 16 30
8 11 33 31
5 11 2 31
2 2 1 31
1 2 1 31
4 3 29 33
1 12 55 4
3 12 50 45
6 12 41 49
2 12 38 40
3 12 37 12
6 12 37 43
4 2 38 44
2 12 34 36
4 12 34 42
4 12 8 32
4 8 50 33
2 12 5 15
5 13 97 5
3 13 63 46
8 13 38 33
1 13 22 23
1 7 26 23
1 8 34 24
5 13 8 38
5 2 23 40
4 2 22 40
3 2 21 40
1 7 15 37
1 2 35 41
4 13 15 37
7 14 79 5
4 14 50 21
7 2 49 21
5 14 46 20
1 2 49 21
3 14 32 45
4 11 45 44
4 14 26 27
1 8 29 26
8 14 10 31
5 2 13 30
4 2 13 30
7 15 30 43
2 2 33 42
8 2 32 42
2 3 30 42
8 2 29 44
3 2 32 43
8 15 10 39
7 2 8 39
2 2 10 40
6 2 9 41
6 5 29 39
2 16 39 7
1 16 38 28
7 16 32 3
1 16 27 1
3 2 26 1
4 16 24 32
1 2 27 32
2 16 9 31
1 16 2 6
7 2 6 8
4 2 3 6
6 2 12 6
3 2 21 5
4 2 22 6
8 2 21 6
7 2 21 7
4 2 20 7
4 5 37 6
6 5 4 7
6 5 16 6
8 5 47 4
8 14 62 5
1 17 22 9
5 14 34 11
7 17 19 1
5 2 20 1
5 17 17 22
3 2 17 23
2 17 10 17
7 17 4 23
8 2 6 25
3 2 9 23
1 18 8 38
4 2 26 39
3 2 8 38
6 7 7 38
7 3 22 39
7 7 15 38
6 7 44 37
2 9 27 38
7 9 35 37
2 13 40 36
4 19 25 3
5 2 24 3
7 2 32 3
4 19 22 29
6 20 17 26
3 2 19 26
2 20 1 4
3 2 2 5
5 2 1 5
7 2 1 7
3 2 2 7
2 2 1 8
5 2 25 3
2 21 14 12
1 2 30 12
7 2 28 13
2 22 5 23
5 2 3 24
6 2 3 23
3 2 2 25
5 2 1 26
7 2 1 28
1 2 4 28
6 14 7 29
3 2 6 31
7 2 5 30
4 3 7 28
5 4 4 30
2 4 5 29
6 22 3 25
5 2 5 26
8 2 2 27
4 2 3 28
1 2 1 26
4 2 1 25
7 3 1 28
8 2 1 28
3 2 1 29
3 2 2 29
6 2 3 30
5 23 23 9
2 2 26 10
3 2 25 9
2 2 26 9
2 2 27 10
2 23 16 48
4 2 8 49
8 23 4 21
2 2 21 21
1 9 39 20
7 23 1 28
8 24 1 31
6 2 1 30
3 2 1 31
6 6 14 32
3 9 2 32
6 17 6 31
3 25 14 33
5 2 31 36
8 26 22 5
1 2 30 6
7 26 16 47
4 2 15 49
2 27 4 1
1 2 3 2
8 28 16 13
3 2 22 14
5 28 1 18
7 2 3 18
2 2 7 21
1 2 2 18
2 2 13 19
7 30 5 31
1 2 6 34
4 2 5 34
2 2 3 33
3 2 7 32
2 2 22 33
4 2 6 32
2 4 5 32
1 2 22 35
6 8 23 34
8 2 23 34
1 2 23 35
1 31 13 20
7 2 14 21
6 32 2 19
4 2 3 19
1 2 3 18
8 3 1 20
8 2 3 19
5 35 5 6
7 2 4 7
1 2 19 10
6 24 11 5
4 17 31 4
4 17 25 4
5 2 12 5
3 36 2 11
5 2 11 12
8 2 10 12
6 2 7 13
1 2 3 12
4 2 4 13
7 3 2 11
6 3 2 11
8 2 1 11
4 2 1 11
7 3 2 14
3 2 3 13
6 2 1 14
5 2 1 14
1 2 9 13
2 2 8 14
1 2 1 13
6 2 24 4
3 43 9 37
4 2 11 38
1 48 5 3
2 2 1 4
8 2 1 6
3 2 3 3
4 2 2 3
6 2 2 3
5 48 2 14
6 2 2 16
4 3 2 14
8 2 3 16
6 55 3 7
4 2 3 6
1 2 1 10
3 2 2 10
1 2 4 13
1 56 5 39
3 2 3 40
2 3 7 44
8 2 11 42
3 2 6 45
2 3 5 38
7 2 10 42
1 2 15 42
4 2 14 42
5 2 14 43
2 2 9 37
7 2 8 37
5 2 6 38
2 3 5 45
2 2 6 38
7 2 6 46
4 2 5 38
3 2 5 47
8 2 4 47
6 6 5 37
5 3 7 36
3 2 6 38
4 79 6 42
6 3 6 41
5 2 7 46
8 2 5 42
2 20 9 44
6 80 5 32
7 2 10 36
1 2 7 32
4 2 6 34
2 2 5 34
4 2 5 33
2 2 7 34
4 2 7 33
1 3 8 37
2 19 17 44
