45907
3353
4 2 100 32
3 2 100 38
6 2 100 54
5 2 100 63
7 2 100 87
4 2 99 21
2 2 99 22
4 2 99 37
1 2 99 59
3 2 99 74
6 2 99 90
1 2 98 10
2 2 98 38
5 2 98 60
4 2 98 79
6 2 98 95
4 2 97 7
1 2 97 16
1 2 97 23
3 2 97 29
4 2 99 30
5 2 97 43
3 2 100 44
6 2 97 52
3 2 99 51
3 2 97 52
3 2 97 54
6 2 97 55
3 2 97 56
5 2 97 56
5 2 97 58
7 2 97 97
4 2 96 29
6 2 96 62
6 2 96 65
2 2 95 12
6 2 96 93
8 2 95 12
3 2 95 12
7 2 95 61
4 2 95 73
3 2 97 13
4 2 95 100
5 2 98 72
3 2 94 1
4 2 94 13
6 2 94 18
1 2 98 19
3 2 97 20
1 2 94 22
4 2 94 45
8 2 94 47
5 2 99 99
2 2 96 49
2 2 95 47
2 2 98 50
4 2 94 80
7 2 94 81
6 2 94 92
5 2 95 90
5 2 96 81
5 2 94 92
5 2 93 61
8 2 93 92
1 2 92 2
5 2 97 89
2 2 92 12
1 2 94 13
1 2 92 18
7 2 92 75
2 2 98 3
5 2 92 80
3 2 91 1
4 2 91 12
1 2 91 12
3 2 91 19
7 2 91 79
7 2 91 96
5 2 95 96
7 2 91 100
4 2 90 35
4 2 90 37
2 2 95 38
7 2 94 38
4 2 90 95
1 2 89 13
3 2 89 26
6 2 98 76
2 2 97 26
3 2 96 27
5 2 89 41
5 2 91 42
4 2 94 43
6 2 89 51
4 2 91 51
5 2 94 50
4 2 89 63
5 2 95 64
3 2 98 65
5 2 89 98
6 2 89 100
1 2 88 23
3 2 88 52
7 2 88 91
6 2 94 91
1 2 87 4
4 2 87 10
4 2 87 17
4 2 93 16
3 2 87 56
2 2 87 75
4 2 87 85
4 2 86 34
2 2 89 33
2 2 93 33
2 2 88 34
2 2 86 38
3 2 95 39
5 2 87 40
6 2 86 51
5 2 86 57
6 2 91 59
5 2 94 60
4 2 86 71
2 2 99 25
7 2 86 96
2 2 85 5
5 2 85 43
6 2 85 89
7 2 96 87
6 2 95 87
5 2 98 86
6 2 95 90
4 2 91 89
7 2 88 89
6 2 91 90
3 2 84 36
5 2 84 49
4 2 87 48
5 2 84 51
4 2 84 51
6 2 84 54
3 2 84 59
5 2 89 59
6 2 84 60
6 2 93 60
6 2 84 87
6 2 90 87
6 2 86 87
5 2 91 87
4 2 83 12
1 2 83 13
1 2 99 15
2 2 88 13
2 2 83 14
4 2 87 15
2 2 83 16
1 2 83 56
2 2 83 64
3 2 83 65
5 2 83 72
6 2 98 74
5 2 96 74
5 2 94 73
3 2 94 74
3 2 85 72
5 2 88 74
4 2 91 75
4 2 95 76
5 2 98 77
5 2 95 76
4 2 87 71
7 2 83 82
5 2 97 82
6 2 87 72
6 2 93 73
6 2 83 91
4 2 86 90
7 2 90 88
6 2 88 89
4 2 82 4
4 2 83 4
2 2 82 23
4 2 90 25
4 2 88 24
1 2 89 23
3 2 86 23
7 2 82 30
2 2 91 31
3 2 93 31
5 2 97 32
2 2 96 32
5 2 94 30
3 2 82 45
3 2 91 44
5 2 88 44
4 2 83 44
2 2 87 44
5 2 83 45
4 2 82 48
5 2 96 49
5 2 82 61
4 2 82 71
5 2 82 88
7 2 84 89
4 2 82 94
4 2 81 39
3 2 81 38
3 2 80 27
3 2 91 28
4 2 80 45
6 2 80 69
3 2 95 69
5 2 91 69
6 2 89 70
4 2 94 69
3 2 96 70
6 2 87 69
6 2 82 68
4 2 97 83
4 2 99 67
6 2 86 67
6 2 84 67
5 2 80 82
6 2 82 81
3 2 81 81
4 2 84 81
5 2 81 82
4 2 85 81
6 2 89 80
4 2 80 83
6 2 93 83
4 2 83 84
4 2 80 94
2 2 79 1
3 2 84 2
4 2 97 3
4 2 94 2
3 2 86 2
7 2 85 2
7 2 79 76
4 2 96 77
6 2 81 75
6 2 91 74
3 2 86 74
6 2 82 75
5 2 79 86
6 2 79 87
5 2 86 86
6 2 86 85
4 2 78 5
3 2 90 7
4 2 94 8
1 2 85 6
4 2 79 4
1 2 82 3
4 2 78 16
4 2 91 18
4 2 85 18
1 2 87 19
4 2 89 20
7 2 89 21
1 2 88 21
5 2 84 18
4 2 87 19
3 2 78 36
5 2 79 34
3 2 84 34
3 2 82 33
3 2 78 47
8 2 77 5
3 2 82 4
4 2 77 21
3 2 84 21
3 2 80 20
3 2 84 19
3 2 77 32
4 2 89 31
2 2 92 31
4 2 87 32
4 2 83 30
5 2 86 30
3 2 77 41
2 2 86 40
6 2 77 60
5 2 82 59
4 2 86 58
6 2 77 64
4 2 94 65
4 2 92 64
3 2 77 68
3 2 85 67
4 2 80 68
6 2 79 66
4 2 77 69
7 2 77 78
5 2 81 77
7 2 87 76
7 2 83 76
5 2 80 78
5 2 77 78
4 2 86 77
4 2 79 78
6 2 77 78
6 2 86 77
3 2 76 1
3 2 76 4
3 2 86 4
4 2 85 3
4 2 76 16
7 2 75 6
4 2 95 7
6 2 75 15
4 2 89 16
2 2 75 24
6 2 75 30
2 2 80 30
3 2 75 30
6 2 75 33
4 2 80 32
8 2 75 41
1 2 75 46
4 2 76 48
5 2 75 48
1 2 75 54
6 2 95 53
5 2 80 52
3 2 77 53
2 2 75 94
8 2 75 96
4 2 83 97
6 2 96 98
7 2 74 37
2 2 76 38
2 2 74 37
1 2 74 38
7 2 74 50
4 2 77 51
8 2 75 52
2 2 74 52
6 2 74 52
2 2 74 56
6 2 82 57
5 2 76 55
6 2 92 54
4 2 83 56
5 2 78 54
3 2 78 56
5 2 80 56
7 2 79 56
4 2 78 55
6 2 77 54
4 2 90 55
4 2 77 54
5 2 74 56
6 2 74 56
8 2 74 70
4 2 75 70
4 2 79 72
5 2 82 72
6 2 80 72
3 2 80 72
1 2 74 74
4 2 76 72
8 2 73 28
2 2 78 29
8 2 75 28
4 2 73 28
2 2 86 28
2 2 73 28
6 2 73 34
8 2 73 75
4 2 75 75
4 2 81 74
3 2 81 75
3 2 79 74
3 2 73 86
7 2 82 86
8 2 73 98
7 2 94 99
6 2 72 5
5 2 72 16
8 2 72 20
1 2 79 19
4 2 79 19
1 2 76 20
2 2 76 21
7 2 75 18
5 2 73 19
3 2 78 20
3 2 77 18
6 2 72 26
6 2 72 47
5 2 96 46
3 2 89 47
5 2 89 47
8 2 72 55
2 2 72 67
4 2 90 68
6 2 89 68
3 2 85 67
3 2 77 67
8 2 72 96
3 2 74 94
5 2 89 93
7 2 95 92
4 2 93 92
7 2 93 93
4 2 91 93
8 2 71 14
4 2 84 13
4 2 86 12
2 2 80 12
1 2 81 10
1 2 71 26
2 2 79 25
7 2 70 10
3 2 80 10
4 2 79 10
6 2 70 28
4 2 70 89
7 2 79 90
4 2 85 90
1 2 70 92
7 2 81 91
6 2 76 92
5 2 74 92
8 2 70 98
6 2 94 97
4 2 93 97
4 2 75 97
7 2 90 98
5 2 69 19
8 2 74 20
2 2 90 22
3 2 76 22
7 2 69 30
1 2 69 87
6 2 69 100
6 2 77 99
8 2 68 13
7 2 68 17
6 2 68 22
1 2 79 21
2 2 74 22
3 2 78 22
1 2 68 57
2 2 71 57
7 2 72 56
3 2 74 55
1 2 68 75
1 2 68 89
7 2 76 91
7 2 74 90
7 2 67 41
2 2 76 40
5 2 89 39
5 2 86 40
1 2 67 49
8 2 74 51
4 2 81 52
8 2 67 85
6 2 92 85
7 2 81 84
7 2 92 83
7 2 90 84
5 2 91 84
8 2 68 85
7 2 66 29
8 2 66 30
1 2 66 37
3 2 71 36
5 2 79 37
5 2 74 38
5 2 85 36
2 2 85 38
7 2 66 49
2 2 66 73
2 2 66 84
7 2 87 83
4 2 73 84
8 2 65 41
1 2 72 41
1 2 70 40
8 2 67 42
2 2 81 41
2 2 72 41
8 2 70 41
2 2 65 64
3 2 83 43
2 2 70 64
7 2 74 66
1 2 70 65
7 2 72 64
7 2 65 67
6 2 73 66
1 2 67 66
4 2 80 65
1 2 65 67
1 2 65 86
1 2 67 85
4 2 84 84
8 2 66 88
2 2 71 86
3 2 69 87
6 2 70 86
6 2 75 65
2 2 69 88
5 2 63 8
5 2 78 85
3 2 83 8
1 2 84 8
3 2 76 9
7 2 74 9
2 2 79 11
1 2 73 8
2 2 75 9
2 2 82 8
2 2 74 7
4 2 81 7
7 2 87 84
2 2 85 7
6 2 73 9
5 2 71 9
3 2 73 8
1 2 84 7
4 2 71 9
6 2 69 9
5 2 66 8
4 2 78 7
4 2 80 7
7 2 72 7
7 2 69 8
4 2 67 7
1 2 81 6
1 2 74 6
1 2 63 52
3 2 81 51
6 2 75 53
2 2 66 52
5 2 77 52
6 2 74 51
8 2 63 74
2 2 70 73
4 2 70 74
5 2 76 75
4 2 83 77
6 2 78 76
4 2 79 76
2 2 78 76
7 2 80 76
8 2 63 92
5 2 73 92
6 2 80 92
3 2 72 92
5 2 79 91
3 2 69 93
6 2 86 93
3 2 63 94
7 2 80 95
8 2 66 95
8 2 63 98
7 2 85 100
7 2 83 99
3 2 88 6
6 2 83 100
6 2 81 99
1 2 63 100
2 2 70 100
2 2 62 10
6 2 62 23
6 2 62 49
7 2 62 59
8 2 62 62
2 2 67 61
1 2 62 73
7 2 65 72
1 2 71 72
5 2 74 72
6 2 79 73
7 2 63 73
3 2 62 99
2 2 71 98
7 2 61 24
5 2 87 98
1 2 73 24
1 2 80 23
4 2 86 24
4 2 89 23
1 2 61 26
6 2 72 27
6 2 61 31
7 2 62 31
5 2 60 11
5 2 66 10
7 2 65 26
1 2 76 12
8 2 65 26
3 2 73 27
3 2 68 25
3 2 69 26
3 2 83 26
2 2 72 27
7 2 65 26
7 2 64 12
5 2 60 15
5 2 69 14
6 2 68 15
1 2 73 15
2 2 80 15
7 2 67 14
7 2 65 15
3 2 77 15
7 2 61 14
6 2 60 46
4 2 81 26
4 2 78 46
3 2 87 45
2 2 86 45
4 2 81 45
2 2 73 46
5 2 73 46
1 2 72 45
8 2 62 45
6 2 72 45
7 2 70 44
5 2 81 43
8 2 60 55
8 2 69 56
2 2 65 55
5 2 73 55
8 2 69 54
4 2 72 54
5 2 79 53
5 2 59 5
7 2 66 6
5 2 62 6
3 2 75 5
5 2 69 5
5 2 60 5
7 2 59 7
6 2 59 20
2 2 72 19
8 2 59 42
1 2 68 44
1 2 59 58
7 2 64 59
2 2 59 79
8 2 62 77
1 2 74 76
1 2 76 75
8 2 59 79
1 2 73 77
1 2 59 82
1 2 64 81
7 2 74 81
6 2 78 80
6 2 75 81
2 2 68 80
2 2 58 30
7 2 58 43
5 2 57 10
7 2 57 45
1 2 57 52
7 2 57 52
2 2 66 53
1 2 59 51
7 2 61 49
1 2 61 49
5 2 74 50
5 2 72 49
3 2 70 49
4 2 86 50
1 2 66 50
3 2 70 50
8 2 69 51
1 2 68 51
6 2 64 50
7 2 59 51
6 2 56 9
7 2 56 15
8 2 59 15
8 2 66 14
5 2 63 14
5 2 60 15
1 2 56 64
2 2 57 64
3 2 85 63
1 2 67 63
7 2 57 66
8 2 56 71
6 2 55 25
1 2 72 25
3 2 82 24
6 2 71 24
1 2 81 23
1 2 80 24
6 2 55 40
4 2 87 47
6 2 68 38
8 2 55 48
3 2 84 37
8 2 70 48
7 2 69 47
7 2 67 48
1 2 63 47
2 2 55 63
6 2 57 46
4 2 77 45
5 2 77 44
8 2 55 67
1 2 62 66
6 2 81 64
7 2 59 66
7 2 54 53
8 2 55 74
2 2 58 75
1 2 54 55
1 2 61 53
2 2 59 57
1 2 54 84
3 2 56 84
3 2 60 85
7 2 62 58
2 2 67 56
4 2 63 58
8 2 60 86
5 2 53 21
8 2 55 23
3 2 53 83
8 2 73 82
8 2 59 82
3 2 53 87
2 2 60 87
2 2 53 87
8 2 53 88
7 2 52 8
7 2 63 7
5 2 52 19
1 2 52 47
5 2 75 86
5 2 69 47
1 2 52 53
1 2 57 52
2 2 52 62
2 2 56 52
7 2 58 52
7 2 52 70
7 2 56 69
1 2 62 61
3 2 72 61
1 2 68 60
1 2 66 61
7 2 74 68
8 2 51 3
1 2 74 3
4 2 74 2
1 2 74 3
2 2 77 3
8 2 69 3
4 2 75 2
6 2 75 61
6 2 77 62
2 2 80 1
6 2 69 4
6 2 60 3
4 2 65 3
7 2 55 4
8 2 51 9
8 2 51 46
8 2 59 48
8 2 51 68
3 2 51 77
1 2 52 76
2 2 51 81
4 2 78 82
7 2 80 84
2 2 51 88
3 2 72 90
4 2 50 54
8 2 64 56
6 2 72 57
6 2 50 56
2 2 56 58
2 2 58 59
5 2 50 78
7 2 50 79
4 2 50 98
1 2 84 98
5 2 75 97
2 2 59 98
3 2 55 98
6 2 81 97
2 2 58 98
3 2 63 97
3 2 82 96
6 2 80 97
5 2 77 97
1 2 63 97
3 2 51 98
3 2 49 25
3 2 74 27
6 2 63 26
6 2 60 27
7 2 70 26
8 2 63 29
8 2 59 27
2 2 49 37
8 2 65 38
3 2 49 48
3 2 73 47
7 2 54 49
8 2 51 50
4 2 49 50
6 2 49 51
1 2 55 53
5 2 69 53
4 2 63 52
6 2 62 52
6 2 49 68
5 2 49 79
6 2 49 91
2 2 58 91
4 2 57 93
1 2 56 91
3 2 57 91
2 2 55 91
8 2 55 90
5 2 49 94
7 2 77 93
1 2 48 2
7 2 61 1
7 2 59 2
3 2 73 2
8 2 55 1
2 2 81 1
8 2 53 2
6 2 64 3
5 2 51 3
4 2 48 8
6 2 57 8
4 2 48 16
6 2 53 16
4 2 85 16
1 2 76 17
7 2 51 16
7 2 58 15
3 2 61 15
8 2 59 15
1 2 63 14
6 2 49 16
7 2 80 16
2 2 80 17
3 2 48 33
2 2 75 32
2 2 82 33
5 2 73 34
5 2 80 34
5 2 87 35
7 2 79 34
6 2 66 35
4 2 73 34
2 2 79 35
2 2 77 34
6 2 65 33
7 2 73 32
4 2 73 32
1 2 69 32
6 2 52 32
8 2 56 31
7 2 59 30
5 2 48 40
4 2 88 39
6 2 66 41
4 2 74 40
6 2 58 40
1 2 71 39
6 2 65 39
5 2 48 42
1 2 60 41
6 2 53 42
1 2 64 43
8 2 69 45
5 2 48 48
5 2 48 89
2 2 55 90
2 2 53 89
3 2 65 88
2 2 61 90
3 2 71 90
2 2 59 89
3 2 47 6
6 2 63 6
5 2 54 4
2 2 53 6
6 2 60 8
1 2 47 25
8 2 62 24
7 2 56 26
6 2 52 24
6 2 60 24
8 2 48 25
4 2 79 23
7 2 53 26
7 2 52 24
7 2 49 25
7 2 53 25
6 2 47 25
8 2 50 25
7 2 56 26
8 2 52 26
3 2 47 38
7 2 63 38
4 2 69 38
1 2 60 38
1 2 50 38
4 2 47 44
7 2 62 44
1 2 47 43
8 2 64 42
5 2 65 42
8 2 63 43
6 2 59 44
1 2 57 42
1 2 55 43
6 2 57 42
1 2 50 44
6 2 47 50
8 2 53 48
5 2 47 72
2 2 65 71
4 2 47 83
8 2 58 85
7 2 60 85
3 2 59 86
6 2 47 83
3 2 53 83
8 2 55 84
2 2 54 84
6 2 73 84
5 2 47 100
1 2 65 99
1 2 62 100
3 2 63 100
3 2 55 100
2 2 58 100
4 2 46 14
8 2 56 15
8 2 63 16
2 2 46 33
3 2 79 32
6 2 68 32
2 2 76 33
7 2 61 35
2 2 72 34
3 2 71 34
8 2 64 35
7 2 66 35
8 2 66 35
7 2 62 35
5 2 69 35
4 2 65 35
6 2 62 35
2 2 46 38
5 2 46 74
5 2 46 86
7 2 49 86
3 2 51 85
3 2 49 86
8 2 49 86
1 2 49 87
6 2 49 88
1 2 48 88
2 2 51 88
8 2 54 87
4 2 45 1
1 2 45 3
3 2 45 14
6 2 59 13
3 2 55 15
4 2 45 18
5 2 60 18
1 2 69 17
8 2 67 17
8 2 60 19
7 2 49 18
4 2 45 30
8 2 53 29
1 2 51 28
6 2 63 27
6 2 61 28
8 2 51 30
1 2 49 30
3 2 47 30
3 2 45 80
7 2 71 80
6 2 84 79
8 2 57 80
3 2 64 82
3 2 49 79
1 2 52 78
8 2 70 77
2 2 68 77
1 2 57 78
2 2 44 40
2 2 44 46
6 2 51 45
5 2 75 44
6 2 44 64
1 2 58 64
3 2 77 63
5 2 77 62
8 2 50 64
6 2 44 72
3 2 55 64
1 2 57 71
1 2 43 1
5 2 55 2
2 2 43 27
8 2 58 27
7 2 63 28
7 2 60 27
4 2 61 27
7 2 56 27
4 2 56 26
8 2 57 27
1 2 58 27
5 2 47 28
4 2 68 63
3 2 50 29
5 2 71 30
5 2 43 32
2 2 43 42
6 2 43 62
6 2 48 33
7 2 53 34
8 2 66 63
4 2 43 77
4 2 71 76
2 2 70 76
1 2 68 76
7 2 46 76
6 2 45 75
6 2 43 96
2 2 55 97
2 2 59 96
2 2 72 36
8 2 51 97
1 2 61 97
8 2 59 96
4 2 43 96
2 2 57 96
8 2 56 97
8 2 47 96
2 2 52 95
5 2 72 95
7 2 46 97
8 2 50 97
3 2 42 14
6 2 49 15
5 2 53 14
2 2 45 14
5 2 51 15
5 2 48 14
4 2 42 29
4 2 48 28
8 2 52 27
6 2 42 41
3 2 55 94
2 2 69 93
3 2 59 42
3 2 42 69
7 2 70 69
6 2 73 70
1 2 70 70
7 2 70 70
1 2 67 69
8 2 56 70
1 2 58 70
7 2 55 69
5 2 47 68
3 2 56 67
3 2 47 69
5 2 47 70
4 2 42 78
6 2 42 80
2 2 41 3
7 2 50 3
8 2 66 5
2 2 49 4
3 2 41 9
5 2 50 8
5 2 41 43
4 2 41 53
3 2 43 53
5 2 49 52
5 2 41 60
1 2 51 58
4 2 67 58
6 2 49 60
4 2 44 60
1 2 53 59
7 2 52 60
5 2 48 61
5 2 45 60
6 2 41 72
1 2 60 72
6 2 69 71
8 2 60 72
6 2 45 73
4 2 48 74
6 2 41 97
3 2 62 96
7 2 41 98
4 2 58 99
6 2 46 99
1 2 40 21
7 2 70 20
5 2 63 22
8 2 66 20
7 2 56 21
3 2 73 21
5 2 68 20
8 2 63 22
8 2 56 22
8 2 61 21
8 2 52 20
8 2 64 19
4 2 41 20
6 2 61 20
5 2 60 19
2 2 40 41
3 2 67 41
4 2 49 41
4 2 40 42
6 2 49 41
4 2 50 42
4 2 67 41
3 2 40 51
4 2 40 51
6 2 40 56
2 2 55 56
1 2 60 56
1 2 56 55
4 2 66 55
8 2 54 55
8 2 57 54
1 2 54 56
7 2 49 56
7 2 57 57
8 2 50 56
5 2 40 63
5 2 69 63
4 2 81 63
7 2 50 62
3 2 48 64
6 2 47 64
3 2 46 63
5 2 40 88
3 2 58 89
6 2 45 86
6 2 47 86
2 2 54 85
8 2 51 85
1 2 53 84
1 2 39 5
5 2 60 6
3 2 70 6
8 2 60 7
2 2 67 7
6 2 58 7
2 2 39 27
7 2 39 72
7 2 50 73
4 2 44 73
7 2 39 87
7 2 38 2
3 2 48 4
4 2 69 6
2 2 38 4
8 2 58 6
8 2 38 7
1 2 48 8
8 2 55 7
4 2 38 84
1 2 37 9
2 2 75 10
8 2 46 8
2 2 47 7
1 2 42 9
7 2 54 8
4 2 42 10
4 2 82 10
7 2 62 10
5 2 54 11
8 2 61 12
5 2 62 12
5 2 60 11
7 2 58 12
4 2 37 28
2 2 37 35
8 2 60 34
3 2 44 36
8 2 50 35
5 2 49 37
5 2 48 35
8 2 53 34
1 2 58 34
5 2 69 33
8 2 48 36
5 2 46 36
4 2 37 52
4 2 37 100
7 2 44 100
1 2 36 14
7 2 48 15
2 2 40 15
2 2 36 28
5 2 36 60
5 2 69 59
3 2 36 75
3 2 46 74
5 2 36 75
1 2 56 75
8 2 60 74
5 2 60 75
8 2 57 75
4 2 36 86
5 2 36 86
4 2 35 23
7 2 51 23
1 2 49 24
4 2 46 23
4 2 34 6
3 2 34 11
4 2 49 12
5 2 49 12
3 2 42 12
6 2 62 13
6 2 47 12
7 2 47 12
3 2 46 13
4 2 43 13
7 2 46 13
2 2 44 13
6 2 45 13
1 2 36 12
3 2 42 12
1 2 34 18
8 2 56 19
3 2 41 16
2 2 34 32
8 2 52 32
7 2 34 37
2 2 42 37
2 2 44 36
3 2 42 37
4 2 43 39
4 2 37 37
2 2 34 38
7 2 34 56
4 2 33 46
8 2 64 46
1 2 63 46
5 2 70 44
7 2 49 46
7 2 59 46
2 2 35 47
4 2 47 49
2 2 37 49
3 2 35 47
4 2 33 95
6 2 32 17
6 2 39 96
1 2 44 16
4 2 32 18
5 2 32 40
6 2 32 72
5 2 42 72
2 2 31 3
3 2 47 2
1 2 61 94
7 2 58 2
1 2 37 3
6 2 49 4
2 2 31 5
3 2 31 12
4 2 52 12
6 2 33 12
6 2 35 11
8 2 55 11
4 2 31 68
8 2 51 69
4 2 65 2
6 2 41 69
6 2 31 68
6 2 45 66
6 2 31 97
6 2 36 95
6 2 43 68
2 2 64 94
5 2 33 98
5 2 66 68
1 2 30 17
2 2 42 17
1 2 40 17
2 2 34 17
2 2 39 18
6 2 66 19
8 2 51 17
3 2 60 16
3 2 30 24
3 2 32 22
2 2 33 21
4 2 33 20
7 2 59 21
4 2 30 28
8 2 52 27
5 2 53 26
7 2 51 27
2 2 36 28
4 2 30 37
2 2 30 46
2 2 58 46
8 2 52 45
3 2 69 45
3 2 42 46
8 2 48 46
3 2 30 54
3 2 30 57
1 2 47 56
5 2 69 99
5 2 45 56
3 2 45 57
5 2 30 59
6 2 30 94
1 2 63 93
2 2 60 93
8 2 52 94
1 2 59 94
5 2 75 92
8 2 67 92
2 2 48 93
4 2 73 93
3 2 51 92
8 2 57 94
3 2 42 61
2 2 54 61
5 2 72 95
4 2 73 94
4 2 34 95
3 2 49 94
7 2 35 95
6 2 30 100
4 2 40 100
5 2 38 100
5 2 33 100
6 2 31 100
7 2 29 9
8 2 47 8
3 2 33 9
4 2 39 10
2 2 31 8
4 2 42 8
2 2 29 19
7 2 38 18
3 2 29 36
2 2 41 35
2 2 39 36
5 2 39 36
7 2 45 35
5 2 34 35
5 2 32 36
8 2 41 36
2 2 31 34
3 2 34 34
5 2 29 41
4 2 34 43
3 2 31 42
8 2 42 42
3 2 37 42
8 2 41 42
2 2 44 42
8 2 44 43
2 2 41 43
4 2 69 43
5 2 35 41
4 2 29 68
3 2 36 68
6 2 29 71
4 2 42 69
3 2 39 70
4 2 29 96
4 2 33 96
5 2 33 96
5 2 31 97
6 2 33 98
7 2 29 99
7 2 32 98
3 2 28 8
3 2 28 59
3 2 48 58
5 2 76 57
3 2 38 61
1 2 60 60
3 2 28 63
3 2 33 63
6 2 35 63
5 2 28 65
2 2 48 65
5 2 35 63
6 2 34 65
6 2 28 95
6 2 37 66
3 2 27 22
3 2 63 23
4 2 29 21
1 2 60 20
8 2 49 21
2 2 36 20
3 2 29 21
2 2 31 23
8 2 62 23
3 2 41 22
5 2 27 29
4 2 38 30
6 2 55 30
2 2 27 50
4 2 42 49
4 2 39 50
4 2 37 49
1 2 53 48
8 2 44 50
4 2 35 50
8 2 43 49
6 2 52 50
5 2 35 49
5 2 27 61
6 2 27 85
6 2 45 85
7 2 45 84
4 2 63 83
4 2 43 84
7 2 35 86
2 2 34 86
5 2 32 85
7 2 30 86
3 2 33 85
1 2 32 86
7 2 29 84
1 2 26 1
4 2 26 15
4 2 26 29
1 2 57 31
7 2 26 31
5 2 29 31
1 2 55 32
3 2 29 32
4 2 42 33
4 2 39 32
4 2 57 32
6 2 51 32
4 2 26 43
3 2 40 43
6 2 26 64
4 2 26 67
6 2 26 67
1 2 54 67
5 2 26 69
4 2 26 82
7 2 43 82
6 2 45 82
6 2 68 95
1 2 47 82
7 2 46 82
5 2 34 83
1 2 26 84
7 2 26 90
4 2 46 90
6 2 30 89
7 2 43 89
7 2 32 88
5 2 29 88
4 2 29 88
3 2 53 89
5 2 27 90
2 2 51 90
4 2 26 97
6 2 29 97
5 2 34 97
8 2 25 41
5 2 25 48
1 2 41 48
4 2 33 49
8 2 25 75
3 2 31 75
7 2 36 77
4 2 65 77
8 2 50 78
2 2 49 78
7 2 24 4
4 2 26 3
4 2 24 4
6 2 24 5
4 2 28 6
5 2 48 7
3 2 27 6
3 2 30 7
1 2 27 6
7 2 59 5
4 2 26 5
8 2 24 51
2 2 31 50
7 2 57 51
7 2 24 62
2 2 24 91
8 2 49 91
4 2 46 91
5 2 45 91
4 2 26 92
4 2 35 93
6 2 44 92
1 2 24 96
2 2 24 98
5 2 23 2
8 2 23 20
5 2 25 21
3 2 24 20
1 2 23 64
3 2 38 65
6 2 73 65
3 2 67 65
8 2 58 66
4 2 25 63
2 2 23 65
4 2 24 64
5 2 38 64
8 2 23 73
2 2 49 74
2 2 48 72
5 2 43 73
4 2 38 73
4 2 33 73
4 2 37 72
5 2 26 73
3 2 32 74
4 2 39 74
2 2 23 77
3 2 53 78
6 2 53 77
8 2 49 75
4 2 41 77
4 2 35 77
3 2 48 78
8 2 35 78
2 2 50 79
7 2 34 76
2 2 23 80
4 2 26 79
7 2 45 78
7 2 44 79
4 2 42 79
4 2 51 79
4 2 31 80
3 2 23 80
3 2 23 85
7 2 33 84
4 2 29 84
4 2 32 83
7 2 22 9
1 2 23 98
7 2 22 23
7 2 22 27
4 2 25 9
2 2 24 9
1 2 24 25
3 2 27 25
3 2 29 25
2 2 40 25
2 2 34 24
4 2 28 25
1 2 22 84
4 2 22 85
8 2 22 86
6 2 28 87
1 2 40 26
1 2 22 96
8 2 40 95
6 2 39 95
2 2 22 98
6 2 21 6
4 2 29 6
1 2 29 7
7 2 25 7
3 2 31 8
4 2 31 8
7 2 23 6
6 2 21 15
8 2 24 16
8 2 22 15
4 2 33 15
8 2 37 15
8 2 53 88
4 2 41 14
8 2 21 17
6 2 24 18
1 2 21 51
6 2 26 53
3 2 24 18
3 2 53 17
2 2 27 18
1 2 31 17
8 2 21 74
2 2 21 84
4 2 28 83
7 2 20 2
8 2 21 4
7 2 20 12
2 2 28 12
2 2 26 11
1 2 26 13
8 2 25 13
8 2 22 12
3 2 36 54
3 2 42 11
3 2 38 54
4 2 47 54
3 2 41 53
2 2 26 12
8 2 24 11
8 2 54 52
2 2 30 10
7 2 25 10
1 2 31 11
7 2 20 18
7 2 20 23
2 2 26 22
6 2 20 41
6 2 22 41
4 2 26 41
5 2 26 41
2 2 28 11
5 2 30 42
8 2 20 45
4 2 60 46
7 2 34 44
7 2 20 47
1 2 22 48
5 2 39 47
8 2 20 69
2 2 20 82
3 2 22 82
6 2 70 83
7 2 38 81
3 2 20 90
3 2 21 91
8 2 19 20
1 2 19 54
2 2 50 55
4 2 30 55
2 2 19 73
6 2 39 72
8 2 18 1
7 2 18 17
4 2 27 16
4 2 24 17
7 2 18 20
6 2 23 22
7 2 18 43
6 2 24 42
2 2 18 96
8 2 18 96
5 2 17 12
1 2 31 13
2 2 25 14
4 2 35 13
7 2 17 29
4 2 32 29
2 2 43 29
1 2 45 28
4 2 38 29
7 2 35 29
6 2 18 30
1 2 23 31
3 2 35 33
6 2 48 33
8 2 17 33
2 2 40 34
2 2 17 72
1 2 17 96
7 2 16 39
6 2 16 49
3 2 33 50
1 2 24 50
1 2 22 49
3 2 62 48
3 2 29 49
2 2 30 48
8 2 20 48
7 2 16 72
6 2 15 1
2 2 24 2
5 2 18 3
5 2 17 1
5 2 15 4
1 2 21 4
7 2 15 14
4 2 26 13
2 2 21 15
3 2 24 15
5 2 17 14
7 2 15 18
1 2 15 25
4 2 35 26
6 2 47 27
4 2 37 27
3 2 34 26
2 2 29 26
8 2 44 26
8 2 15 25
2 2 29 26
7 2 17 26
4 2 26 26
1 2 35 25
2 2 23 26
4 2 29 25
2 2 15 88
7 2 30 88
1 2 25 89
1 2 15 91
1 2 24 93
4 2 34 93
4 2 50 92
6 2 37 93
5 2 37 92
2 2 14 19
7 2 14 52
3 2 26 53
3 2 24 52
2 2 19 52
1 2 47 52
6 2 25 52
6 2 27 51
5 2 24 52
8 2 14 85
7 2 51 84
5 2 27 84
1 2 44 83
6 2 30 85
6 2 27 83
4 2 24 84
7 2 27 84
4 2 23 86
7 2 25 87
3 2 14 87
4 2 23 87
3 2 15 87
2 2 25 87
1 2 22 88
6 2 13 8
5 2 24 7
8 2 22 7
8 2 20 7
5 2 18 7
6 2 18 8
2 2 48 8
8 2 13 18
8 2 13 28
3 2 36 28
8 2 20 27
1 2 13 34
7 2 13 59
5 2 44 59
7 2 16 60
6 2 40 59
4 2 41 58
3 2 40 59
7 2 41 59
2 2 15 61
1 2 20 60
3 2 46 61
2 2 21 59
3 2 55 59
6 2 38 59
8 2 13 62
8 2 20 63
5 2 17 62
3 2 26 61
4 2 27 62
3 2 13 85
1 2 12 1
7 2 12 6
7 2 19 5
5 2 12 20
8 2 18 21
8 2 13 20
3 2 31 19
1 2 12 25
8 2 12 37
7 2 12 37
3 2 41 39
5 2 28 38
4 2 28 38
8 2 12 65
3 2 23 65
8 2 22 67
6 2 27 66
8 2 15 66
4 2 12 87
1 2 19 88
6 2 30 88
1 2 43 89
6 2 47 88
3 2 14 87
2 2 12 89
6 2 11 20
7 2 12 19
2 2 11 37
3 2 32 36
2 2 11 53
5 2 45 54
4 2 28 54
6 2 10 27
2 2 25 28
1 2 24 29
7 2 10 42
5 2 51 43
4 2 10 41
1 2 10 67
8 2 9 63
3 2 25 64
1 2 9 63
1 2 8 27
1 2 16 27
5 2 33 28
4 2 32 28
8 2 8 28
8 2 16 30
8 2 8 41
4 2 26 43
1 2 13 40
7 2 35 39
3 2 36 38
5 2 26 39
6 2 23 39
3 2 26 40
3 2 24 39
5 2 24 39
5 2 36 38
6 2 21 40
8 2 19 40
6 2 13 42
8 2 8 58
4 2 30 57
7 2 12 58
1 2 14 58
7 2 44 57
2 2 8 82
8 2 9 82
7 2 25 83
3 2 23 83
3 2 18 84
2 2 21 83
3 2 13 80
2 2 14 78
7 2 27 77
8 2 22 77
6 2 26 76
7 2 30 76
2 2 42 75
7 2 27 75
8 2 21 78
2 2 19 78
5 2 24 79
5 2 7 5
3 2 7 30
8 2 18 30
1 2 14 31
2 2 27 30
7 2 49 31
8 2 22 31
2 2 25 33
8 2 7 67
7 2 12 68
2 2 18 67
3 2 65 67
2 2 7 75
3 2 7 93
6 2 59 92
4 2 36 94
8 2 45 93
6 2 45 92
8 2 16 95
6 2 6 8
3 2 12 9
3 2 25 11
2 2 29 11
6 2 21 11
8 2 6 8
6 2 23 7
5 2 6 20
5 2 19 9
5 2 45 21
3 2 44 21
6 2 10 20
8 2 36 20
1 2 42 21
1 2 19 21
2 2 49 19
3 2 48 20
8 2 6 24
4 2 29 24
5 2 17 23
6 2 8 25
6 2 6 33
6 2 19 32
4 2 20 32
6 2 10 33
7 2 17 33
8 2 6 47
2 2 35 46
5 2 29 47
6 2 6 47
2 2 25 46
1 2 12 47
2 2 28 46
1 2 53 45
5 2 28 46
2 2 6 89
1 2 47 89
7 2 46 90
8 2 14 90
1 2 6 99
8 2 22 98
1 2 18 98
3 2 20 97
6 2 20 96
8 2 5 2
4 2 20 1
6 2 5 13
3 2 25 14
6 2 15 13
8 2 11 12
7 2 5 49
6 2 18 49
7 2 37 49
8 2 16 49
6 2 14 50
7 2 10 49
1 2 5 95
8 2 5 97
8 2 40 98
7 2 36 98
7 2 27 98
8 2 17 98
5 2 21 98
4 2 34 99
8 2 18 99
8 2 32 99
5 2 4 1
8 2 4 6
6 2 4 15
8 2 6 13
5 2 5 17
5 2 17 16
5 2 9 18
5 2 4 24
1 2 4 45
8 2 51 44
8 2 49 45
7 2 47 44
2 2 29 44
7 2 4 56
1 2 25 55
1 2 42 55
3 2 41 55
1 2 24 56
4 2 40 55
3 2 28 54
7 2 6 58
2 2 4 56
7 2 17 55
1 2 42 54
8 2 20 56
7 2 4 59
3 2 12 60
6 2 3 10
8 2 3 47
4 2 22 11
1 2 21 12
2 2 3 51
1 2 3 97
7 2 2 1
7 2 2 4
3 2 29 3
6 2 2 19
8 2 2 27
1 2 5 26
1 2 5 28
8 2 19 27
8 2 21 29
1 2 2 60
6 2 19 60
2 2 38 60
2 2 6 60
4 2 30 59
4 2 12 60
4 2 28 62
4 2 24 59
1 2 10 60
6 2 23 59
2 2 2 63
6 2 23 64
7 2 4 63
8 2 40 62
2 2 43 63
8 2 3 65
1 2 13 66
3 2 2 98
1 2 13 98
8 2 1 25
8 2 1 34
7 2 49 33
1 2 9 36
6 2 22 37
8 2 3 35
1 2 5 35
4 2 32 36
3 2 24 34
6 2 1 36
8 2 7 37
7 2 1 40
1 2 8 39
8 2 19 38
1 2 7 40
1 2 6 42
1 2 4 41
8 2 6 41
8 2 13 40
7 2 16 41
3 2 15 41
8 2 1 85
3 2 1 88
8 2 10 87
1 2 1 88
3 2 2 88
7 2 24 88
3 2 5 87
7 2 14 86
3 2 6 87
5 2 13 86
7 2 19 86
1 2 1 91
7 2 29 90
3 2 7 90
8 2 20 89
2 2 7 91
1 2 18 92
7 2 34 93
8 2 12 92
8 2 14 94
3 2 20 93
5 2 50 93
8 2 3 91
8 2 9 92
8 2 1 91
5 2 59 47
1 3 71 1
4 3 71 66
4 3 71 70
2 3 70 10
7 3 68 79
7 3 67 81
5 3 64 62
7 3 64 80
3 3 63 81
4 3 63 83
3 3 62 44
4 3 61 4
8 3 60 81
2 2 59 81
3 3 59 48
4 3 58 96
2 3 57 29
2 3 57 71
5 3 66 71
6 3 57 79
6 3 56 1
3 3 56 16
4 3 56 18
3 3 56 19
4 3 56 24
3 3 56 47
4 3 55 37
2 3 56 37
6 3 55 63
5 3 57 62
5 3 55 73
4 3 55 83
4 3 55 89
2 3 54 2
3 3 54 3
3 3 54 75
6 3 54 78
4 3 54 79
6 3 67 80
6 3 62 79
6 3 54 82
4 3 54 95
1 3 53 24
4 3 53 65
2 3 52 6
4 3 52 43
6 3 52 55
5 3 52 89
3 3 51 19
6 3 51 44
6 3 50 31
1 2 49 31
5 3 50 40
4 3 62 39
1 3 50 65
4 3 50 94
6 3 49 5
8 3 49 10
3 3 50 11
4 3 49 36
1 3 49 71
6 3 48 19
2 3 48 38
7 3 48 61
8 3 47 4
1 3 47 11
5 3 49 96
8 3 47 16
1 3 54 17
2 3 47 29
5 3 51 29
1 3 47 40
6 3 47 45
7 3 47 65
6 3 46 23
7 3 46 37
1 3 46 44
8 3 46 90
4 3 45 14
7 3 45 17
7 3 45 19
2 3 45 25
5 3 45 30
8 3 45 82
2 3 51 81
7 3 51 82
2 3 44 18
3 3 44 35
6 3 47 34
4 3 52 33
7 3 47 34
7 3 44 69
1 3 58 10
6 3 55 68
2 3 44 91
6 3 43 5
5 2 44 5
7 3 43 31
8 3 43 44
1 3 43 62
8 3 43 76
5 3 42 1
2 3 42 59
3 3 55 58
6 3 42 81
2 3 41 14
6 3 40 6
7 3 40 23
5 3 44 24
3 3 57 23
5 2 56 23
1 3 40 32
6 3 41 32
4 3 40 49
4 3 49 50
2 3 40 61
6 3 40 70
5 3 59 67
5 3 40 84
7 3 43 85
6 3 40 94
6 3 40 100
8 3 39 18
4 2 45 18
4 3 41 18
1 3 39 35
7 3 39 58
6 3 60 57
3 3 39 82
5 3 38 1
1 3 38 7
3 3 38 10
1 3 38 43
5 3 38 53
8 3 38 77
3 3 38 77
1 3 44 76
5 3 38 98
8 3 37 9
3 3 42 8
2 3 37 49
6 3 37 57
3 3 37 70
7 2 37 69
2 3 37 74
2 3 37 84
6 3 44 85
5 3 37 94
7 3 36 11
7 3 36 18
8 3 36 52
4 3 36 67
7 3 52 66
7 3 47 67
4 3 36 88
7 2 35 88
6 3 44 89
3 3 35 26
2 3 35 44
6 3 35 50
3 3 51 51
1 3 35 61
6 3 35 97
5 3 34 13
3 3 38 14
5 3 33 48
3 3 33 52
8 3 34 52
4 3 33 56
4 3 64 58
2 3 45 58
7 3 32 9
6 3 32 41
6 3 32 58
6 3 32 61
5 2 34 61
6 3 31 21
5 3 37 20
6 3 30 12
1 3 30 24
1 2 35 23
5 2 45 23
3 3 32 23
6 2 43 22
1 3 31 24
2 3 30 27
4 3 30 27
8 3 29 9
4 3 29 39
5 3 29 67
2 2 43 66
3 3 29 67
8 3 38 67
3 3 28 4
5 3 28 37
2 3 49 36
5 3 44 37
5 2 47 36
5 3 28 73
3 2 43 72
8 2 29 73
2 2 36 72
4 3 52 74
6 3 43 73
7 3 37 74
3 3 36 75
7 3 39 75
7 3 33 73
6 3 27 23
4 2 27 23
5 2 42 22
5 3 34 24
4 3 27 43
5 3 27 81
1 3 27 88
2 3 26 1
4 3 26 31
6 3 25 26
4 3 25 85
4 3 25 98
2 2 25 97
3 3 34 96
1 3 41 95
7 3 25 99
5 3 25 99
6 3 25 100
3 3 24 6
6 3 24 66
7 3 24 89
4 3 46 90
6 3 23 44
3 2 35 44
2 3 23 47
5 3 22 32
7 3 22 53
2 2 40 54
2 3 35 53
6 3 22 81
5 2 25 80
7 2 51 80
6 3 22 85
2 3 21 23
1 3 21 23
3 3 21 41
5 3 21 78
7 2 25 78
5 2 35 77
1 2 36 77
7 3 54 79
6 3 22 77
4 3 19 42
6 3 19 50
1 3 19 83
8 3 37 83
4 3 18 1
2 3 32 2
6 3 18 3
1 3 27 2
7 3 18 19
4 3 18 60
6 2 17 60
4 2 18 60
3 2 17 60
5 3 18 92
8 3 42 93
2 3 17 47
4 3 17 47
5 3 43 47
1 3 17 65
8 3 30 65
8 3 31 65
8 3 16 43
3 3 16 63
6 2 15 63
8 2 15 63
7 3 34 63
7 3 39 62
2 3 16 83
1 2 16 84
4 3 15 41
7 3 23 41
3 3 35 41
4 3 14 60
8 2 18 60
4 3 35 60
6 3 13 19
4 2 17 18
5 3 26 18
6 3 13 26
4 3 18 25
1 3 13 53
5 2 20 53
6 2 27 54
7 2 36 54
2 3 17 55
5 3 22 54
2 2 21 54
6 3 32 55
7 3 16 51
5 3 31 51
7 3 14 53
3 3 13 89
8 2 17 90
1 2 16 90
8 3 15 89
4 2 15 89
6 3 12 16
8 3 15 15
4 2 20 14
4 3 17 15
2 2 17 15
2 3 34 16
5 3 39 16
2 3 50 17
5 3 17 16
6 3 12 21
5 3 15 22
6 3 10 3
3 3 10 79
8 2 16 80
2 2 16 81
2 2 15 78
2 2 13 79
8 2 22 77
8 3 10 85
4 3 15 85
7 2 14 85
7 2 30 84
7 3 32 84
1 3 9 99
5 3 8 21
8 2 9 23
8 2 33 23
7 3 8 28
1 2 8 27
5 2 51 28
6 3 32 30
7 3 8 37
1 3 26 37
1 2 34 37
6 2 35 37
6 3 40 36
6 3 31 37
4 2 32 37
2 3 31 37
2 3 16 37
4 2 18 37
8 3 9 37
7 3 8 53
1 3 8 75
8 2 18 77
5 2 40 76
5 3 22 75
3 2 35 74
8 3 15 76
4 2 29 77
3 3 8 85
5 2 13 84
7 3 7 9
2 2 26 8
7 3 31 7
7 3 28 8
4 3 24 10
8 3 15 10
2 2 50 10
8 3 7 9
6 2 6 9
6 2 9 9
8 3 7 33
6 3 12 32
1 3 7 34
3 2 10 34
8 3 6 9
7 3 6 72
1 2 18 72
8 2 9 73
7 2 14 73
7 2 9 73
3 2 25 72
7 3 16 72
7 3 5 23
8 3 5 35
2 3 5 55
2 2 8 55
2 3 11 53
7 3 4 56
8 3 3 15
8 3 12 16
8 3 3 17
4 2 4 17
4 2 23 18
8 2 4 18
3 2 11 18
5 3 8 16
3 2 19 17
8 2 18 18
5 3 4 16
1 3 3 54
7 2 15 56
6 3 23 54
1 3 3 69
7 2 11 69
2 2 16 67
2 2 11 69
7 2 15 70
4 3 58 68
5 2 57 68
3 3 54 68
8 3 49 70
5 3 35 70
3 2 37 70
5 3 31 68
4 3 26 71
4 2 35 70
4 3 32 71
4 3 19 69
5 2 33 69
1 3 15 68
8 3 2 9
1 2 9 9
1 3 24 11
1 3 21 10
5 3 2 21
4 2 18 21
5 3 32 20
8 3 2 93
5 3 1 7
6 2 3 7
7 3 1 47
6 2 6 49
1 2 10 47
7 2 35 46
6 3 16 46
2 2 34 45
6 3 8 50
4 4 57 62
4 4 57 80
3 4 53 22
4 2 52 22
5 4 53 31
7 4 53 91
2 4 52 4
2 4 51 45
5 4 51 99
3 4 50 62
2 4 47 10
1 4 47 22
2 4 47 28
3 4 47 29
2 4 47 34
6 4 46 39
4 3 56 40
5 4 46 51
6 4 44 91
1 4 43 14
4 4 42 5
1 4 42 58
2 4 41 35
2 4 40 57
3 4 40 83
5 2 47 82
7 2 46 83
5 2 45 83
6 4 40 98
3 4 40 99
2 4 39 11
2 4 39 24
8 4 39 36
3 4 39 69
4 4 44 70
4 4 39 69
2 4 39 71
2 4 38 14
4 4 38 17
4 4 38 49
7 4 38 63
3 4 40 65
8 4 38 76
5 4 37 22
8 2 36 22
2 4 37 50
5 4 36 13
2 4 36 99
8 2 35 99
3 4 35 55
2 4 35 70
8 4 35 95
7 4 34 10
8 4 34 24
3 4 33 7
5 4 33 27
8 4 33 61
1 4 33 62
1 4 32 16
7 4 32 17
4 4 31 5
1 2 38 4
7 4 32 4
8 4 31 28
3 2 30 28
7 2 32 29
6 2 31 29
7 4 31 79
1 4 48 80
7 4 31 91
5 3 41 91
5 4 47 92
8 2 46 92
5 4 30 10
1 4 34 10
5 2 33 10
1 4 39 11
1 4 30 22
7 4 30 56
6 4 30 74
4 4 28 46
4 4 28 59
2 4 27 1
6 2 27 1
4 4 47 2
7 4 33 1
2 2 45 1
5 4 27 25
7 2 33 24
5 4 27 52
3 4 35 53
3 4 28 52
8 4 27 53
6 4 27 61
4 3 26 61
3 2 27 61
3 2 39 59
4 3 28 62
1 4 26 23
5 4 25 50
7 4 25 55
1 4 25 84
4 4 24 90
4 4 23 14
1 3 23 14
1 4 29 12
8 2 28 13
5 2 27 13
3 4 23 26
2 4 29 27
2 4 23 73
2 4 22 36
1 4 25 36
8 4 26 36
5 4 22 68
8 4 29 69
8 4 21 23
5 4 21 29
8 2 26 29
1 2 26 29
6 4 26 28
6 4 20 56
2 2 19 56
2 4 20 94
5 4 18 5
7 3 34 4
7 3 32 5
8 4 28 5
7 4 18 18
5 2 19 18
7 4 18 36
4 4 18 69
6 2 25 69
3 4 18 94
5 3 24 93
7 3 31 94
7 4 29 92
8 3 29 93
2 2 29 92
5 4 31 93
5 4 17 10
2 3 23 11
1 4 16 15
4 2 29 13
4 4 24 15
3 4 16 35
8 2 31 35
5 3 25 35
6 4 16 43
2 4 20 42
7 4 15 5
2 2 14 5
3 4 15 37
8 4 15 50
5 4 15 56
3 2 14 56
5 2 15 56
5 3 21 57
5 3 33 58
4 4 15 63
3 2 37 63
6 3 15 63
1 2 27 62
2 4 14 27
2 3 15 27
1 4 14 48
3 4 22 48
5 4 13 8
1 4 13 20
7 4 13 40
7 4 13 54
5 3 13 54
8 4 12 53
2 2 11 54
5 2 11 53
5 3 23 52
5 3 12 54
2 2 11 54
1 4 23 55
8 2 22 55
5 4 18 53
5 4 15 55
6 4 13 53
2 4 11 63
3 2 30 63
7 4 11 69
5 2 12 68
3 2 11 69
8 4 9 10
6 4 9 10
2 3 11 10
8 4 8 2
6 2 8 3
7 3 11 4
6 4 33 2
8 2 32 2
5 3 38 3
5 3 33 2
4 2 33 2
8 4 7 4
6 4 10 4
4 3 16 5
7 4 7 40
7 2 35 39
4 3 49 39
5 4 25 41
4 2 28 41
5 4 18 40
5 4 4 8
8 3 6 7
6 2 13 6
8 3 4 7
7 2 10 7
6 3 7 7
6 3 4 8
2 4 4 57
4 2 22 59
7 4 3 19
7 2 4 18
2 4 3 73
8 2 7 72
8 2 9 72
4 2 11 71
7 2 33 72
8 3 3 72
6 2 3 73
8 2 5 74
7 2 20 75
1 3 9 74
7 3 16 75
7 2 36 76
2 3 5 74
2 2 29 75
8 3 7 75
2 2 7 75
6 2 32 75
1 3 11 75
3 2 10 75
5 4 25 70
3 2 45 70
2 4 23 74
8 4 3 78
2 2 5 81
2 2 17 77
2 3 4 79
6 4 43 81
3 4 33 79
8 4 32 77
6 4 22 80
5 4 22 80
3 4 38 81
1 4 24 80
8 2 33 79
5 4 2 5
3 4 6 5
3 4 2 77
6 3 26 78
4 4 22 76
4 4 23 76
1 4 1 34
7 3 1 35
7 2 13 34
7 2 2 36
5 3 41 34
8 3 31 34
6 3 10 34
1 4 40 33
1 4 29 34
8 4 9 36
7 4 1 68
3 2 17 68
2 2 5 68
2 2 35 67
3 4 21 66
3 4 1 83
6 2 26 84
5 3 35 82
8 3 4 81
2 2 9 81
8 3 1 83
2 2 4 83
1 2 4 84
2 2 10 82
2 4 1 89
5 2 19 89
1 2 4 87
6 3 55 71
5 5 50 94
3 5 48 31
4 5 47 57
6 5 42 64
6 5 41 58
3 5 40 30
4 5 43 31
4 5 39 61
4 5 38 25
3 5 38 45
2 5 38 62
3 5 37 42
1 5 36 6
8 5 36 32
5 5 34 87
2 5 32 16
5 5 32 22
4 5 32 42
3 5 32 66
4 2 31 66
3 2 30 66
4 5 32 71
6 5 31 40
4 4 44 39
7 5 31 70
6 5 30 13
7 5 28 19
8 2 27 20
5 5 28 57
4 3 34 58
3 4 34 58
3 5 42 59
8 5 27 4
8 5 33 2
7 5 27 25
3 5 27 54
2 5 27 72
3 5 27 80
2 5 27 96
1 5 24 24
8 2 21 25
7 5 24 99
5 2 23 100
6 5 23 74
8 2 23 73
5 5 22 54
5 5 22 90
8 5 21 17
4 2 21 16
7 5 24 16
4 5 21 39
2 4 26 38
6 5 21 77
7 5 30 77
1 5 21 77
7 5 21 85
6 5 19 78
7 3 22 78
3 5 18 19
6 5 18 56
1 5 18 61
7 5 18 66
4 5 18 97
5 2 18 96
7 2 20 96
7 5 32 98
4 2 31 98
5 2 30 98
8 5 18 100
1 2 17 100
3 2 16 100
8 4 26 99
6 5 17 46
4 4 24 45
8 5 27 47
4 5 17 58
8 2 17 57
1 2 16 57
5 4 22 59
5 5 16 72
3 5 15 36
6 5 14 31
1 3 14 31
4 5 13 26
6 5 17 24
8 2 16 24
2 5 12 21
1 4 15 20
1 4 20 22
8 5 12 25
3 5 20 24
1 5 11 64
7 2 11 63
2 3 13 66
3 2 13 66
7 5 10 59
7 5 9 37
3 5 8 7
5 4 17 7
5 4 22 6
4 5 17 6
3 5 8 82
3 5 6 82
5 3 11 84
6 2 10 84
1 2 27 82
1 4 23 83
2 4 23 83
2 4 30 82
2 5 15 85
5 5 6 83
7 5 5 10
3 2 14 9
7 5 5 41
5 2 11 41
8 4 12 44
8 5 14 41
7 5 5 45
6 2 20 45
8 5 4 28
6 2 23 28
1 3 25 29
1 5 9 29
6 5 3 23
7 3 4 23
2 2 4 23
7 3 7 22
6 2 11 21
6 3 8 22
8 5 3 32
2 2 19 32
3 2 11 32
3 3 19 31
8 3 9 32
7 4 14 31
2 3 22 30
8 4 12 30
4 2 11 30
3 4 12 32
5 4 13 32
7 3 14 32
7 5 25 33
7 5 8 34
7 5 1 7
5 2 4 7
7 5 1 16
6 5 1 16
5 5 1 18
6 5 1 30
8 2 4 30
3 5 40 66
7 2 39 66
4 6 38 86
7 6 36 78
7 6 34 45
8 6 33 71
6 6 31 82
4 2 30 82
2 6 30 47
6 6 30 48
5 6 29 28
5 6 26 80
4 6 25 51
4 6 24 28
5 6 23 63
3 6 22 42
4 6 21 3
1 6 26 4
3 6 21 6
7 6 21 75
1 2 22 74
6 6 18 16
1 6 17 73
2 6 17 94
6 2 16 94
5 6 14 13
7 2 17 14
5 6 13 87
4 5 27 88
7 4 32 86
7 6 26 87
6 6 12 38
4 6 12 40
3 6 12 85
2 6 17 86
7 6 8 73
8 6 7 81
7 6 6 65
2 4 12 64
1 2 11 64
8 4 23 64
4 2 24 65
8 5 27 65
7 6 5 4
3 6 16 2
1 6 5 7
4 4 5 7
1 6 5 75
3 2 14 77
1 2 7 74
8 5 9 77
4 2 20 77
3 2 20 77
4 4 27 78
4 6 32 59
5 6 4 6
3 6 2 84
7 6 1 72
4 5 33 79
4 7 34 57
8 7 33 91
8 7 28 62
5 7 26 94
3 7 25 70
1 2 28 70
1 7 24 96
7 2 27 97
5 7 23 64
6 7 23 71
6 2 25 70
4 2 24 70
4 7 19 53
3 7 17 3
6 5 18 3
7 7 16 58
6 7 16 98
3 7 15 24
5 7 14 64
5 2 22 65
6 2 21 64
7 7 14 72
5 7 13 27
7 7 13 57
8 7 12 12
2 2 11 13
2 7 11 93
3 3 9 95
6 3 13 95
5 3 17 94
7 4 17 94
5 5 11 94
6 5 19 96
1 7 10 9
6 7 13 11
1 2 11 12
3 7 8 4
2 2 10 3
1 7 8 96
3 4 10 95
3 4 12 97
2 4 9 97
1 2 10 97
5 4 11 98
5 4 15 99
2 5 12 99
7 7 6 61
7 7 6 83
8 2 12 83
3 2 11 84
7 7 1 10
8 3 5 11
5 2 10 13
8 6 8 13
8 7 1 36
6 2 8 35
7 3 10 38
2 5 10 38
2 4 18 39
6 4 25 39
3 7 1 93
7 2 20 93
4 2 1 95
8 2 2 93
3 2 3 96
2 3 2 93
3 2 9 94
6 2 2 93
3 4 3 93
6 4 5 93
4 2 5 92
8 7 12 90
1 2 11 90
2 7 7 91
3 2 6 92
5 7 25 38
5 8 30 33
6 8 28 1
4 8 27 39
8 2 26 39
3 2 26 40
1 8 24 81
8 2 23 82
3 8 20 1
5 2 23 2
5 8 20 35
1 2 19 35
7 8 15 44
5 3 22 44
3 2 27 45
4 8 24 1
6 8 22 43
8 8 14 99
6 8 13 11
3 6 8 12
3 2 16 13
8 2 16 13
3 8 16 13
1 8 12 28
2 8 12 68
7 8 11 54
3 2 14 55
1 6 10 55
1 8 10 44
6 2 12 43
2 2 11 44
8 8 8 36
3 2 8 38
8 2 11 38
2 8 6 78
7 2 13 80
3 2 9 80
2 2 16 80
1 3 11 81
3 2 15 80
7 4 16 79
1 8 3 71
1 2 2 72
4 8 2 8
8 2 1 8
2 2 1 8
6 2 1 9
2 2 1 9
4 8 4 8
5 8 25 46
2 9 30 48
8 9 30 68
4 9 14 22
8 9 14 62
2 9 13 40
3 2 12 43
4 9 17 44
2 9 12 25
2 9 5 9
1 9 2 27
6 2 2 29
5 3 14 29
3 2 15 28
6 2 25 30
8 9 1 42
6 4 1 41
4 5 11 46
6 10 21 51
1 10 18 1
1 10 18 70
7 2 18 71
7 10 18 90
1 10 14 30
6 10 11 38
1 10 10 40
2 10 10 51
5 2 14 51
8 8 30 49
6 11 16 11
6 11 11 96
7 11 8 1
2 3 12 2
5 11 8 57
8 3 9 57
1 11 8 86
7 2 7 88
2 5 22 89
3 7 14 86
4 3 17 87
2 9 15 86
4 5 23 89
8 11 6 27
2 10 4 28
1 11 6 70
8 12 23 50
3 4 26 50
5 12 16 49
3 3 15 50
3 12 8 76
5 2 12 76
4 7 12 78
1 12 3 58
8 2 4 60
1 2 9 57
7 12 1 37
3 5 25 49
5 13 18 99
8 13 6 93
3 2 5 93
5 2 3 94
6 13 4 15
6 2 7 14
7 2 2 16
7 2 12 17
5 3 1 18
5 2 12 16
3 11 2 16
4 2 8 15
1 2 7 16
3 8 11 19
8 13 1 48
1 2 12 50
2 2 10 19
6 9 14 49
1 12 14 52
3 2 12 53
2 14 20 20
6 14 14 61
7 2 13 61
3 14 14 70
4 2 13 71
1 14 12 19
1 2 13 19
8 14 8 1
7 14 7 65
8 2 16 66
7 2 12 64
5 14 6 19
2 14 2 15
1 2 4 18
1 14 1 89
3 2 3 88
4 2 1 94
6 2 14 88
2 15 17 43
7 15 13 80
6 3 13 80
5 15 11 43
6 2 7 44
5 15 9 94
1 2 12 95
1 15 8 60
8 15 2 74
2 2 1 75
4 4 6 77
4 16 23 66
6 16 9 90
4 5 5 91
3 15 14 89
3 15 6 91
5 16 8 81
8 2 9 81
8 16 4 40
7 2 3 42
5 2 2 42
1 17 8 3
2 19 17 65
1 2 16 66
7 2 16 67
2 19 8 13
4 2 9 13
1 2 8 14
2 20 9 30
4 2 8 30
5 11 19 33
5 11 9 31
5 20 8 23
6 2 4 23
6 2 9 26
7 20 8 39
3 2 7 39
8 20 2 88
1 2 1 91
7 2 1 92
3 2 3 88
4 19 4 87
4 20 10 85
3 21 19 60
1 2 8 62
4 21 16 47
7 22 1 53
7 2 10 54
2 17 5 57
4 20 10 65
6 23 1 34
5 2 2 38
2 24 3 84
8 2 2 86
5 2 1 86
7 2 2 85
1 2 1 85
6 2 1 85
6 2 4 83
6 24 2 1
5 2 3 3
4 2 2 3
4 2 1 4
7 6 2 2
8 2 1 2
3 2 1 2
4 3 3 1
8 2 2 2
8 27 4 65
1 2 2 67
6 2 5 64
4 28 2 68
5 2 1 70
5 2 2 69
7 2 1 70
4 29 8 29
1 2 7 29
6 2 10 28
5 30 3 6
2 2 1 8
8 2 3 6
6 2 3 5
1 2 3 5
8 31 3 12
5 2 1 15
3 35 5 88
2 36 2 85
6 2 1 85
4 2 1 87
1 40 1 40
7 2 5 46
6 2 2 45
2 42 1 56
8 2 2 61
3 2 1 60
4 2 1 60
5 2 2 61
6 2 2 62
8 2 1 59
4 7 1 59
4 2 3 55
6 2 2 58
1 2 1 58
7 2 1 58
6 45 2 38
5 2 1 40
7 2 2 42
7 53 2 18
6 2 3 29
8 2 2 29
1 2 1 30
5 2 1 29
2 2 1 28
4 3 1 29
3 4 1 20
1 2 1 19
5 2 1 21
1 57 1 68
4 2 2 71
3 2 2 71
8 2 2 73
8 2 1 69
7 2 3 38
5 2 2 69
2 3 1 70
6 2 1 69
8 59 1 45
7 2 3 52
4 2 2 50
1 2 3 49
7 2 2 50
3 2 1 47
1 2 2 52
3 2 1 53
2 2 1 52
2 2 3 48
