4927
3676
5 2 90 7
8 2 90 16
7 2 90 18
6 2 90 32
8 2 90 55
7 2 90 61
7 2 90 83
2 2 89 5
4 2 89 12
3 2 89 14
1 2 89 39
2 2 89 49
3 2 89 60
4 2 89 76
3 2 89 79
5 2 90 81
4 2 89 89
6 2 88 1
6 2 88 6
5 2 88 8
8 2 88 10
8 2 88 18
7 2 88 26
8 2 88 33
6 2 88 35
7 2 88 37
6 2 88 39
5 2 88 50
7 2 88 51
6 2 88 53
6 2 88 64
2 2 89 62
5 2 88 70
6 2 88 78
7 2 88 89
8 2 88 90
1 2 87 3
7 2 87 3
4 2 87 5
2 2 87 7
1 2 87 8
2 2 87 19
2 2 87 26
2 2 87 30
3 2 88 30
4 2 87 33
2 2 87 34
1 2 87 35
3 2 87 39
4 2 87 44
3 2 87 48
1 2 87 51
2 2 87 53
3 2 87 54
4 2 89 56
7 2 88 56
3 2 87 62
2 2 87 77
1 2 87 89
5 2 86 17
5 2 86 24
6 2 89 24
2 2 88 24
5 2 86 30
6 2 86 30
8 2 86 31
5 2 86 33
5 2 86 40
8 2 86 39
6 2 86 45
8 2 86 58
6 2 88 60
6 2 87 58
2 2 86 58
7 2 86 57
6 2 86 62
8 2 86 63
4 2 87 65
7 2 86 65
8 2 86 69
7 2 86 73
1 2 87 66
6 2 87 65
8 2 86 67
6 2 86 78
2 2 88 73
6 2 88 74
7 2 88 80
7 2 87 73
5 2 86 83
2 2 85 3
5 2 86 1
2 2 85 12
1 2 87 14
5 2 88 15
5 2 86 14
3 2 85 24
5 2 87 25
4 2 85 30
3 2 85 50
5 2 85 50
2 2 85 49
7 2 86 48
6 2 86 47
8 2 85 49
3 2 85 57
2 2 85 67
4 2 85 72
1 2 85 78
3 2 85 83
2 2 85 88
5 2 84 3
6 2 84 4
8 2 84 5
5 2 85 5
8 2 84 12
7 2 87 13
8 2 84 14
7 2 84 19
8 2 84 21
6 2 89 21
1 2 86 21
1 2 87 22
6 2 86 22
8 2 84 39
7 2 84 44
3 2 87 43
8 2 86 44
7 2 84 51
6 2 84 54
4 2 87 55
6 2 84 57
6 2 84 61
7 2 84 66
6 2 84 67
7 2 84 69
3 2 85 70
6 2 84 81
8 2 84 84
7 2 89 75
3 2 85 86
4 2 83 39
1 2 83 38
1 2 83 41
3 2 83 63
2 2 83 69
1 2 84 70
4 2 83 78
5 2 84 76
1 2 83 82
4 2 83 87
7 2 84 86
5 2 82 5
8 2 82 14
4 2 83 13
6 2 84 15
7 2 83 13
7 2 82 18
3 2 85 17
7 2 85 20
8 2 84 88
6 2 82 20
5 2 82 30
1 2 83 28
1 2 84 28
5 2 84 27
8 2 82 35
6 2 82 42
7 2 86 16
5 2 82 46
4 2 85 47
6 2 82 53
2 2 83 54
5 2 82 60
1 2 83 58
4 2 83 61
8 2 82 63
7 2 82 66
6 2 82 70
6 2 82 83
7 2 85 84
1 2 86 41
7 2 85 41
1 2 84 84
4 2 82 83
8 2 83 82
5 2 82 88
1 2 81 2
2 2 85 1
4 2 81 15
2 2 82 14
3 2 81 14
1 2 81 18
3 2 81 23
8 2 84 25
2 2 83 26
1 2 81 35
8 2 83 35
3 2 81 37
7 2 81 37
2 2 81 40
6 2 85 41
3 2 81 58
2 2 81 66
5 2 82 65
3 2 81 65
1 2 81 64
3 2 81 68
2 2 81 73
8 2 86 74
2 2 84 73
1 2 82 73
3 2 83 74
3 2 86 75
4 2 81 75
2 2 81 84
4 2 81 86
8 2 80 6
1 2 81 8
5 2 84 10
3 2 81 88
7 2 80 8
5 2 80 17
8 2 80 28
2 2 82 18
6 2 80 32
8 2 80 36
5 2 80 38
5 2 80 58
6 2 80 59
8 2 80 62
6 2 80 73
8 2 80 85
7 2 82 27
5 2 80 88
2 2 83 87
2 2 79 11
4 2 83 10
5 2 80 9
6 2 81 87
5 2 79 11
3 2 79 10
3 2 79 19
1 2 83 21
3 2 79 26
4 2 79 30
3 2 79 39
4 2 79 43
8 2 80 41
3 2 79 50
6 2 84 48
4 2 82 51
1 2 80 43
4 2 82 41
8 2 80 48
2 2 79 49
1 2 80 49
6 2 82 50
2 2 79 54
4 2 84 52
4 2 79 62
1 2 79 64
5 2 79 64
5 2 78 8
7 2 78 12
8 2 78 16
8 2 80 14
6 2 78 19
6 2 83 20
7 2 78 18
5 2 78 20
8 2 82 21
7 2 83 22
5 2 84 23
3 2 81 21
8 2 78 25
6 2 78 26
3 2 80 27
7 2 78 31
1 2 84 32
1 2 80 30
8 2 78 37
4 2 84 36
5 2 78 39
8 2 78 40
6 2 78 39
2 2 78 40
6 2 78 44
5 2 78 47
8 2 78 55
3 2 81 54
7 2 78 54
7 2 78 68
8 2 80 69
4 2 81 67
4 2 79 70
5 2 78 78
5 2 82 77
6 2 78 83
1 2 77 5
6 2 78 88
6 2 80 89
2 2 77 7
4 2 77 10
3 2 77 24
6 2 78 22
4 2 77 23
8 2 80 24
8 2 77 23
4 2 77 27
2 2 80 28
3 2 77 29
3 2 77 32
5 2 81 31
1 2 77 31
3 2 80 32
6 2 82 33
4 2 81 33
5 2 80 33
3 2 79 34
1 2 78 31
4 2 77 36
3 2 77 37
1 2 78 37
7 2 77 36
6 2 81 35
2 2 80 36
4 2 77 43
7 2 80 44
2 2 77 53
4 2 77 58
3 2 83 4
8 2 77 58
1 2 77 78
6 2 79 78
4 2 77 79
6 2 81 79
5 2 76 9
8 2 77 11
5 2 78 10
1 2 77 84
7 2 76 13
7 2 76 34
8 2 78 33
7 2 79 34
7 2 76 56
8 2 76 60
2 2 81 9
5 2 80 9
4 2 80 9
8 2 77 60
1 2 76 61
7 2 76 61
5 2 76 63
8 2 76 69
8 2 76 75
8 2 76 78
7 2 80 76
4 2 78 79
8 2 77 79
8 2 80 80
2 2 79 80
4 2 79 81
5 2 79 81
3 2 78 79
5 2 76 77
7 2 76 80
2 2 75 11
8 2 76 87
5 2 80 86
3 2 78 10
1 2 76 87
1 2 75 13
2 2 75 14
6 2 77 13
2 2 77 16
4 2 81 16
4 2 78 88
8 2 76 16
2 2 75 20
4 2 75 31
1 2 75 35
2 2 75 34
1 2 75 40
4 2 76 40
4 2 77 39
7 2 76 39
1 2 75 43
8 2 76 42
4 2 75 45
5 2 76 43
3 2 75 50
7 2 76 48
4 2 77 43
1 2 77 47
1 2 75 52
2 2 75 54
3 2 75 60
2 2 75 64
4 2 75 63
3 2 77 63
1 2 75 62
7 2 75 63
6 2 77 62
4 2 75 62
1 2 75 66
5 2 75 66
4 2 77 64
4 2 75 70
5 2 76 67
1 2 75 73
2 2 75 83
7 2 76 85
8 2 78 82
3 2 78 81
3 2 75 85
3 2 79 86
3 2 75 88
5 2 74 1
1 2 76 85
7 2 74 17
5 2 77 1
1 2 77 2
4 2 82 2
1 2 81 1
1 2 77 16
3 2 76 1
8 2 74 21
6 2 74 31
7 2 74 35
8 2 74 34
6 2 74 37
7 2 74 41
8 2 74 50
7 2 74 49
3 2 78 50
8 2 77 51
8 2 75 50
5 2 74 51
7 2 74 53
8 2 74 58
7 2 74 60
8 2 74 62
5 2 74 63
8 2 74 85
5 2 74 86
4 2 80 1
5 2 79 1
7 2 77 87
8 2 74 88
2 2 77 89
2 2 73 4
3 2 73 11
7 2 74 10
5 2 74 12
4 2 76 13
1 2 73 14
3 2 73 26
8 2 79 27
7 2 76 27
2 2 76 26
1 2 75 28
7 2 78 29
8 2 76 30
5 2 76 29
8 2 75 28
1 2 74 26
3 2 75 25
6 2 74 26
1 2 73 43
7 2 79 42
1 2 78 42
8 2 74 44
5 2 74 45
6 2 74 46
2 2 80 47
4 2 73 60
1 2 73 62
4 2 73 67
4 2 76 68
4 2 73 76
3 2 75 75
7 2 80 75
1 2 73 89
4 2 73 88
1 2 74 89
5 2 73 89
8 2 72 4
3 2 80 5
8 2 76 3
7 2 74 3
4 2 76 2
6 2 75 2
6 2 78 1
7 2 75 1
8 2 76 2
5 2 75 3
4 2 74 2
5 2 72 5
5 2 72 8
6 2 72 14
8 2 72 15
7 2 76 16
3 2 75 15
8 2 72 45
2 2 73 46
5 2 72 47
6 2 72 54
2 2 76 55
1 2 75 55
5 2 77 54
5 2 76 55
3 2 76 56
7 2 75 55
4 2 75 56
6 2 74 53
7 2 79 52
8 2 73 54
4 2 73 53
4 2 78 52
2 2 76 52
8 2 72 58
7 2 72 60
8 2 72 83
1 2 77 82
7 2 77 81
8 2 78 80
4 2 77 81
3 2 75 82
8 2 72 89
4 2 71 3
2 2 71 5
1 2 71 19
2 2 75 20
1 2 73 21
4 2 75 23
1 2 72 19
1 2 79 18
3 2 76 18
6 2 72 18
3 2 71 18
3 2 71 36
6 2 72 34
1 2 73 33
5 2 73 33
4 2 71 38
1 2 71 40
3 2 71 48
6 2 75 49
2 2 71 52
7 2 75 51
4 2 71 58
5 2 72 57
2 2 71 63
1 2 71 66
3 2 76 65
1 2 71 70
3 2 79 71
3 2 77 71
8 2 76 72
3 2 71 72
7 2 74 74
7 2 73 72
5 2 74 71
5 2 75 72
2 2 80 71
2 2 71 74
8 2 77 75
1 2 71 77
2 2 75 79
6 2 74 79
3 2 76 80
1 2 75 80
5 2 74 80
4 2 71 84
7 2 71 84
3 2 71 85
1 2 76 86
5 2 70 3
4 2 71 89
7 2 70 12
3 2 73 4
1 2 74 11
4 2 75 5
4 2 74 10
5 2 72 11
7 2 70 16
6 2 70 36
7 2 70 37
4 2 70 37
8 2 71 37
8 2 70 50
7 2 70 52
5 2 70 53
6 2 70 57
8 2 72 10
2 2 71 10
3 2 71 59
8 2 70 10
6 2 70 60
5 2 70 62
6 2 70 72
6 2 72 57
2 2 71 57
5 2 70 73
6 2 70 74
6 2 70 80
6 2 71 80
2 2 73 81
7 2 73 82
6 2 72 82
5 2 70 83
6 2 70 84
6 2 75 71
1 2 69 9
3 2 71 8
2 2 69 10
6 2 69 9
1 2 69 28
2 2 69 31
2 2 75 30
4 2 69 34
3 2 69 36
3 2 69 42
7 2 73 43
3 2 75 42
8 2 73 42
3 2 69 68
1 2 69 79
3 2 69 83
4 2 69 89
5 2 68 5
8 2 75 4
6 2 74 6
1 2 78 7
1 2 72 4
8 2 72 6
3 2 74 7
2 2 72 7
6 2 71 4
4 2 69 7
7 2 68 7
6 2 70 7
4 2 72 6
6 2 71 7
5 2 72 7
7 2 69 7
3 2 71 6
8 2 68 9
5 2 68 11
6 2 68 15
4 2 72 17
5 2 72 16
2 2 72 15
3 2 69 16
8 2 68 26
5 2 68 33
8 2 68 38
7 2 68 40
7 2 68 45
1 2 71 46
1 2 75 45
8 2 69 45
4 2 74 47
4 2 76 47
8 2 68 49
6 2 70 48
2 2 69 47
8 2 68 53
8 2 72 52
5 2 74 51
4 2 72 51
1 2 71 55
1 2 75 56
4 2 69 54
7 2 68 55
6 2 68 62
8 2 70 64
8 2 76 65
5 2 68 74
8 2 73 75
7 2 70 75
2 2 75 76
8 2 75 76
5 2 73 75
3 2 69 73
2 2 71 72
6 2 68 76
2 2 72 77
2 2 71 75
8 2 68 79
7 2 68 78
1 2 74 77
8 2 68 83
2 2 71 82
5 2 68 85
5 2 75 86
1 2 67 7
3 2 67 33
8 2 68 88
7 2 68 89
2 2 67 35
6 2 67 35
4 2 67 38
4 2 68 38
5 2 67 38
2 2 67 38
3 2 67 37
4 2 67 46
4 2 68 45
2 2 69 44
8 2 69 43
3 2 70 32
2 2 67 49
2 2 67 56
6 2 71 42
6 2 70 55
8 2 68 55
3 2 67 59
3 2 67 77
5 2 69 55
6 2 71 56
7 2 68 77
2 2 67 78
4 2 67 84
6 2 74 85
2 2 69 77
4 2 67 87
7 2 66 1
3 2 68 1
3 2 69 2
7 2 67 2
3 2 70 3
6 2 66 3
8 2 67 2
7 2 66 12
6 2 66 14
1 2 66 15
7 2 69 15
4 2 69 16
6 2 72 17
2 2 71 18
1 2 68 16
8 2 66 15
4 2 67 17
8 2 70 18
7 2 72 19
5 2 68 19
2 2 75 20
5 2 67 17
3 2 67 19
8 2 66 18
4 2 68 19
1 2 67 19
7 2 66 19
5 2 66 33
7 2 66 32
5 2 71 31
6 2 66 53
1 2 71 52
5 2 66 56
7 2 66 65
5 2 70 66
8 2 73 65
5 2 66 67
7 2 71 68
2 2 70 69
8 2 75 69
7 2 73 69
1 2 72 69
2 2 72 68
6 2 66 70
3 2 71 69
2 2 71 70
1 2 72 71
8 2 70 71
7 2 69 71
2 2 69 71
8 2 67 70
4 2 70 71
3 2 71 72
5 2 70 72
6 2 66 74
8 2 66 82
5 2 66 84
2 2 65 1
4 2 65 7
2 2 65 9
3 2 65 14
1 2 66 14
1 2 65 23
6 2 71 23
7 2 72 22
2 2 71 24
7 2 69 23
4 2 73 21
1 2 68 23
6 2 66 14
1 2 65 28
3 2 71 29
8 2 70 29
8 2 66 30
4 2 65 35
2 2 65 37
5 2 66 38
6 2 67 39
4 2 67 39
2 2 67 40
3 2 65 80
3 2 67 79
7 2 68 78
4 2 67 79
2 2 65 82
4 2 65 88
6 2 69 88
5 2 64 2
1 2 64 2
6 2 64 5
3 2 66 4
1 2 64 5
5 2 64 16
4 2 65 15
7 2 64 31
5 2 64 41
7 2 64 43
8 2 64 48
3 2 65 46
6 2 64 47
6 2 71 46
3 2 71 45
8 2 70 45
3 2 66 47
8 2 64 84
1 2 63 11
1 2 65 12
4 2 63 19
8 2 68 20
5 2 67 20
3 2 63 22
6 2 72 23
5 2 64 23
6 2 67 22
6 2 70 25
6 2 71 21
1 2 70 25
2 2 63 29
3 2 67 24
5 2 67 28
4 2 63 32
2 2 63 49
2 2 64 31
1 2 63 31
5 2 67 31
8 2 64 32
1 2 63 54
3 2 67 53
1 2 66 55
2 2 64 54
3 2 65 53
2 2 65 55
4 2 63 56
3 2 69 58
1 2 69 57
7 2 64 55
4 2 64 56
3 2 65 57
3 2 63 58
1 2 68 60
1 2 70 50
7 2 66 60
3 2 63 61
3 2 68 62
4 2 67 62
3 2 64 61
6 2 63 61
1 2 63 60
1 2 63 67
1 2 65 66
2 2 63 69
2 2 66 70
1 2 65 71
7 2 66 71
4 2 65 72
3 2 63 71
3 2 63 82
3 2 63 85
2 2 64 84
4 2 67 85
4 2 63 84
3 2 66 85
2 2 63 89
5 2 62 3
3 2 64 2
7 2 62 8
4 2 65 8
8 2 62 10
7 2 62 12
6 2 68 66
2 2 68 65
3 2 71 13
3 2 68 67
5 2 67 65
1 2 69 64
8 2 68 65
7 2 68 64
2 2 67 64
1 2 65 11
6 2 62 19
5 2 64 20
2 2 63 18
8 2 62 20
7 2 62 23
6 2 66 24
2 2 67 26
8 2 66 26
7 2 65 24
5 2 62 32
1 2 65 34
1 2 63 33
7 2 62 34
8 2 65 35
5 2 64 36
4 2 67 35
5 2 62 46
3 2 67 65
6 2 66 45
8 2 64 45
5 2 62 50
6 2 62 49
4 2 67 48
5 2 67 48
3 2 63 48
6 2 62 52
7 2 62 54
8 2 62 56
8 2 62 62
6 2 62 69
7 2 67 50
8 2 63 68
1 2 62 69
7 2 62 70
6 2 62 76
6 2 63 76
5 2 65 69
8 2 62 78
7 2 62 89
8 2 62 90
1 2 61 6
2 2 61 12
4 2 63 11
2 2 68 12
4 2 61 21
1 2 61 28
7 2 69 27
1 2 69 75
2 2 61 32
6 2 62 31
4 2 61 41
2 2 63 42
5 2 69 43
4 2 63 43
4 2 69 42
6 2 68 43
1 2 61 46
7 2 66 46
8 2 65 47
5 2 64 47
1 2 61 51
5 2 63 51
2 2 66 50
1 2 63 51
5 2 65 52
4 2 62 51
3 2 61 52
2 2 61 53
4 2 61 54
1 2 63 53
4 2 61 57
7 2 65 58
4 2 64 58
1 2 61 62
8 2 67 64
7 2 62 64
3 2 61 61
1 2 68 60
3 2 61 72
8 2 61 72
1 2 61 75
1 2 62 76
4 2 61 84
8 2 62 82
6 2 67 81
1 2 66 82
3 2 61 86
8 2 64 88
1 2 63 88
2 2 61 88
8 2 61 88
8 2 60 5
8 2 60 9
5 2 66 8
6 2 60 19
7 2 60 22
3 2 64 23
2 2 65 25
6 2 64 25
7 2 65 24
4 2 63 25
5 2 60 21
7 2 60 25
5 2 60 28
8 2 60 30
8 2 60 38
7 2 61 38
7 2 62 37
6 2 67 36
1 2 66 37
2 2 61 39
5 2 60 42
5 2 64 41
8 2 67 42
7 2 60 49
3 2 61 48
6 2 60 55
7 2 60 58
8 2 65 59
5 2 63 59
6 2 62 57
7 2 60 68
7 2 62 67
5 2 60 72
5 2 62 71
8 2 60 75
6 2 60 87
8 2 61 86
4 2 59 1
4 2 59 5
8 2 61 6
5 2 64 5
4 2 61 6
7 2 60 4
4 2 62 5
7 2 64 4
5 2 61 5
2 2 61 6
8 2 61 7
3 2 59 10
2 2 59 13
2 2 63 15
3 2 59 23
2 2 59 29
5 2 62 27
1 2 59 31
5 2 60 31
4 2 59 37
4 2 61 36
1 2 59 39
3 2 59 47
4 2 59 68
4 2 59 80
2 2 60 80
2 2 61 79
5 2 62 81
1 2 61 81
6 2 60 79
3 2 64 78
7 2 63 79
5 2 60 80
1 2 62 79
3 2 59 79
4 2 59 87
7 2 61 86
7 2 58 3
2 2 59 5
7 2 58 7
1 2 59 9
8 2 62 8
7 2 58 14
7 2 61 14
8 2 59 13
2 2 58 14
7 2 58 16
8 2 61 16
1 2 60 17
3 2 64 17
2 2 60 16
1 2 64 17
8 2 58 18
5 2 63 17
8 2 58 26
4 2 66 27
5 2 58 33
4 2 63 27
6 2 63 34
8 2 58 40
7 2 58 45
7 2 60 43
7 2 61 42
3 2 60 42
1 2 59 44
2 2 62 44
4 2 62 45
5 2 58 49
6 2 58 52
5 2 58 57
6 2 61 59
1 2 61 59
6 2 59 58
3 2 58 57
5 2 60 56
8 2 58 56
7 2 58 57
2 2 59 56
3 2 58 56
6 2 58 62
4 2 61 63
7 2 60 63
6 2 60 62
8 2 58 68
8 2 58 72
2 2 61 73
7 2 60 74
3 2 62 74
6 2 58 81
5 2 58 83
8 2 60 84
7 2 59 83
3 2 58 83
7 2 58 82
7 2 58 85
5 2 60 87
2 2 59 87
1 2 59 88
4 2 57 5
1 2 57 18
2 2 57 28
6 2 58 29
8 2 57 29
1 2 59 28
7 2 62 27
6 2 59 27
5 2 62 28
1 2 61 26
2 2 61 28
1 2 61 29
3 2 60 27
5 2 57 28
6 2 60 29
4 2 57 34
6 2 59 33
1 2 57 36
3 2 57 39
4 2 57 41
4 2 57 50
2 2 59 49
6 2 59 50
1 2 61 49
1 2 59 50
2 2 57 62
3 2 59 61
3 2 57 73
3 2 63 29
8 2 62 29
6 2 62 30
6 2 62 74
5 2 60 74
2 2 61 30
1 2 59 74
3 2 61 75
3 2 59 75
6 2 58 73
5 2 58 75
2 2 57 72
3 2 57 72
1 2 57 85
3 2 57 86
4 2 57 88
8 2 56 18
8 2 59 17
7 2 56 17
5 2 56 21
5 2 56 24
6 2 59 23
2 2 57 26
4 2 59 74
5 2 58 26
1 2 58 26
4 2 57 27
7 2 56 26
6 2 56 44
7 2 59 46
6 2 56 50
5 2 59 51
5 2 60 25
8 2 61 24
8 2 59 52
7 2 56 65
2 2 60 52
6 2 59 53
2 2 58 65
5 2 56 67
8 2 56 75
2 2 60 75
7 2 56 83
1 2 57 82
8 2 56 89
8 2 58 88
3 2 55 3
1 2 57 2
7 2 58 1
4 2 55 28
7 2 58 28
5 2 58 27
2 2 55 33
7 2 58 32
4 2 57 32
3 2 57 31
4 2 55 49
2 2 55 53
5 2 56 55
5 2 55 53
1 2 57 51
1 2 55 53
4 2 55 54
3 2 55 55
1 2 55 61
7 2 59 61
5 2 58 60
5 2 56 59
1 2 55 64
3 2 55 66
3 2 55 68
1 2 57 69
6 2 59 67
4 2 55 67
2 2 59 66
7 2 55 68
4 2 55 70
6 2 57 71
2 2 55 80
2 2 55 86
7 2 54 14
3 2 55 88
5 2 54 16
7 2 54 25
3 2 57 25
5 2 54 41
8 2 54 56
8 2 54 67
7 2 54 77
5 2 58 13
4 2 56 77
8 2 54 81
2 2 53 26
4 2 53 25
6 2 55 77
1 2 60 24
8 2 59 77
5 2 56 77
4 2 53 28
4 2 58 29
2 2 53 42
3 2 60 41
6 2 61 41
8 2 60 78
2 2 55 44
5 2 59 43
7 2 58 44
5 2 54 44
2 2 57 44
3 2 56 43
1 2 53 44
4 2 55 46
7 2 55 46
8 2 59 47
4 2 55 46
4 2 57 47
1 2 55 45
4 2 54 45
6 2 54 45
5 2 54 46
1 2 53 47
4 2 53 60
3 2 59 59
4 2 58 59
7 2 58 59
2 2 56 59
8 2 56 58
1 2 55 58
3 2 55 59
6 2 54 62
4 2 53 63
2 2 58 64
7 2 57 63
5 2 57 64
4 2 53 66
3 2 53 73
4 2 54 73
2 2 53 88
5 2 54 89
6 2 55 88
3 2 55 89
1 2 53 90
7 2 52 8
5 2 58 10
6 2 61 11
1 2 57 7
6 2 52 10
4 2 53 12
7 2 52 12
7 2 60 12
8 2 55 11
3 2 59 12
5 2 58 12
6 2 52 13
7 2 52 15
5 2 52 19
4 2 53 17
5 2 52 23
3 2 55 21
5 2 54 21
3 2 56 20
1 2 56 21
7 2 52 25
5 2 52 27
7 2 52 28
7 2 52 39
4 2 62 38
1 2 60 38
8 2 58 38
2 2 57 38
3 2 57 39
4 2 53 41
4 2 52 39
5 2 52 46
7 2 52 57
1 2 52 57
6 2 52 61
7 2 54 61
8 2 52 73
5 2 54 74
1 2 59 75
1 2 51 7
8 2 60 8
3 2 51 8
2 2 54 7
1 2 58 8
3 2 55 6
7 2 58 8
3 2 57 9
4 2 55 8
5 2 54 9
2 2 51 11
1 2 51 16
2 2 51 15
3 2 51 17
1 2 51 24
4 2 51 26
3 2 51 35
6 2 59 35
1 2 58 35
2 2 55 37
8 2 51 35
3 2 53 34
7 2 54 33
6 2 53 34
2 2 54 34
5 2 54 33
1 2 55 32
7 2 54 35
5 2 54 36
6 2 56 37
2 2 53 36
2 2 51 39
4 2 51 43
8 2 52 41
8 2 52 44
2 2 51 50
3 2 56 49
7 2 56 51
3 2 51 55
6 2 54 54
8 2 54 53
3 2 51 58
4 2 54 59
7 2 53 59
4 2 51 63
4 2 51 66
6 2 56 65
7 2 52 68
3 2 51 71
1 2 51 73
4 2 51 75
7 2 52 77
5 2 59 78
3 2 51 77
4 2 57 78
4 2 54 77
2 2 51 78
7 2 58 79
2 2 51 88
7 2 50 21
2 2 58 22
7 2 50 30
6 2 51 30
3 2 53 31
7 2 52 31
6 2 52 32
2 2 53 32
3 2 51 32
8 2 52 33
2 2 50 30
8 2 56 29
8 2 50 51
6 2 50 74
2 2 49 12
4 2 49 16
3 2 54 15
3 2 56 14
1 2 49 18
2 2 51 20
5 2 50 20
4 2 53 20
2 2 55 19
4 2 54 19
2 2 53 19
7 2 52 19
1 2 49 26
3 2 54 27
1 2 53 27
3 2 49 37
4 2 49 39
1 2 51 40
3 2 49 49
3 2 49 52
3 2 49 56
4 2 49 59
5 2 52 60
8 2 55 59
4 2 49 74
5 2 50 75
2 2 49 83
6 2 58 40
1 2 54 83
3 2 50 83
7 2 54 85
1 2 55 82
3 2 54 83
8 2 54 86
5 2 54 86
1 2 53 85
6 2 50 82
4 2 53 81
3 2 53 86
7 2 50 84
8 2 57 80
4 2 49 87
2 2 49 89
6 2 48 6
6 2 55 6
7 2 50 8
1 2 49 4
2 2 56 3
8 2 54 2
8 2 58 1
8 2 56 1
6 2 50 2
4 2 56 3
3 2 55 1
2 2 55 2
1 2 55 4
8 2 55 4
5 2 54 3
6 2 49 4
7 2 49 6
5 2 48 8
2 2 57 9
8 2 56 9
1 2 49 9
7 2 48 15
8 2 55 14
4 2 50 15
8 2 48 16
5 2 48 18
6 2 48 20
6 2 57 21
3 2 56 21
6 2 48 27
8 2 48 36
5 2 52 35
6 2 48 38
6 2 49 39
5 2 50 40
6 2 53 41
3 2 51 41
2 2 56 42
8 2 48 41
8 2 54 42
8 2 48 56
2 2 51 57
8 2 48 86
4 2 47 3
7 2 48 88
8 2 49 89
1 2 47 21
2 2 53 4
4 2 54 3
6 2 52 5
7 2 48 23
3 2 47 21
7 2 47 21
3 2 49 20
8 2 49 21
1 2 47 28
4 2 47 39
4 2 47 42
7 2 52 42
1 2 47 48
4 2 47 55
2 2 52 42
7 2 50 54
1 2 47 58
4 2 47 62
7 2 50 63
8 2 54 62
5 2 51 54
3 2 52 53
2 2 51 64
5 2 53 65
2 2 50 54
6 2 50 65
4 2 47 66
1 2 49 64
7 2 51 66
8 2 48 64
3 2 47 68
1 2 48 66
5 2 47 68
1 2 47 69
3 2 47 76
4 2 48 69
7 2 52 70
8 2 50 70
3 2 50 69
5 2 52 70
1 2 50 76
8 2 55 70
7 2 48 70
5 2 49 69
3 2 53 70
4 2 52 70
4 2 50 70
2 2 47 81
3 2 47 85
6 2 48 83
1 2 47 86
3 2 55 75
4 2 48 85
6 2 47 85
3 2 47 88
6 2 47 89
2 2 47 89
7 2 46 4
8 2 46 5
1 2 50 4
5 2 51 5
7 2 51 6
3 2 50 6
4 2 50 6
6 2 49 7
5 2 49 7
4 2 48 4
7 2 49 5
8 2 48 4
6 2 46 10
7 2 47 10
3 2 53 12
2 2 54 13
3 2 51 11
1 2 46 10
5 2 46 25
5 2 46 29
6 2 50 28
5 2 46 36
7 2 52 37
7 2 50 35
5 2 48 35
7 2 46 39
7 2 46 43
1 2 51 44
6 2 47 42
6 2 50 43
3 2 46 43
1 2 50 42
4 2 48 43
5 2 47 44
5 2 46 47
6 2 46 51
7 2 46 55
6 2 46 57
6 2 46 67
6 2 46 73
5 2 51 72
7 2 46 82
7 2 48 82
6 2 46 83
4 2 47 82
2 2 49 82
4 2 51 83
8 2 48 83
8 2 46 86
4 2 45 12
1 2 45 16
2 2 46 16
4 2 49 17
5 2 46 18
2 2 47 15
3 2 47 14
4 2 47 20
7 2 46 15
5 2 46 16
6 2 46 20
5 2 46 87
3 2 45 19
3 2 45 23
6 2 49 17
3 2 45 26
3 2 45 29
5 2 50 29
4 2 45 31
6 2 48 33
6 2 47 31
4 2 49 30
2 2 46 31
6 2 46 33
1 2 45 34
4 2 49 33
4 2 47 34
2 2 48 36
3 2 45 50
1 2 45 57
2 2 45 61
7 2 46 59
1 2 45 65
7 2 47 66
3 2 49 67
3 2 45 71
3 2 45 82
7 2 44 10
7 2 44 15
6 2 44 16
6 2 44 19
4 2 45 18
5 2 44 28
8 2 48 29
2 2 47 30
6 2 46 29
1 2 45 29
5 2 45 30
8 2 44 34
6 2 44 38
8 2 48 39
2 2 45 40
2 2 44 38
8 2 44 43
8 2 46 42
4 2 45 44
7 2 44 58
5 2 44 61
7 2 44 60
4 2 45 59
8 2 44 70
6 2 46 69
5 2 44 72
4 2 45 73
8 2 46 74
2 2 45 74
8 2 47 75
6 2 49 76
4 2 48 77
6 2 46 75
7 2 45 73
7 2 52 72
7 2 48 71
7 2 46 73
1 2 50 72
2 2 47 72
6 2 44 75
5 2 44 77
1 2 50 78
5 2 48 79
6 2 55 78
1 2 51 78
1 2 47 79
7 2 44 87
1 2 45 85
5 2 44 85
5 2 44 89
1 2 43 2
2 2 44 2
5 2 44 1
4 2 43 16
7 2 44 17
7 2 45 18
2 2 43 18
4 2 43 27
6 2 44 28
2 2 43 28
3 2 43 39
7 2 46 40
6 2 44 38
4 2 43 38
1 2 43 44
6 2 46 45
1 2 45 46
2 2 48 46
6 2 47 47
2 2 49 47
4 2 46 46
5 2 45 46
3 2 45 45
6 2 44 46
8 2 46 47
3 2 45 47
7 2 55 49
1 2 49 48
3 2 43 43
4 2 43 46
7 2 47 45
2 2 43 47
3 2 43 49
3 2 43 52
2 2 44 52
4 2 47 51
6 2 49 52
3 2 43 58
1 2 43 62
2 2 47 63
2 2 51 63
1 2 43 65
3 2 43 67
6 2 42 3
3 2 45 4
8 2 43 2
7 2 47 1
2 2 46 2
5 2 42 5
6 2 42 7
8 2 49 8
7 2 49 7
1 2 48 8
5 2 42 17
6 2 42 38
7 2 42 39
2 2 47 40
6 2 42 41
7 2 42 44
8 2 42 56
1 2 49 55
6 2 44 54
6 2 42 59
5 2 45 57
8 2 47 56
7 2 42 60
1 2 46 59
6 2 42 62
2 2 47 61
6 2 42 68
2 2 44 67
5 2 42 69
7 2 43 68
8 2 42 79
2 2 50 80
8 2 49 81
8 2 45 79
5 2 47 78
2 2 44 79
4 2 43 77
4 2 42 79
3 2 49 80
6 2 48 80
2 2 48 80
3 2 43 80
6 2 46 81
6 2 42 80
2 2 43 81
7 2 42 89
3 2 41 6
2 2 41 8
2 2 41 16
8 2 42 18
4 2 41 19
3 2 43 19
3 2 41 23
2 2 48 24
4 2 52 24
7 2 44 21
2 2 43 21
8 2 42 21
2 2 41 25
3 2 41 27
2 2 41 36
2 2 41 50
2 2 41 57
3 2 41 63
4 2 43 62
5 2 44 63
1 2 41 72
1 2 47 22
6 2 47 22
6 2 47 71
3 2 42 72
8 2 42 71
2 2 47 70
3 2 42 70
2 2 42 72
3 2 41 78
2 2 41 80
2 2 41 88
2 2 42 89
6 2 40 7
1 2 44 5
2 2 44 8
8 2 43 5
5 2 43 4
4 2 42 8
4 2 44 9
8 2 41 8
6 2 40 11
8 2 41 11
7 2 45 12
2 2 45 13
4 2 49 14
5 2 48 14
8 2 42 12
4 2 41 10
5 2 40 14
4 2 47 13
8 2 40 17
4 2 43 18
7 2 40 18
2 2 41 20
1 2 40 17
6 2 40 24
3 2 52 23
3 2 50 23
1 2 48 23
5 2 48 23
7 2 41 24
8 2 48 23
8 2 44 23
7 2 43 23
4 2 46 22
4 2 43 22
5 2 40 40
1 2 41 38
6 2 40 45
5 2 40 48
8 2 40 55
3 2 43 55
2 2 42 55
5 2 41 55
6 2 40 59
6 2 46 60
1 2 45 61
5 2 44 60
7 2 43 60
3 2 42 60
6 2 40 63
3 2 44 62
5 2 42 64
6 2 43 63
3 2 41 64
7 2 40 67
5 2 40 73
5 2 40 75
7 2 40 77
6 2 40 82
4 2 45 83
1 2 39 6
6 2 42 8
3 2 39 10
8 2 40 9
1 2 39 22
3 2 39 29
6 2 41 29
1 2 40 29
3 2 40 30
7 2 39 29
1 2 39 40
7 2 45 41
3 2 39 48
3 2 39 58
2 2 39 62
2 2 39 86
2 2 48 25
7 2 39 86
6 2 40 85
3 2 43 84
2 2 44 83
8 2 44 87
2 2 39 86
8 2 38 6
6 2 38 7
1 2 39 8
4 2 39 87
5 2 38 9
6 2 38 12
8 2 38 14
2 2 38 14
8 2 39 13
1 2 41 12
5 2 38 16
8 2 38 38
8 2 43 37
5 2 38 40
7 2 38 41
5 2 38 49
4 2 39 51
1 2 42 5
5 2 42 52
5 2 43 52
4 2 38 49
7 2 38 64
7 2 38 67
7 2 38 74
1 2 39 73
8 2 38 77
5 2 38 79
2 2 37 2
4 2 40 2
7 2 40 3
6 2 40 53
6 2 39 3
2 2 39 3
7 2 42 3
2 2 37 7
3 2 37 10
2 2 37 16
4 2 37 17
2 2 37 24
7 2 38 9
1 2 38 10
2 2 37 27
7 2 43 26
2 2 38 27
8 2 38 26
1 2 37 29
3 2 37 39
2 2 37 83
4 2 37 85
8 2 38 86
7 2 44 87
4 2 40 27
8 2 42 26
5 2 38 87
3 2 37 87
3 2 40 88
7 2 36 24
6 2 36 25
8 2 36 34
2 2 41 32
6 2 44 31
3 2 45 33
6 2 40 33
2 2 42 32
3 2 44 31
5 2 36 45
1 2 41 46
8 2 40 47
6 2 36 58
5 2 38 56
5 2 37 58
7 2 36 70
7 2 41 71
4 2 40 71
5 2 36 76
3 2 38 78
5 2 39 80
7 2 40 80
3 2 36 77
7 2 36 78
5 2 40 76
1 2 36 77
8 2 36 80
8 2 39 81
5 2 36 82
6 2 36 89
1 2 37 87
7 2 36 88
1 2 36 89
4 2 35 6
3 2 35 9
5 2 37 10
6 2 36 10
2 2 35 11
2 2 35 34
7 2 41 32
1 2 40 33
7 2 40 33
4 2 41 35
2 2 39 33
1 2 39 35
6 2 38 35
7 2 38 36
2 2 41 37
5 2 39 37
7 2 40 36
5 2 38 35
1 2 42 37
8 2 38 34
6 2 36 33
3 2 35 33
1 2 37 32
6 2 42 31
4 2 41 31
3 2 37 34
2 2 37 35
1 2 35 36
2 2 37 37
7 2 35 36
6 2 38 37
4 2 37 37
3 2 35 37
1 2 35 45
1 2 36 45
2 2 35 50
6 2 41 51
6 2 39 51
3 2 45 52
4 2 44 52
7 2 41 51
3 2 39 52
8 2 44 51
6 2 42 53
4 2 39 51
2 2 39 53
3 2 35 53
8 2 38 52
2 2 39 51
5 2 38 51
7 2 39 50
3 2 38 53
1 2 39 54
7 2 37 54
8 2 35 53
4 2 35 52
3 2 38 51
4 2 35 65
8 2 47 64
1 2 35 79
4 2 35 85
8 2 36 84
4 2 35 88
5 2 34 3
8 2 39 2
6 2 36 86
3 2 40 2
8 2 34 14
3 2 37 13
7 2 36 16
6 2 36 16
5 2 34 23
2 2 35 21
3 2 35 24
5 2 42 25
3 2 41 26
8 2 36 25
1 2 35 25
8 2 37 26
2 2 34 23
6 2 34 26
5 2 36 27
7 2 34 38
5 2 34 41
1 2 43 42
2 2 41 43
2 2 37 40
1 2 34 41
7 2 40 40
7 2 40 42
1 2 39 40
7 2 38 41
5 2 34 46
1 2 37 48
6 2 34 48
6 2 34 61
5 2 37 61
7 2 35 61
6 2 34 71
7 2 34 77
2 2 38 76
6 2 34 81
8 2 34 85
5 2 34 89
2 2 33 15
4 2 35 15
3 2 34 14
1 2 35 13
1 2 45 12
7 2 44 12
8 2 44 13
7 2 34 13
3 2 33 19
2 2 39 18
4 2 38 19
5 2 37 19
5 2 35 19
5 2 39 21
3 2 34 19
1 2 33 22
4 2 38 21
4 2 33 24
8 2 37 23
3 2 33 30
5 2 40 31
8 2 40 31
5 2 37 29
7 2 39 30
1 2 38 30
4 2 38 31
8 2 37 30
6 2 36 29
7 2 34 28
8 2 34 32
3 2 33 38
3 2 33 42
4 2 33 55
2 2 37 56
7 2 35 55
6 2 38 56
2 2 34 55
3 2 39 56
1 2 33 62
2 2 35 62
4 2 33 73
2 2 33 77
1 2 33 81
4 2 33 81
2 2 33 84
7 2 32 2
7 2 35 3
6 2 40 4
5 2 38 2
6 2 32 5
5 2 32 15
8 2 34 7
4 2 34 7
7 2 36 7
6 2 34 17
2 2 33 18
7 2 32 14
5 2 32 28
1 2 33 27
4 2 33 26
8 2 32 32
6 2 35 31
4 2 34 31
5 2 34 32
7 2 34 33
8 2 32 35
7 2 32 37
2 2 35 38
4 2 36 8
5 2 34 38
8 2 32 48
6 2 37 47
7 2 36 39
7 2 35 47
1 2 35 47
3 2 33 49
6 2 32 55
8 2 33 55
5 2 32 58
6 2 36 50
5 2 32 66
3 2 35 68
6 2 34 69
5 2 37 69
7 2 36 57
8 2 35 68
6 2 32 68
8 2 32 72
2 2 33 71
7 2 32 75
8 2 33 76
5 2 32 77
5 2 36 78
1 2 35 78
3 2 33 79
7 2 33 80
8 2 32 79
5 2 32 80
6 2 32 88
2 2 34 89
1 2 33 86
2 2 39 73
6 2 38 74
8 2 39 74
6 2 33 89
2 2 31 16
4 2 31 26
1 2 31 30
3 2 31 34
1 2 31 36
3 2 31 37
5 2 32 39
2 2 31 40
8 2 34 39
1 2 31 39
5 2 33 40
5 2 40 41
7 2 31 40
4 2 39 42
8 2 39 42
6 2 32 39
3 2 32 41
3 2 34 42
8 2 33 42
2 2 33 42
3 2 31 48
2 2 31 52
5 2 34 53
3 2 31 55
4 2 35 57
1 2 31 59
3 2 35 61
3 2 34 59
8 2 32 61
3 2 31 74
2 2 31 75
1 2 31 76
4 2 31 88
3 2 31 89
7 2 32 88
8 2 32 87
1 2 31 88
5 2 30 3
8 2 30 7
6 2 34 9
6 2 33 7
2 2 32 8
8 2 32 9
3 2 31 9
1 2 31 9
4 2 42 10
6 2 41 10
4 2 34 10
8 2 32 10
2 2 33 10
7 2 32 10
4 2 31 10
6 2 30 17
5 2 32 18
8 2 32 19
7 2 35 20
7 2 32 20
5 2 30 23
3 2 38 22
8 2 32 22
6 2 30 33
6 2 30 37
8 2 30 39
6 2 30 41
7 2 30 46
2 2 33 45
8 2 38 44
5 2 30 49
7 2 30 52
8 2 30 51
8 2 30 54
5 2 30 56
7 2 30 57
5 2 30 59
8 2 30 65
3 2 35 64
7 2 32 63
1 2 31 66
5 2 38 67
5 2 31 66
5 2 30 69
8 2 30 73
3 2 32 72
6 2 30 79
4 2 33 78
1 2 29 18
2 2 29 19
2 2 32 20
1 2 29 23
4 2 29 31
2 2 29 39
3 2 29 40
3 2 29 44
5 2 29 44
6 2 32 43
8 2 31 45
3 2 31 46
3 2 33 46
5 2 33 45
5 2 30 43
1 2 29 46
4 2 32 46
2 2 33 45
6 2 31 46
2 2 29 47
4 2 29 48
1 2 29 57
7 2 35 57
1 2 29 59
3 2 29 65
5 2 32 65
7 2 30 64
3 2 35 63
1 2 29 77
5 2 30 75
2 2 29 79
2 2 29 85
1 2 31 83
1 2 30 85
1 2 29 89
5 2 28 11
4 2 33 13
5 2 41 12
4 2 29 13
4 2 31 14
5 2 28 16
7 2 28 28
7 2 28 31
6 2 28 35
7 2 28 43
2 2 29 42
4 2 29 44
7 2 29 45
3 2 28 44
7 2 28 62
3 2 31 61
5 2 28 71
1 2 28 71
3 2 36 70
8 2 33 70
1 2 29 72
6 2 28 70
5 2 28 74
7 2 28 76
3 2 30 78
6 2 28 85
5 2 34 84
4 2 40 84
5 2 28 85
8 2 39 84
2 2 36 84
5 2 35 84
6 2 32 84
4 2 29 84
8 2 28 84
5 2 28 88
3 2 27 8
1 2 27 11
5 2 28 11
2 2 27 10
4 2 31 11
3 2 34 84
5 2 29 9
3 2 28 10
8 2 27 10
1 2 27 24
5 2 28 26
3 2 27 29
1 2 27 43
3 2 27 45
1 2 27 59
4 2 29 60
6 2 28 61
3 2 27 64
6 2 33 65
1 2 38 12
8 2 38 67
3 2 33 66
1 2 27 69
5 2 33 67
3 2 27 72
3 2 27 81
5 2 28 79
1 2 27 83
1 2 27 86
7 2 27 86
8 2 26 6
5 2 35 5
6 2 33 5
1 2 32 5
5 2 26 8
1 2 28 7
6 2 26 15
8 2 26 20
1 2 32 68
4 2 30 19
8 2 28 19
7 2 28 18
7 2 26 22
5 2 26 28
6 2 26 40
2 2 27 27
3 2 27 26
2 2 27 38
2 2 29 28
6 2 27 40
4 2 27 41
3 2 26 41
5 2 26 46
5 2 26 48
2 2 30 37
2 2 26 48
8 2 26 48
7 2 31 48
7 2 26 50
6 2 26 77
6 2 26 80
6 2 26 83
7 2 26 84
3 2 25 6
8 2 30 5
3 2 33 5
1 2 25 15
2 2 26 15
7 2 26 14
2 2 25 14
5 2 26 89
2 2 25 26
7 2 25 26
4 2 25 28
4 2 25 39
5 2 26 38
8 2 28 12
2 2 25 40
4 2 25 44
4 2 27 43
3 2 25 47
5 2 28 37
5 2 29 36
3 2 27 37
1 2 27 37
1 2 26 46
2 2 25 78
3 2 28 77
7 2 26 78
6 2 25 78
3 2 25 80
4 2 25 84
2 2 26 83
3 2 25 83
7 2 26 84
1 2 25 87
7 2 24 1
5 2 24 10
4 2 27 12
4 2 25 12
7 2 24 12
6 2 24 13
5 2 27 12
1 2 26 13
1 2 33 13
6 2 24 26
5 2 24 33
3 2 24 33
8 2 24 35
8 2 24 40
6 2 24 44
5 2 26 43
7 2 24 45
6 2 24 45
5 2 24 51
5 2 30 50
5 2 30 52
2 2 29 52
1 2 30 51
2 2 27 53
4 2 25 49
6 2 24 49
6 2 27 49
7 2 26 49
1 2 27 51
5 2 28 48
5 2 26 51
7 2 27 49
8 2 29 52
8 2 26 51
7 2 27 51
2 2 26 51
1 2 26 50
6 2 24 53
3 2 28 49
6 2 24 65
1 2 30 54
6 2 30 66
6 2 24 68
2 2 30 68
4 2 29 69
2 2 29 69
7 2 26 69
1 2 28 68
2 2 28 69
4 2 26 68
1 2 33 64
5 2 38 63
7 2 33 63
3 2 26 69
2 2 32 70
2 2 29 70
6 2 33 70
1 2 32 70
2 2 31 71
7 2 29 70
5 2 25 68
7 2 40 67
1 2 39 67
7 2 38 67
1 2 37 67
4 2 24 68
8 2 24 84
5 2 24 85
8 2 24 86
7 2 24 87
1 2 23 2
8 2 33 2
6 2 37 1
4 2 36 1
4 2 34 3
1 2 28 2
6 2 27 2
3 2 23 12
7 2 25 13
1 2 23 13
2 2 23 16
3 2 23 22
3 2 25 21
2 2 23 43
1 2 23 53
8 2 28 54
2 2 23 56
8 2 28 57
3 2 28 56
5 2 27 57
1 2 23 85
8 2 22 4
5 2 27 5
1 2 29 7
1 2 27 6
4 2 28 5
2 2 28 5
3 2 27 5
6 2 27 4
3 2 29 2
3 2 30 1
3 2 27 4
7 2 22 30
1 2 30 31
2 2 24 30
6 2 26 29
2 2 25 29
3 2 25 31
6 2 24 31
5 2 26 32
4 2 25 32
2 2 25 32
5 2 24 31
8 2 22 38
5 2 22 43
6 2 28 42
5 2 22 55
6 2 22 57
1 2 25 57
5 2 22 62
3 2 27 61
8 2 25 62
2 2 27 61
1 2 35 60
1 2 29 61
4 2 34 60
7 2 33 61
1 2 24 62
4 2 29 62
8 2 22 65
4 2 29 67
4 2 27 66
8 2 26 66
4 2 25 66
2 2 36 65
4 2 36 64
3 2 35 65
2 2 33 65
8 2 22 69
6 2 22 80
8 2 26 81
4 2 27 82
7 2 24 82
4 2 27 82
7 2 26 83
3 2 23 78
6 2 22 83
4 2 23 82
4 2 22 83
5 2 24 81
8 2 22 89
1 2 22 89
4 2 21 2
4 2 23 1
6 2 22 2
1 2 26 2
7 2 25 3
5 2 24 1
4 2 24 3
3 2 23 1
7 2 22 1
2 2 21 6
3 2 21 8
2 2 21 10
1 2 21 20
1 2 25 18
6 2 24 19
2 2 24 21
7 2 28 22
3 2 28 23
7 2 26 20
6 2 26 22
2 2 25 22
3 2 21 42
6 2 22 40
2 2 21 52
3 2 21 55
4 2 21 57
2 2 25 56
2 2 21 58
5 2 23 57
1 2 23 60
3 2 22 57
6 2 22 61
4 2 21 61
3 2 21 78
7 2 21 79
4 2 23 79
3 2 22 79
7 2 23 81
7 2 22 79
8 2 22 78
2 2 21 85
7 2 20 1
4 2 22 2
5 2 20 2
6 2 20 8
2 2 25 6
1 2 24 7
7 2 23 7
5 2 23 6
6 2 23 5
4 2 26 4
5 2 20 9
6 2 20 17
3 2 27 15
4 2 24 16
8 2 21 17
8 2 22 18
7 2 26 17
3 2 24 17
3 2 23 18
4 2 21 18
7 2 21 17
7 2 20 20
1 2 25 20
8 2 20 32
2 2 21 30
7 2 22 30
1 2 21 30
2 2 20 32
8 2 20 38
6 2 24 37
1 2 21 37
8 2 25 36
1 2 26 35
4 2 23 36
4 2 24 35
4 2 30 34
8 2 26 34
4 2 25 35
5 2 27 34
5 2 20 42
7 2 20 43
5 2 20 45
5 2 20 49
3 2 25 50
8 2 26 49
8 2 21 49
7 2 20 58
1 2 21 59
7 2 20 66
4 2 30 65
6 2 31 66
5 2 20 72
2 2 24 72
7 2 24 73
3 2 27 74
1 2 23 74
5 2 23 73
1 2 29 74
3 2 28 74
6 2 27 74
4 2 27 73
8 2 28 73
7 2 28 72
3 2 27 72
1 2 29 71
8 2 27 72
7 2 25 72
5 2 25 73
6 2 22 74
2 2 23 76
7 2 20 82
7 2 20 85
3 2 19 11
4 2 19 23
3 2 19 26
2 2 23 25
2 2 19 28
3 2 24 29
1 2 19 33
1 2 19 36
3 2 19 46
4 2 19 53
2 2 19 58
8 2 20 57
2 2 19 64
5 2 29 66
4 2 21 63
3 2 19 67
4 2 20 66
7 2 22 67
1 2 19 68
8 2 22 67
6 2 20 70
2 2 19 77
5 2 22 76
4 2 19 81
1 2 21 80
1 2 19 82
6 2 20 83
3 2 19 84
6 2 18 7
5 2 18 26
7 2 22 25
8 2 18 29
6 2 18 28
7 2 22 28
7 2 22 30
5 2 18 34
2 2 23 34
6 2 18 41
1 2 21 40
5 2 18 56
5 2 18 64
8 2 18 66
5 2 28 65
1 2 20 65
6 2 18 67
1 2 20 69
6 2 19 69
5 2 18 69
7 2 18 76
2 2 24 75
8 2 18 77
8 2 23 76
4 2 20 77
7 2 19 76
7 2 18 78
6 2 18 82
8 2 19 81
4 2 20 81
3 2 19 81
5 2 18 81
8 2 18 86
2 2 26 87
5 2 18 89
1 2 23 88
6 2 24 90
3 2 20 89
6 2 19 89
1 2 17 7
8 2 17 7
2 2 21 8
1 2 17 11
6 2 22 12
6 2 26 13
2 2 25 14
8 2 18 10
7 2 25 9
2 2 17 13
4 2 27 14
1 2 18 13
3 2 17 23
3 2 17 34
4 2 17 36
7 2 17 36
2 2 19 37
3 2 20 36
4 2 20 39
7 2 18 37
1 2 17 42
1 2 19 43
2 2 19 44
3 2 17 46
4 2 17 50
1 2 17 54
2 2 17 56
1 2 17 62
5 2 23 61
6 2 17 62
3 2 17 67
2 2 17 72
2 2 22 74
3 2 19 71
5 2 18 74
8 2 22 73
4 2 17 74
6 2 19 74
1 2 18 73
4 2 21 72
3 2 18 72
3 2 18 75
1 2 17 77
4 2 17 76
3 2 17 89
1 2 17 90
6 2 16 1
7 2 16 3
5 2 17 3
2 2 22 4
8 2 21 4
1 2 21 5
7 2 20 5
6 2 16 6
7 2 16 18
3 2 19 17
8 2 24 16
3 2 17 20
8 2 20 21
2 2 18 20
1 2 20 19
5 2 19 19
2 2 19 21
6 2 18 21
6 2 16 24
6 2 20 23
7 2 17 23
2 2 24 22
4 2 22 24
1 2 17 22
7 2 16 26
7 2 16 30
7 2 16 42
7 2 18 43
2 2 20 43
7 2 19 43
5 2 16 47
6 2 22 47
8 2 21 47
7 2 17 46
4 2 19 47
6 2 18 48
4 2 17 47
1 2 17 48
8 2 16 46
6 2 16 50
7 2 19 50
3 2 18 51
4 2 22 52
4 2 19 51
5 2 16 51
6 2 16 55
5 2 16 57
8 2 23 58
5 2 16 60
6 2 17 60
6 2 16 65
6 2 17 65
7 2 16 67
1 2 20 66
8 2 16 68
5 2 16 73
8 2 16 74
6 2 16 89
2 2 15 2
2 2 17 2
8 2 17 1
4 2 15 1
3 2 15 6
3 2 15 8
2 2 15 25
3 2 15 26
1 2 15 27
1 2 15 31
1 2 15 37
2 2 15 39
2 2 20 40
1 2 15 42
4 2 15 73
1 2 15 87
8 2 19 86
2 2 19 85
5 2 20 86
6 2 14 4
8 2 14 22
7 2 14 28
8 2 14 43
6 2 16 42
6 2 14 44
7 2 19 45
4 2 18 45
5 2 17 45
4 2 14 43
5 2 14 54
8 2 21 54
6 2 25 53
3 2 24 53
2 2 23 54
3 2 15 56
2 2 16 55
7 2 19 54
3 2 14 54
5 2 14 54
6 2 14 57
8 2 16 58
6 2 14 64
5 2 19 65
2 2 21 64
2 2 19 64
8 2 14 67
7 2 14 69
6 2 14 83
2 2 16 83
6 2 14 87
4 2 15 86
5 2 14 86
3 2 16 87
8 2 14 88
8 2 18 87
4 2 21 87
1 2 17 87
2 2 13 5
2 2 13 7
7 2 14 6
5 2 14 9
3 2 20 9
8 2 19 8
6 2 19 9
1 2 13 10
5 2 20 11
4 2 18 9
7 2 16 11
2 2 16 10
1 2 13 13
6 2 17 12
8 2 16 14
7 2 16 13
3 2 16 14
3 2 21 15
2 2 13 21
5 2 17 19
3 2 13 23
1 2 13 43
1 2 13 55
8 2 13 55
2 2 13 57
3 2 13 59
2 2 13 62
6 2 18 61
4 2 17 61
2 2 14 62
1 2 13 64
3 2 13 72
6 2 21 71
1 2 17 71
2 2 15 73
3 2 13 78
8 2 18 79
4 2 17 79
1 2 13 80
1 2 16 80
2 2 16 79
3 2 13 87
6 2 20 87
2 2 19 87
3 2 17 87
7 2 16 88
2 2 13 89
7 2 12 10
4 2 16 11
4 2 18 11
8 2 17 11
7 2 17 12
6 2 15 11
8 2 13 10
1 2 16 9
1 2 14 9
3 2 17 8
4 2 13 9
2 2 15 8
5 2 13 8
4 2 14 7
7 2 13 9
5 2 12 14
7 2 14 14
5 2 12 23
5 2 20 22
7 2 19 22
6 2 19 21
5 2 18 22
7 2 12 24
7 2 12 30
4 2 18 31
3 2 13 32
8 2 16 32
8 2 18 31
3 2 16 31
5 2 20 32
6 2 19 32
5 2 12 34
2 2 14 34
6 2 17 33
8 2 15 33
1 2 15 34
6 2 12 47
2 2 18 48
5 2 17 48
1 2 16 45
6 2 15 45
2 2 15 46
7 2 13 47
1 2 25 48
8 2 12 53
8 2 18 53
8 2 20 52
6 2 12 65
7 2 12 69
6 2 12 72
5 2 18 71
7 2 17 71
4 2 20 70
5 2 12 71
2 2 17 70
4 2 16 70
5 2 12 75
5 2 12 84
5 2 16 83
2 2 14 85
3 2 13 83
8 2 14 82
2 2 13 82
7 2 13 81
7 2 13 84
3 2 14 85
6 2 13 85
7 2 12 90
2 2 11 1
4 2 11 3
4 2 11 8
6 2 12 6
2 2 11 17
4 2 19 16
4 2 13 15
4 2 12 17
6 2 11 17
6 2 14 18
3 2 15 19
2 2 13 18
2 2 11 24
1 2 17 23
2 2 11 26
5 2 12 28
3 2 11 39
2 2 17 40
5 2 16 40
6 2 16 39
5 2 17 38
4 2 15 40
1 2 12 39
4 2 17 38
5 2 11 39
2 2 11 50
3 2 11 52
2 2 15 53
3 2 16 52
7 2 15 52
5 2 14 53
4 2 11 60
8 2 12 59
6 2 12 62
6 2 11 60
2 2 11 62
6 2 15 63
7 2 12 63
3 2 14 62
3 2 11 64
2 2 11 66
4 2 14 65
3 2 11 70
1 2 11 69
4 2 11 71
2 2 11 72
3 2 11 83
4 2 13 85
8 2 13 86
8 2 16 87
1 2 12 85
4 2 11 88
8 2 10 6
8 2 13 5
6 2 10 8
8 2 10 11
8 2 10 17
1 2 14 16
5 2 13 17
7 2 10 18
6 2 10 24
6 2 10 38
7 2 11 40
5 2 10 44
7 2 10 47
5 2 14 46
7 2 10 50
4 2 19 49
6 2 10 49
6 2 10 52
7 2 10 55
5 2 12 56
7 2 10 60
7 2 21 59
4 2 20 59
5 2 10 70
7 2 10 77
7 2 11 77
4 2 11 79
6 2 12 81
1 2 11 82
8 2 13 81
2 2 11 81
8 2 10 80
7 2 14 79
6 2 10 79
8 2 10 84
4 2 12 83
8 2 10 88
5 2 11 88
5 2 12 87
3 2 11 89
1 2 10 88
4 2 9 2
7 2 13 1
8 2 10 4
1 2 13 3
1 2 14 4
5 2 14 4
3 2 11 4
4 2 9 6
4 2 12 5
1 2 9 13
6 2 12 14
6 2 13 15
3 2 9 17
4 2 9 22
5 2 15 21
5 2 20 20
1 2 19 21
7 2 13 21
3 2 17 20
3 2 15 21
5 2 14 23
2 2 9 24
4 2 9 34
4 2 11 33
7 2 10 33
8 2 12 32
8 2 10 32
6 2 9 34
7 2 12 35
3 2 9 36
5 2 16 35
2 2 14 35
4 2 9 38
1 2 10 37
6 2 11 38
8 2 12 37
1 2 11 38
4 2 9 42
4 2 10 42
5 2 12 41
3 2 11 42
4 2 11 41
8 2 10 42
1 2 9 44
3 2 12 45
4 2 9 46
3 2 10 48
4 2 14 48
7 2 13 49
2 2 9 48
4 2 9 49
8 2 10 50
1 2 9 50
4 2 9 52
3 2 9 60
3 2 14 59
5 2 12 59
3 2 9 62
1 2 9 77
4 2 9 78
3 2 9 86
8 2 8 17
6 2 12 18
1 2 13 19
3 2 11 16
8 2 8 47
5 2 8 54
6 2 11 55
6 2 14 56
5 2 15 57
5 2 10 55
7 2 8 64
6 2 8 66
6 2 9 66
1 2 12 65
4 2 8 66
8 2 8 77
6 2 12 79
5 2 8 86
6 2 8 88
1 2 7 6
2 2 9 7
8 2 10 9
1 2 8 6
2 2 7 8
8 2 8 10
4 2 7 11
6 2 9 10
1 2 8 11
1 2 7 13
2 2 7 25
2 2 18 26
7 2 14 24
8 2 14 26
7 2 8 24
7 2 9 23
3 2 7 30
3 2 7 54
6 2 8 53
4 2 7 64
4 2 12 63
1 2 7 65
3 2 10 65
1 2 7 78
3 2 8 77
2 2 7 77
5 2 7 78
6 2 6 1
7 2 6 5
2 2 11 4
6 2 6 20
7 2 6 24
5 2 15 25
1 2 11 25
2 2 12 26
5 2 11 27
7 2 21 28
7 2 18 27
5 2 9 25
6 2 10 26
1 2 17 27
8 2 8 23
6 2 6 25
7 2 14 27
8 2 13 27
7 2 6 39
6 2 8 37
6 2 16 36
6 2 7 39
4 2 6 40
5 2 6 43
3 2 9 44
5 2 9 43
2 2 7 41
5 2 6 41
8 2 6 49
1 2 11 50
3 2 7 51
8 2 6 52
5 2 6 55
5 2 6 60
6 2 6 63
7 2 6 65
4 2 8 64
7 2 8 65
2 2 8 66
4 2 6 65
8 2 6 67
3 2 6 67
6 2 6 72
8 2 11 72
6 2 10 71
1 2 12 70
8 2 11 71
4 2 8 72
3 2 9 73
7 2 9 72
6 2 9 73
5 2 8 73
7 2 6 76
2 2 16 75
5 2 15 75
4 2 11 75
7 2 10 75
1 2 9 75
6 2 6 83
7 2 10 82
2 2 9 81
3 2 9 80
5 2 8 80
2 2 9 79
2 2 8 83
4 2 8 84
8 2 7 83
3 2 7 85
7 2 6 85
4 2 5 7
8 2 7 8
6 2 6 8
1 2 5 20
8 2 13 21
4 2 6 20
3 2 7 21
7 2 6 19
7 2 6 22
2 2 7 22
5 2 9 21
8 2 7 21
3 2 5 21
1 2 5 33
4 2 12 32
1 2 5 43
3 2 5 44
8 2 6 46
3 2 5 58
3 2 5 62
8 2 6 63
1 2 5 86
5 2 4 1
6 2 10 2
8 2 4 8
6 2 4 14
4 2 9 13
7 2 4 19
4 2 5 18
6 2 4 18
2 2 4 18
5 2 4 21
4 2 6 22
2 2 5 20
6 2 4 22
7 2 4 22
8 2 4 30
3 2 18 29
4 2 15 28
5 2 14 28
4 2 7 29
2 2 9 27
7 2 6 30
6 2 14 30
5 2 5 30
3 2 9 31
7 2 11 30
8 2 4 42
7 2 5 42
2 2 8 41
7 2 4 45
5 2 4 58
1 2 12 57
1 2 10 58
2 2 11 57
7 2 7 58
4 2 6 58
6 2 4 76
6 2 8 75
3 2 5 78
7 2 6 79
8 2 4 78
4 2 6 79
8 2 5 79
6 2 4 82
1 2 5 83
3 2 6 82
6 2 5 83
3 2 5 84
1 2 3 4
2 2 3 11
2 2 3 22
1 2 3 29
4 2 3 31
1 2 8 32
3 2 3 53
6 2 9 52
4 2 8 52
4 2 5 55
1 2 3 56
1 2 3 63
2 2 3 66
3 2 6 65
1 2 4 66
7 2 4 67
1 2 3 68
3 2 3 77
2 2 3 79
1 2 3 88
8 2 2 2
5 2 2 18
7 2 6 17
1 2 9 16
3 2 3 19
5 2 2 27
7 2 4 25
1 2 6 23
7 2 2 31
1 2 4 30
2 2 5 31
6 2 2 32
2 2 8 33
8 2 8 34
8 2 14 35
5 2 2 39
6 2 2 42
7 2 2 63
8 2 5 62
6 2 2 77
7 2 2 80
7 2 2 83
7 2 5 82
7 2 4 85
8 2 2 86
2 2 6 88
7 2 2 88
1 2 1 5
1 2 9 4
5 2 7 4
3 2 4 4
2 2 1 8
6 2 2 10
7 2 2 11
5 2 8 12
3 2 7 12
3 2 4 10
4 2 1 13
7 2 7 12
1 2 1 15
2 2 1 20
3 2 1 23
7 2 2 22
7 2 1 23
4 2 1 22
2 2 1 24
4 2 1 28
1 2 1 31
8 2 3 32
5 2 2 32
2 2 1 32
1 2 1 36
7 2 8 38
7 2 7 36
7 2 12 35
4 2 11 35
6 2 4 34
1 2 10 35
2 2 2 36
2 2 7 37
1 2 1 62
4 2 1 66
7 2 2 65
7 2 2 68
5 2 1 66
3 2 1 81
2 2 1 85
1 2 1 86
2 2 1 87
1 2 1 89
4 3 15 36
2 3 14 68
5 3 13 28
4 3 12 41
4 3 12 45
2 3 12 49
7 3 13 50
8 3 12 71
5 3 12 74
2 3 11 34
2 3 10 64
6 2 9 64
2 3 9 7
1 3 9 20
1 3 9 45
4 3 8 60
6 3 10 59
5 3 13 59
1 2 15 59
1 3 7 68
4 3 7 75
5 3 6 24
4 3 5 60
1 2 6 59
3 2 12 58
1 2 11 58
6 2 5 60
1 3 5 72
6 2 6 72
4 2 5 73
2 3 4 1
8 2 7 3
3 2 6 1
1 2 3 1
8 2 4 2
4 3 11 4
1 3 4 39
6 3 4 78
2 3 3 14
2 2 11 15
6 2 10 15
7 3 10 15
6 3 11 16
3 3 3 72
5 2 4 74
7 3 2 28
6 3 2 31
5 3 2 47
2 2 3 45
3 3 5 50
1 3 3 50
7 2 2 51
2 2 4 51
3 2 4 52
6 2 3 53
6 3 2 79
4 3 7 81
4 3 4 80
1 2 3 80
4 3 2 82
8 2 1 82
2 3 2 82
1 2 1 82
6 3 1 5
6 2 4 6
1 2 3 5
1 3 1 10
8 3 1 20
2 3 1 47
3 2 4 46
8 3 1 89
2 2 5 89
7 2 4 89
5 2 2 89
8 4 14 68
1 4 12 3
7 4 10 26
6 2 10 27
5 4 9 64
4 4 8 86
1 4 7 9
1 4 7 33
2 4 6 54
4 2 10 54
8 2 9 56
3 2 6 56
8 2 5 57
1 2 4 57
8 4 3 28
8 2 5 27
2 3 2 29
5 4 3 50
8 3 2 50
5 4 3 62
1 4 2 25
2 4 2 42
4 2 1 42
8 2 1 43
8 4 5 43
4 2 4 44
2 4 2 49
6 2 2 49
4 2 5 48
6 2 3 48
3 2 8 47
8 2 7 47
3 2 3 47
5 2 2 47
4 2 1 49
1 4 5 45
7 4 2 55
2 2 3 54
2 2 3 57
4 3 1 56
6 2 3 55
5 2 2 55
2 2 1 55
6 4 1 14
5 3 4 15
2 2 5 14
5 2 7 15
2 2 5 17
1 2 4 15
8 4 11 13
1 4 1 26
8 2 5 25
3 2 4 25
7 2 3 25
3 4 1 66
1 5 14 35
8 5 10 60
6 5 7 37
4 5 3 17
7 5 2 80
2 5 1 1
8 5 1 64
2 2 1 63
1 2 3 63
3 3 7 65
4 2 9 65
5 2 8 65
4 5 1 75
4 2 10 65
2 6 9 12
5 2 9 12
7 6 6 47
8 6 5 58
5 2 4 58
2 2 5 57
5 2 5 57
2 2 5 57
2 6 7 59
8 6 5 61
6 2 5 62
3 6 4 63
8 6 3 68
3 2 8 67
8 2 5 71
2 2 8 67
7 2 8 66
5 2 7 67
7 7 6 73
3 2 5 73
4 4 10 73
1 7 10 72
4 7 3 23
7 9 6 81
8 2 3 81
2 2 2 81
2 2 3 83
6 2 2 83
7 2 2 83
4 2 1 84
6 2 3 83
2 9 3 22
7 2 4 25
4 10 6 27
3 2 5 28
8 13 3 13
7 2 5 15
6 2 5 15
3 2 4 15
4 14 4 53
8 2 2 57
6 2 1 56
7 2 1 55
3 2 1 54
4 5 10 71
