10177
4333
8 2 100 13
2 2 100 15
1 2 100 19
6 2 100 27
5 2 100 30
4 2 100 40
6 2 100 45
1 2 100 57
3 2 99 14
6 2 99 23
6 2 99 38
7 2 99 37
3 2 99 41
7 2 99 42
1 2 99 48
2 2 99 50
3 2 99 86
2 2 99 86
4 2 99 93
7 2 98 11
6 2 99 10
4 2 99 9
5 2 98 14
5 2 98 24
2 2 98 31
6 2 98 48
2 2 98 65
7 2 99 98
4 2 98 65
8 2 98 68
6 2 98 69
2 2 98 69
3 2 98 74
4 2 98 76
7 2 98 75
4 2 97 8
5 2 98 9
6 2 97 7
1 2 97 11
8 2 97 19
5 2 97 46
3 2 97 45
2 2 97 50
7 2 97 54
5 2 97 64
7 2 97 72
2 2 97 75
8 2 97 88
7 2 97 88
6 2 97 90
7 2 96 9
6 2 96 12
3 2 96 11
4 2 96 13
4 2 96 15
4 2 96 29
1 2 96 30
8 2 96 29
7 2 96 34
4 2 96 42
4 2 97 43
8 2 96 43
8 2 97 44
2 2 96 55
4 2 97 94
4 2 96 73
6 2 96 79
2 2 96 96
3 2 98 97
7 2 95 3
6 2 96 2
8 2 99 1
8 2 96 1
7 2 95 7
4 2 95 10
2 2 95 39
8 2 95 48
6 2 95 56
8 2 95 58
2 2 95 58
5 2 96 57
8 2 95 63
3 2 95 69
4 2 94 6
1 2 95 5
8 2 95 4
4 2 94 20
5 2 95 86
7 2 94 22
4 2 94 36
6 2 94 63
3 2 96 23
4 2 96 24
8 2 94 65
5 2 94 72
8 2 94 73
8 2 94 87
2 2 94 92
7 2 94 98
4 2 95 91
5 2 93 7
8 2 95 8
1 2 93 9
2 2 93 14
8 2 93 27
8 2 94 28
4 2 93 26
3 2 93 35
3 2 95 96
6 2 94 97
4 2 95 97
5 2 94 96
3 2 93 46
4 2 93 47
6 2 94 46
8 2 93 47
5 2 93 67
8 2 94 68
4 2 93 69
8 2 93 81
2 2 98 36
3 2 96 80
2 2 93 82
2 2 94 81
4 2 94 82
3 2 97 80
7 2 93 93
2 2 96 93
6 2 96 94
6 2 92 6
7 2 93 5
2 2 92 52
2 2 97 83
5 2 92 74
4 2 92 83
7 2 96 84
5 2 92 89
4 2 92 100
2 2 91 10
5 2 91 22
3 2 92 22
8 2 94 23
4 2 93 23
4 2 91 22
8 2 91 22
3 2 91 40
7 2 95 40
7 2 91 44
6 2 91 50
7 2 91 65
6 2 91 93
3 2 90 6
6 2 90 14
3 2 90 18
2 2 94 17
1 2 95 17
5 2 92 17
3 2 91 99
2 2 90 28
1 2 90 28
7 2 90 29
7 2 93 29
6 2 90 30
3 2 95 31
8 2 95 31
1 2 90 32
7 2 91 34
2 2 91 33
5 2 90 38
3 2 90 50
7 2 92 49
6 2 92 50
4 2 90 56
7 2 95 56
4 2 93 57
2 2 95 56
7 2 92 55
6 2 92 54
4 2 90 75
1 2 93 74
5 2 90 77
5 2 96 18
5 2 94 78
2 2 90 80
1 2 89 20
3 2 92 19
5 2 90 19
1 2 91 18
5 2 89 36
6 2 92 37
1 2 93 36
2 2 93 36
6 2 93 38
4 2 94 39
4 2 90 37
2 2 89 38
5 2 93 39
2 2 89 45
1 2 94 44
8 2 89 51
3 2 94 51
5 2 95 78
6 2 96 52
1 2 94 78
8 2 91 50
3 2 89 51
3 2 90 52
7 2 89 60
4 2 90 52
1 2 89 52
5 2 89 72
1 2 93 71
8 2 91 72
3 2 89 83
8 2 93 85
6 2 89 90
4 2 94 58
7 2 89 97
8 2 88 4
1 2 94 3
2 2 89 4
1 2 88 4
2 2 90 4
5 2 88 6
6 2 88 7
8 2 91 8
3 2 88 9
5 2 88 15
1 2 88 22
2 2 88 22
5 2 91 24
8 2 88 37
1 2 89 37
3 2 89 36
5 2 90 37
2 2 88 42
1 2 88 44
4 2 93 44
7 2 92 43
3 2 88 43
5 2 90 43
1 2 89 43
5 2 88 45
2 2 88 51
5 2 90 50
2 2 88 55
3 2 88 60
1 2 95 59
5 2 94 59
7 2 94 60
6 2 93 59
4 2 90 60
7 2 88 68
5 2 90 70
5 2 88 77
2 2 90 76
1 2 89 75
6 2 88 75
8 2 88 79
2 2 88 84
8 2 90 83
1 2 89 83
5 2 90 83
3 2 88 84
1 2 88 89
4 2 93 90
7 2 87 8
4 2 87 22
3 2 87 30
2 2 92 29
1 2 87 39
6 2 88 38
8 2 90 39
8 2 87 38
7 2 87 39
6 2 87 62
4 2 95 62
7 2 94 63
3 2 89 62
3 2 95 61
1 2 89 61
5 2 87 65
4 2 91 64
8 2 90 66
3 2 90 65
1 2 94 66
5 2 89 66
1 2 90 65
3 2 87 69
7 2 91 70
8 2 90 70
7 2 89 68
6 2 88 69
4 2 87 81
4 2 89 82
2 2 87 82
3 2 87 82
1 2 86 8
2 2 89 8
3 2 88 8
2 2 86 12
1 2 87 11
8 2 89 10
5 2 88 11
7 2 87 10
5 2 86 36
1 2 87 35
7 2 87 34
4 2 86 44
4 2 86 65
3 2 86 77
8 2 86 87
4 2 95 86
1 2 95 88
3 2 93 88
1 2 89 87
2 2 89 88
7 2 91 88
3 2 90 89
2 2 87 86
1 2 90 87
7 2 88 87
3 2 87 87
1 2 86 88
4 2 86 87
7 2 86 91
5 2 85 9
8 2 86 9
6 2 85 18
1 2 87 18
6 2 88 18
5 2 88 17
1 2 88 16
6 2 87 16
8 2 90 91
2 2 87 19
4 2 87 18
2 2 85 50
3 2 85 86
5 2 85 98
8 2 91 17
4 2 88 97
8 2 88 99
5 2 87 98
4 2 84 6
4 2 88 5
4 2 85 6
1 2 86 5
1 2 84 21
5 2 84 24
3 2 84 31
8 2 84 33
5 2 84 49
2 2 88 48
5 2 89 99
3 2 88 47
7 2 84 51
3 2 84 62
6 2 88 63
8 2 86 61
5 2 86 60
7 2 84 73
8 2 92 73
8 2 84 74
4 2 84 93
4 2 93 47
2 2 91 95
2 2 89 94
8 2 89 94
4 2 85 93
3 2 87 92
5 2 90 94
3 2 85 95
6 2 84 95
6 2 86 95
2 2 84 100
1 2 83 4
7 2 87 4
6 2 86 4
7 2 83 4
3 2 83 7
3 2 83 29
5 2 86 28
8 2 89 27
2 2 90 26
6 2 88 28
2 2 87 29
6 2 83 43
5 2 83 54
8 2 86 52
8 2 86 55
5 2 83 56
6 2 83 62
6 2 87 61
7 2 87 60
2 2 87 59
2 2 85 61
1 2 83 86
4 2 88 85
7 2 87 85
3 2 87 85
5 2 82 4
2 2 82 29
1 2 85 29
8 2 86 28
2 2 82 34
7 2 82 35
1 2 82 42
3 2 86 41
1 2 91 40
2 2 90 40
6 2 89 40
3 2 88 40
7 2 86 42
3 2 83 42
5 2 85 41
5 2 83 41
8 2 85 40
2 2 82 43
6 2 82 52
1 2 82 54
2 2 84 53
2 2 82 58
6 2 90 57
3 2 89 57
1 2 87 57
4 2 87 56
5 2 88 57
8 2 87 57
1 2 86 56
6 2 86 57
8 2 83 57
3 2 82 74
1 2 86 74
4 2 89 75
6 2 82 81
6 2 88 81
6 2 86 81
8 2 85 80
1 2 85 79
8 2 91 91
1 2 84 81
8 2 82 82
7 2 82 90
6 2 82 94
5 2 82 98
3 2 87 98
2 2 85 97
4 2 85 99
6 2 84 99
8 2 81 3
7 2 92 78
7 2 87 2
4 2 93 2
7 2 88 1
7 2 91 1
1 2 81 15
8 2 84 16
7 2 86 14
5 2 86 17
6 2 83 2
6 2 83 14
5 2 84 13
5 2 84 16
5 2 81 22
5 2 83 21
2 2 92 20
4 2 82 3
4 2 85 3
4 2 87 2
2 2 91 1
5 2 88 1
2 2 82 2
1 2 84 1
5 2 82 3
6 2 81 3
6 2 81 28
8 2 81 36
7 2 85 36
7 2 81 43
8 2 81 56
4 2 84 55
3 2 81 79
1 2 86 80
2 2 84 78
4 2 89 78
5 2 83 78
8 2 88 77
3 2 88 76
8 2 82 80
1 2 81 81
2 2 81 92
6 2 86 91
4 2 86 93
7 2 81 92
8 2 81 92
1 2 80 13
5 2 80 14
8 2 87 15
8 2 80 15
1 2 80 16
4 2 80 21
8 2 89 20
3 2 88 20
8 2 80 48
7 2 81 21
2 2 85 46
4 2 80 70
1 2 86 70
7 2 89 71
2 2 85 71
5 2 84 70
4 2 83 71
3 2 85 71
2 2 80 70
8 2 82 69
2 2 85 68
5 2 84 69
4 2 83 70
7 2 81 71
7 2 82 70
3 2 80 83
2 2 80 86
4 2 80 85
5 2 85 86
4 2 83 83
7 2 83 82
4 2 81 85
3 2 80 90
7 2 88 90
8 2 79 22
4 2 79 32
2 2 91 20
4 2 88 32
2 2 79 50
3 2 79 59
7 2 79 62
3 2 82 51
4 2 83 50
6 2 82 62
8 2 79 69
2 2 80 68
2 2 90 68
8 2 84 63
8 2 79 71
8 2 79 74
5 2 85 73
6 2 81 73
4 2 84 73
7 2 87 74
8 2 81 72
2 2 80 73
4 2 81 74
4 2 86 76
4 2 84 75
3 2 85 75
5 2 84 75
1 2 79 82
1 2 81 83
8 2 79 90
6 2 79 93
1 2 86 91
3 2 88 90
8 2 83 94
2 2 85 94
8 2 81 93
4 2 80 94
3 2 79 94
5 2 80 93
1 2 79 95
8 2 79 99
3 2 78 7
6 2 78 14
4 2 79 13
6 2 91 12
4 2 85 12
1 2 82 13
8 2 78 13
7 2 78 12
1 2 83 12
7 2 83 13
2 2 86 12
3 2 79 11
3 2 82 12
7 2 82 11
2 2 78 11
6 2 83 11
2 2 80 11
8 2 78 10
7 2 84 9
6 2 78 11
4 2 78 21
5 2 88 20
2 2 78 22
7 2 81 23
5 2 87 23
6 2 90 24
8 2 85 24
3 2 87 24
2 2 92 67
6 2 86 25
3 2 91 25
2 2 78 30
4 2 78 40
6 2 78 66
4 2 90 67
4 2 92 66
2 2 81 66
7 2 89 67
3 2 89 66
4 2 78 73
1 2 78 74
7 2 78 76
5 2 78 80
8 2 87 79
6 2 86 79
5 2 87 78
7 2 78 99
6 2 79 98
2 2 78 98
1 2 81 99
1 2 77 3
5 2 78 4
7 2 83 5
2 2 82 6
3 2 79 3
5 2 79 5
4 2 78 3
5 2 77 21
7 2 77 25
2 2 84 26
3 2 85 25
5 2 77 24
7 2 85 23
6 2 84 25
4 2 84 24
5 2 83 25
6 2 83 24
8 2 83 23
1 2 82 23
8 2 77 29
5 2 82 28
7 2 82 27
4 2 80 29
4 2 77 30
4 2 81 32
7 2 89 32
3 2 85 32
7 2 77 40
6 2 82 42
4 2 80 39
2 2 83 40
6 2 79 39
8 2 79 38
6 2 83 37
3 2 83 38
1 2 77 71
7 2 80 70
3 2 77 73
4 2 77 81
5 2 79 82
4 2 77 85
8 2 77 87
3 2 80 87
4 2 82 88
5 2 81 88
1 2 81 89
8 2 80 88
4 2 77 94
1 2 76 1
8 2 76 11
5 2 76 12
2 2 77 14
5 2 76 15
3 2 76 14
8 2 79 13
8 2 76 21
8 2 87 20
1 2 85 20
8 2 79 20
7 2 85 19
3 2 85 18
5 2 79 19
6 2 76 40
2 2 79 41
1 2 78 39
3 2 78 38
1 2 83 37
5 2 82 37
5 2 79 37
4 2 79 36
1 2 77 41
3 2 76 39
3 2 76 49
1 2 86 48
4 2 83 49
8 2 76 56
6 2 81 57
4 2 75 9
3 2 76 8
4 2 76 7
2 2 78 8
3 2 78 7
8 2 77 7
2 2 75 13
5 2 75 16
5 2 75 33
4 2 87 32
1 2 81 32
5 2 81 31
5 2 85 33
6 2 87 33
4 2 81 32
4 2 75 44
3 2 82 43
7 2 78 43
8 2 75 49
7 2 80 49
5 2 75 49
7 2 82 50
3 2 79 48
5 2 88 47
4 2 80 48
4 2 82 47
7 2 90 46
2 2 89 46
1 2 88 47
5 2 82 47
4 2 83 46
1 2 77 48
4 2 77 49
2 2 80 47
6 2 75 54
7 2 84 55
7 2 82 54
3 2 77 53
1 2 76 54
8 2 78 54
6 2 77 54
4 2 77 53
4 2 80 52
1 2 75 57
5 2 78 57
4 2 78 56
6 2 78 58
1 2 77 57
8 2 75 93
7 2 75 95
1 2 75 94
8 2 80 95
5 2 75 100
6 2 76 99
8 2 74 7
6 2 77 8
7 2 76 8
1 2 74 8
1 2 74 18
8 2 74 27
6 2 78 28
1 2 77 25
7 2 78 26
2 2 78 27
6 2 74 39
6 2 79 37
4 2 74 40
6 2 74 60
1 2 81 60
5 2 77 59
4 2 76 61
5 2 82 62
5 2 88 63
1 2 82 61
4 2 82 63
6 2 80 60
8 2 78 62
2 2 79 62
5 2 78 63
3 2 77 63
4 2 74 68
2 2 74 70
6 2 74 89
8 2 73 1
1 2 73 4
3 2 73 20
3 2 75 21
4 2 73 25
8 2 73 35
2 2 75 35
3 2 77 34
5 2 80 33
7 2 78 34
5 2 77 33
8 2 77 33
5 2 83 32
2 2 82 32
3 2 73 39
5 2 76 40
5 2 73 50
2 2 80 51
3 2 79 51
7 2 78 52
6 2 74 49
3 2 79 48
5 2 78 49
3 2 73 66
3 2 76 65
7 2 75 65
6 2 86 66
2 2 82 66
7 2 80 66
5 2 81 65
1 2 82 64
8 2 79 66
7 2 81 67
2 2 81 67
7 2 78 66
6 2 78 67
5 2 74 65
8 2 73 70
5 2 73 72
6 2 78 71
2 2 73 86
1 2 74 85
3 2 87 84
5 2 77 84
3 2 76 85
1 2 81 84
8 2 78 84
6 2 73 95
4 2 72 1
7 2 78 1
3 2 79 2
3 2 75 2
8 2 81 1
2 2 72 4
4 2 75 3
4 2 73 3
8 2 74 2
7 2 72 4
1 2 72 13
5 2 75 13
8 2 73 12
6 2 72 20
4 2 79 18
5 2 72 28
8 2 72 32
8 2 77 32
7 2 72 31
7 2 72 48
2 2 77 50
5 2 75 47
6 2 81 46
6 2 72 50
5 2 76 51
5 2 73 50
4 2 74 50
1 2 72 62
2 2 72 66
1 2 72 69
5 2 75 71
5 2 74 69
5 2 77 67
5 2 75 69
7 2 73 69
6 2 73 70
1 2 74 70
2 2 73 71
5 2 72 68
4 2 76 67
8 2 72 79
6 2 83 78
1 2 82 78
2 2 82 77
1 2 74 78
6 2 79 77
7 2 78 78
5 2 73 78
8 2 75 77
5 2 72 80
3 2 73 81
4 2 72 81
2 2 76 80
5 2 72 85
1 2 75 85
5 2 74 85
3 2 72 88
5 2 78 89
2 2 73 88
4 2 73 87
7 2 72 92
5 2 84 91
3 2 74 90
2 2 83 91
4 2 72 91
6 2 74 92
8 2 81 91
3 2 80 91
5 2 80 92
2 2 72 90
8 2 77 89
6 2 72 97
3 2 79 96
4 2 80 98
3 2 77 98
1 2 76 98
4 2 72 99
1 2 71 24
4 2 71 33
8 2 71 54
8 2 74 53
2 2 77 52
2 2 71 55
6 2 71 56
7 2 71 74
3 2 73 74
6 2 75 73
3 2 76 74
5 2 79 75
4 2 71 79
3 2 73 78
7 2 71 84
8 2 74 83
7 2 72 84
7 2 74 83
3 2 71 90
4 2 77 92
4 2 75 91
1 2 74 91
2 2 75 90
3 2 75 89
8 2 71 99
3 2 70 6
6 2 80 5
7 2 70 10
1 2 76 9
3 2 73 8
4 2 70 16
7 2 71 17
2 2 70 38
2 2 78 36
2 2 76 38
3 2 71 36
7 2 75 38
3 2 73 35
5 2 73 36
7 2 74 36
7 2 70 36
2 2 75 35
6 2 74 35
5 2 70 39
6 2 71 40
1 2 81 41
1 2 74 41
4 2 71 41
4 2 70 42
4 2 72 41
2 2 73 42
7 2 74 43
2 2 80 44
5 2 79 44
5 2 76 45
8 2 75 45
2 2 74 44
3 2 81 45
5 2 74 43
3 2 70 43
4 2 76 42
5 2 70 67
8 2 71 68
6 2 73 67
2 2 70 80
7 2 73 79
4 2 74 78
7 2 70 82
6 2 71 81
5 2 70 81
8 2 70 84
7 2 70 91
6 2 72 90
5 2 73 89
7 2 71 91
6 2 70 93
7 2 70 94
6 2 70 99
3 2 70 99
6 2 69 14
7 2 69 16
8 2 86 16
3 2 85 17
2 2 83 16
7 2 74 17
8 2 72 16
1 2 77 17
7 2 76 17
7 2 75 15
5 2 69 15
4 2 69 14
3 2 69 16
6 2 69 19
5 2 80 20
5 2 78 19
4 2 77 20
2 2 76 20
2 2 73 18
1 2 69 21
7 2 69 28
8 2 72 28
1 2 70 28
3 2 76 29
7 2 75 29
8 2 79 30
2 2 69 44
1 2 69 53
3 2 71 52
1 2 70 53
4 2 72 52
5 2 70 53
6 2 70 53
2 2 69 53
5 2 69 54
1 2 69 59
3 2 77 58
1 2 73 59
4 2 78 60
5 2 75 60
5 2 71 59
4 2 81 58
8 2 80 59
5 2 69 65
8 2 69 66
6 2 69 65
8 2 71 64
1 2 75 63
4 2 74 64
7 2 69 73
6 2 76 72
6 2 75 73
5 2 74 72
4 2 73 72
5 2 71 75
5 2 70 73
5 2 69 90
1 2 71 89
8 2 69 100
7 2 68 17
4 2 72 18
5 2 74 17
1 2 73 17
6 2 68 31
8 2 68 39
1 2 68 40
5 2 70 39
7 2 69 40
7 2 68 45
1 2 69 44
3 2 68 64
8 2 73 63
3 2 77 62
8 2 71 64
4 2 70 63
4 2 73 62
8 2 68 81
8 2 72 82
2 2 77 83
1 2 69 82
8 2 68 85
3 2 70 86
2 2 73 87
5 2 69 86
1 2 68 84
3 2 68 83
7 2 68 95
4 2 78 97
4 2 77 95
2 2 70 96
8 2 67 2
2 2 76 1
4 2 75 1
2 2 67 14
4 2 71 15
5 2 70 15
3 2 73 14
6 2 72 14
1 2 71 14
4 2 69 14
3 2 67 13
2 2 67 22
6 2 67 26
4 2 73 26
1 2 75 26
2 2 67 26
2 2 72 25
2 2 77 24
4 2 76 24
1 2 76 25
6 2 72 24
4 2 67 29
3 2 68 28
2 2 67 44
2 2 70 43
8 2 68 43
5 2 67 43
8 2 67 48
4 2 67 49
1 2 67 64
2 2 67 65
7 2 67 72
7 2 67 85
1 2 69 85
2 2 67 95
3 2 67 95
4 2 67 95
8 2 74 96
6 2 66 19
1 2 68 18
8 2 71 17
1 2 66 20
6 2 66 22
3 2 66 26
7 2 66 34
5 2 69 32
8 2 76 31
3 2 75 31
3 2 70 31
4 2 74 30
6 2 69 31
2 2 68 32
3 2 68 33
8 2 68 34
1 2 66 37
1 2 68 38
7 2 66 43
2 2 66 48
7 2 70 47
8 2 69 47
5 2 66 52
2 2 72 51
5 2 71 51
3 2 66 58
5 2 74 57
4 2 73 58
8 2 66 60
6 2 76 61
3 2 66 78
2 2 72 77
8 2 71 79
7 2 70 76
5 2 67 80
6 2 66 82
5 2 74 81
8 2 67 83
2 2 66 81
7 2 69 81
6 2 66 98
4 2 67 98
4 2 65 23
7 2 65 26
1 2 71 27
4 2 70 25
5 2 70 27
3 2 67 25
1 2 68 26
8 2 67 26
7 2 65 39
6 2 65 42
4 2 65 55
4 2 70 56
6 2 66 56
2 2 65 73
8 2 70 74
1 2 71 74
8 2 65 74
1 2 73 75
8 2 72 76
2 2 75 76
1 2 74 75
3 2 74 77
6 2 72 76
5 2 68 75
7 2 65 83
2 2 65 84
8 2 71 85
1 2 66 83
2 2 65 87
1 2 67 88
5 2 72 87
5 2 66 88
6 2 66 88
1 2 65 87
8 2 64 5
2 2 64 5
7 2 72 7
5 2 73 7
2 2 72 7
8 2 73 6
7 2 70 6
1 2 66 7
3 2 71 6
4 2 69 8
6 2 73 9
4 2 67 7
1 2 68 6
3 2 71 6
5 2 65 7
4 2 66 7
1 2 68 8
3 2 69 9
1 2 64 28
6 2 67 29
6 2 65 28
8 2 64 34
5 2 66 33
2 2 64 37
7 2 64 96
5 2 71 96
2 2 63 7
7 2 64 8
6 2 64 7
1 2 63 16
1 2 65 17
8 2 63 43
3 2 63 46
5 2 69 45
4 2 68 45
1 2 67 45
4 2 66 45
6 2 67 44
3 2 66 44
4 2 64 46
2 2 69 48
7 2 64 45
5 2 64 44
8 2 63 45
8 2 63 54
4 2 66 54
2 2 63 58
5 2 66 58
6 2 73 60
3 2 72 60
4 2 65 58
2 2 65 59
5 2 63 58
8 2 63 62
8 2 63 67
1 2 64 66
7 2 63 77
7 2 69 77
1 2 63 85
8 2 65 85
8 2 63 98
4 2 71 99
7 2 66 97
5 2 78 26
4 2 63 100
8 2 66 99
8 2 64 100
3 2 62 1
4 2 64 1
5 2 68 2
7 2 62 2
2 2 69 1
5 2 62 1
4 2 65 2
3 2 68 4
2 2 71 4
1 2 62 5
2 2 62 10
1 2 64 11
4 2 72 11
5 2 71 12
3 2 71 12
6 2 67 11
4 2 62 10
3 2 65 11
7 2 66 12
5 2 62 13
8 2 66 14
7 2 63 12
6 2 62 14
6 2 62 32
6 2 66 31
7 2 73 30
2 2 70 30
5 2 62 43
1 2 62 45
6 2 63 44
4 2 62 44
6 2 62 46
4 2 62 50
1 2 66 50
7 2 65 49
1 2 63 49
1 2 68 50
3 2 63 48
6 2 62 51
4 2 66 50
7 2 68 51
1 2 69 52
7 2 63 50
8 2 63 50
6 2 68 51
3 2 67 52
4 2 63 53
6 2 62 61
7 2 68 60
8 2 73 61
1 2 72 61
6 2 69 61
2 2 62 60
8 2 68 61
2 2 70 62
4 2 64 61
3 2 62 67
2 2 68 68
1 2 68 68
4 2 63 68
3 2 62 77
2 2 65 76
4 2 67 75
2 2 66 77
1 2 70 78
4 2 64 77
1 2 73 76
7 2 72 76
6 2 67 76
6 2 68 77
8 2 63 77
2 2 67 78
5 2 66 78
7 2 67 80
4 2 62 79
6 2 65 80
5 2 62 92
3 2 64 91
4 2 67 90
5 2 65 90
8 2 64 92
4 2 68 94
5 2 69 93
3 2 63 92
8 2 62 93
3 2 63 93
6 2 62 96
5 2 61 16
4 2 65 16
7 2 66 15
3 2 61 18
6 2 62 18
3 2 67 17
6 2 70 18
6 2 66 17
7 2 62 17
2 2 64 18
6 2 63 16
2 2 62 16
1 2 62 16
5 2 62 17
2 2 61 18
3 2 61 24
6 2 74 23
1 2 66 23
8 2 70 22
3 2 68 22
4 2 69 21
3 2 65 23
4 2 68 22
8 2 62 24
6 2 61 28
3 2 65 29
3 2 61 50
5 2 61 56
1 2 61 63
5 2 66 63
4 2 66 64
7 2 66 65
1 2 61 68
7 2 67 67
6 2 61 67
8 2 63 68
3 2 63 69
6 2 62 68
5 2 61 68
3 2 66 69
7 2 61 77
3 2 67 76
4 2 61 94
5 2 61 99
7 2 62 100
6 2 60 10
7 2 68 10
1 2 68 10
6 2 63 9
8 2 64 10
8 2 62 9
1 2 60 13
8 2 60 18
3 2 62 18
8 2 61 18
7 2 60 18
4 2 60 35
3 2 60 43
1 2 61 42
7 2 60 53
8 2 64 52
6 2 61 53
7 2 60 57
4 2 60 62
7 2 60 90
1 2 71 89
4 2 70 89
8 2 65 90
4 2 60 92
6 2 59 5
5 2 62 6
7 2 62 5
4 2 61 7
8 2 59 8
3 2 61 7
3 2 59 9
2 2 59 9
1 2 59 10
4 2 59 11
8 2 60 12
6 2 59 12
7 2 59 21
8 2 64 22
5 2 64 21
5 2 60 20
1 2 59 28
8 2 64 29
8 2 61 28
2 2 59 62
3 2 61 61
7 2 59 64
2 2 59 73
3 2 65 73
8 2 64 73
1 2 59 83
4 2 64 84
1 2 59 90
6 2 63 89
1 2 62 90
4 2 67 89
8 2 62 89
8 2 59 90
8 2 59 97
2 2 59 96
3 2 64 97
5 2 60 95
6 2 63 97
1 2 58 2
3 2 59 96
1 2 69 95
1 2 62 94
8 2 58 6
7 2 58 8
3 2 58 15
2 2 58 20
3 2 58 21
1 2 64 2
6 2 64 22
6 2 61 22
5 2 58 41
7 2 58 44
8 2 60 45
2 2 58 51
4 2 61 52
4 2 60 50
5 2 61 51
1 2 59 50
7 2 59 50
2 2 60 51
7 2 58 59
3 2 58 74
4 2 60 74
8 2 62 75
6 2 65 2
5 2 61 73
2 2 60 73
8 2 59 75
3 2 59 74
7 2 58 75
3 2 64 75
2 2 58 77
3 2 59 78
2 2 58 83
2 2 60 75
1 2 62 82
4 2 63 76
2 2 62 77
6 2 59 84
5 2 58 82
8 2 58 84
5 2 61 85
8 2 61 86
5 2 58 86
7 2 58 88
6 2 58 91
6 2 57 1
3 2 57 3
2 2 57 9
7 2 57 12
4 2 61 11
1 2 57 24
2 2 59 24
1 2 64 25
7 2 65 25
8 2 65 27
8 2 60 23
6 2 57 25
4 2 57 28
2 2 57 28
3 2 57 41
6 2 61 40
2 2 58 42
8 2 57 61
1 2 63 60
4 2 57 62
4 2 57 72
8 2 57 82
1 2 57 82
8 2 57 91
1 2 57 94
3 2 57 93
7 2 57 94
4 2 56 16
1 2 58 15
6 2 64 14
1 2 56 18
4 2 58 19
6 2 56 29
4 2 58 90
7 2 56 36
4 2 63 34
3 2 62 34
7 2 66 34
7 2 69 33
5 2 60 30
2 2 60 29
4 2 59 29
6 2 59 30
7 2 58 35
6 2 61 34
8 2 71 37
4 2 70 38
5 2 57 35
2 2 59 35
7 2 62 36
4 2 62 37
3 2 62 38
4 2 58 35
4 2 60 35
5 2 59 36
1 2 57 35
3 2 56 39
7 2 61 38
8 2 63 37
6 2 58 40
3 2 61 39
5 2 60 40
5 2 56 62
5 2 56 64
3 2 60 64
3 2 56 66
4 2 60 67
4 2 62 68
6 2 59 68
8 2 62 69
1 2 61 70
6 2 58 66
8 2 59 65
3 2 61 64
1 2 60 65
8 2 56 76
6 2 56 84
4 2 56 84
4 2 55 26
4 2 58 24
5 2 56 25
3 2 55 47
5 2 60 48
3 2 59 46
4 2 58 47
2 2 57 47
1 2 57 48
6 2 55 54
1 2 55 60
1 2 55 64
7 2 55 65
7 2 57 66
7 2 55 93
1 2 55 100
1 2 60 99
7 2 55 100
3 2 54 1
7 2 64 2
4 2 54 5
4 2 58 7
4 2 56 6
6 2 63 5
1 2 64 4
8 2 62 5
7 2 54 16
7 2 58 15
5 2 59 15
2 2 57 15
7 2 56 15
6 2 54 16
3 2 55 17
5 2 54 18
1 2 54 23
8 2 54 30
3 2 59 32
5 2 60 32
4 2 54 39
7 2 54 40
2 2 54 47
7 2 59 33
8 2 55 46
3 2 57 47
2 2 58 45
8 2 58 47
6 2 57 45
6 2 54 51
6 2 58 49
4 2 56 50
3 2 57 50
4 2 54 61
3 2 54 61
3 2 54 77
7 2 53 1
3 2 55 60
1 2 53 2
6 2 53 7
1 2 54 9
2 2 56 6
3 2 57 5
5 2 59 10
5 2 57 4
3 2 64 3
3 2 53 9
2 2 59 9
4 2 58 9
5 2 53 15
3 2 53 18
5 2 53 32
8 2 58 32
6 2 53 47
1 2 57 46
4 2 60 47
7 2 53 48
6 2 53 48
4 2 53 54
3 2 53 55
2 2 56 56
6 2 59 56
4 2 65 4
7 2 61 57
6 2 57 57
7 2 60 55
1 2 56 55
1 2 56 58
3 2 53 65
8 2 53 65
5 2 53 64
3 2 64 59
6 2 60 65
6 2 53 84
7 2 53 85
5 2 56 85
5 2 60 86
2 2 59 86
7 2 58 86
4 2 53 89
2 2 64 88
6 2 60 88
3 2 55 89
7 2 54 88
3 2 53 93
8 2 53 96
2 2 54 97
7 2 66 63
1 2 58 96
5 2 60 95
2 2 52 10
2 2 54 11
6 2 55 10
8 2 54 10
3 2 54 10
5 2 60 10
7 2 52 9
1 2 56 8
6 2 52 21
3 2 52 35
8 2 59 34
3 2 55 34
4 2 55 36
5 2 62 37
2 2 54 35
7 2 54 34
1 2 54 33
5 2 52 40
4 2 57 40
2 2 56 40
5 2 70 42
8 2 55 39
7 2 53 39
7 2 52 46
5 2 52 52
6 2 58 52
7 2 53 52
8 2 53 53
4 2 52 53
2 2 52 53
1 2 52 58
6 2 54 59
4 2 62 59
1 2 52 77
3 2 55 77
6 2 52 77
8 2 52 78
2 2 57 78
1 2 58 79
1 2 52 88
5 2 54 87
7 2 51 2
3 2 51 3
1 2 51 22
8 2 51 21
7 2 51 22
4 2 51 25
8 2 58 26
5 2 55 27
8 2 51 30
3 2 55 30
1 2 51 29
4 2 53 28
3 2 54 27
1 2 52 28
8 2 51 46
4 2 53 46
1 2 51 51
1 2 51 53
6 2 51 54
8 2 65 55
6 2 65 56
6 2 51 60
4 2 51 61
5 2 51 61
7 2 54 59
1 2 51 67
7 2 60 68
8 2 55 66
2 2 55 67
8 2 51 71
3 2 65 72
7 2 59 72
5 2 54 72
2 2 67 71
8 2 57 73
5 2 53 70
4 2 54 69
6 2 53 73
6 2 51 78
6 2 51 88
6 2 59 89
5 2 51 92
4 2 51 100
6 2 50 3
3 2 50 30
8 2 55 31
3 2 52 32
2 2 50 38
1 2 51 38
8 2 52 40
8 2 51 38
7 2 50 38
4 2 50 56
2 2 53 55
5 2 50 75
3 2 55 74
5 2 51 75
3 2 50 81
3 2 64 80
4 2 50 82
7 2 60 81
6 2 59 82
4 2 55 82
1 2 52 82
1 2 59 81
7 2 66 80
4 2 64 80
5 2 63 80
4 2 57 83
5 2 52 83
4 2 52 82
4 2 50 93
2 2 51 93
2 2 50 97
8 2 68 97
1 2 58 97
2 2 61 98
5 2 49 8
2 2 53 7
5 2 52 97
6 2 53 7
7 2 54 6
8 2 50 7
5 2 51 7
3 2 49 7
6 2 49 9
7 2 49 19
7 2 49 26
5 2 52 26
7 2 52 27
2 2 51 26
6 2 49 31
3 2 49 40
7 2 49 40
4 2 52 41
6 2 51 41
1 2 61 41
1 2 51 42
6 2 60 41
2 2 59 41
6 2 53 42
1 2 49 41
3 2 50 40
7 2 49 41
3 2 49 42
1 2 55 43
6 2 54 43
5 2 53 43
3 2 49 48
2 2 49 47
4 2 50 46
8 2 49 54
2 2 49 56
8 2 49 56
1 2 49 57
8 2 51 58
2 2 49 56
6 2 49 57
8 2 49 76
1 2 49 82
2 2 49 90
3 2 52 89
6 2 49 93
3 2 49 96
4 2 50 95
5 2 49 97
1 2 50 97
8 2 51 96
7 2 48 1
5 2 49 1
2 2 48 1
7 2 56 2
2 2 48 7
7 2 48 6
3 2 53 5
2 2 53 4
1 2 55 3
8 2 54 3
7 2 54 4
1 2 52 4
4 2 49 7
1 2 48 8
2 2 48 26
3 2 57 25
3 2 48 27
7 2 49 28
8 2 49 29
5 2 59 30
8 2 58 31
2 2 48 37
4 2 51 36
7 2 48 76
2 2 48 79
3 2 56 78
8 2 55 79
6 2 54 78
5 2 53 80
2 2 49 80
6 2 48 83
7 2 51 82
2 2 52 83
3 2 48 82
8 2 48 81
1 2 48 95
6 2 61 94
6 2 47 8
7 2 47 8
6 2 47 33
8 2 53 34
3 2 47 57
8 2 47 65
3 2 47 86
5 2 50 85
5 2 47 95
8 2 47 96
5 2 55 97
7 2 46 22
6 2 46 26
7 2 46 27
6 2 48 26
2 2 46 52
3 2 50 51
2 2 50 50
3 2 46 59
2 2 48 58
8 2 46 69
3 2 54 22
8 2 53 68
2 2 53 70
2 2 46 76
6 2 49 68
5 2 46 83
7 2 46 98
6 2 55 75
5 2 54 76
7 2 49 98
1 2 61 98
3 2 53 99
8 2 52 99
3 2 49 99
7 2 45 16
7 2 52 99
1 2 50 15
4 2 49 16
7 2 47 15
1 2 45 29
1 2 45 37
2 2 48 15
7 2 48 14
6 2 49 12
4 2 50 11
2 2 57 13
8 2 50 36
1 2 49 37
6 2 45 38
5 2 47 38
4 2 45 45
1 2 49 45
1 2 46 44
7 2 47 44
8 2 53 44
2 2 52 44
1 2 45 45
8 2 45 47
4 2 46 48
7 2 45 49
5 2 49 51
7 2 47 51
8 2 49 50
6 2 45 48
2 2 45 74
4 2 54 75
8 2 45 81
7 2 58 80
7 2 45 81
7 2 46 80
4 2 45 83
4 2 45 93
3 2 51 94
8 2 49 92
2 2 54 92
3 2 50 91
4 2 48 93
4 2 47 91
8 2 53 90
2 2 46 94
4 2 46 93
5 2 45 94
6 2 45 100
6 2 55 99
1 2 47 99
1 2 44 4
4 2 44 8
2 2 44 15
1 2 44 18
1 2 51 20
5 2 50 20
7 2 59 21
5 2 46 17
1 2 50 18
5 2 54 19
6 2 49 18
3 2 47 17
6 2 44 20
4 2 48 21
5 2 52 22
8 2 49 20
1 2 44 26
2 2 48 27
8 2 45 25
3 2 55 24
4 2 52 24
6 2 53 24
3 2 52 25
7 2 47 24
6 2 49 23
5 2 44 25
4 2 45 26
4 2 50 25
1 2 47 27
7 2 45 25
3 2 44 32
1 2 54 32
7 2 53 33
2 2 52 32
6 2 52 31
4 2 51 32
8 2 47 32
6 2 53 33
3 2 52 34
8 2 48 31
1 2 50 32
5 2 51 33
3 2 48 33
6 2 44 34
5 2 44 39
3 2 44 38
2 2 44 37
5 2 44 51
5 2 48 50
6 2 47 51
3 2 46 51
7 2 46 50
8 2 52 49
2 2 50 49
1 2 45 51
7 2 44 55
2 2 45 56
7 2 57 55
4 2 44 54
4 2 49 53
4 2 44 62
2 2 51 63
4 2 50 63
5 2 48 61
8 2 49 63
3 2 47 64
1 2 49 62
3 2 46 62
8 2 48 61
7 2 47 61
2 2 47 63
3 2 44 75
4 2 53 74
2 2 52 74
8 2 48 75
1 2 47 74
3 2 47 73
4 2 47 72
5 2 61 14
4 2 46 76
7 2 44 85
2 2 52 86
3 2 44 88
2 2 47 89
7 2 47 89
7 2 44 92
4 2 43 13
5 2 43 22
5 2 43 32
8 2 43 48
5 2 45 49
2 2 43 50
3 2 43 51
3 2 43 78
7 2 49 78
4 2 48 78
5 2 49 77
2 2 42 2
8 2 47 1
1 2 42 10
1 2 43 9
8 2 45 8
3 2 42 12
3 2 48 13
3 2 52 12
8 2 59 13
1 2 48 13
7 2 42 22
7 2 48 21
2 2 47 22
3 2 45 23
5 2 42 27
3 2 42 31
5 2 48 30
7 2 47 30
2 2 46 30
3 2 46 31
3 2 42 53
8 2 42 60
6 2 48 61
7 2 43 62
8 2 45 61
3 2 42 73
7 2 49 72
7 2 47 73
7 2 42 93
4 2 41 5
6 2 42 4
5 2 45 5
1 2 41 4
5 2 50 5
8 2 41 16
3 2 41 16
5 2 49 16
6 2 48 16
7 2 48 17
8 2 41 27
5 2 41 36
5 2 41 64
2 2 41 64
8 2 42 63
3 2 41 71
6 2 47 70
7 2 46 70
3 2 50 70
8 2 52 71
1 2 50 69
4 2 49 70
2 2 51 71
2 2 55 69
3 2 54 71
2 2 49 70
1 2 54 68
4 2 57 71
6 2 56 72
7 2 55 72
8 2 47 69
4 2 51 69
6 2 50 70
1 2 49 70
8 2 52 70
6 2 52 71
7 2 49 70
6 2 49 69
3 2 49 70
1 2 46 69
4 2 45 70
3 2 41 77
1 2 44 78
6 2 43 76
4 2 43 77
1 2 41 79
6 2 42 78
1 2 45 80
5 2 42 79
4 2 44 80
3 2 44 81
3 2 45 81
1 2 43 82
8 2 43 82
5 2 42 83
3 2 49 84
6 2 42 82
3 2 41 85
3 2 51 85
2 2 44 84
2 2 40 2
4 2 40 1
5 2 42 2
7 2 40 17
4 2 43 17
1 2 40 24
2 2 43 24
3 2 40 24
8 2 40 29
2 2 40 31
8 2 40 36
8 2 43 35
1 2 40 39
4 2 48 39
4 2 43 37
4 2 41 39
7 2 46 39
5 2 45 40
8 2 40 48
2 2 40 58
7 2 46 58
4 2 43 56
3 2 42 56
4 2 41 58
8 2 42 57
5 2 41 58
2 2 52 57
3 2 49 57
7 2 40 62
2 2 44 61
2 2 56 60
3 2 40 68
5 2 43 67
8 2 40 71
2 2 40 72
2 2 47 73
8 2 40 79
1 2 40 79
1 2 42 79
7 2 40 90
8 2 43 89
8 2 41 89
2 2 47 90
5 2 40 90
1 2 44 90
1 2 40 93
8 2 41 92
8 2 39 1
8 2 39 9
5 2 53 67
3 2 41 10
4 2 39 80
4 2 39 90
3 2 42 90
8 2 46 89
4 2 47 88
1 2 41 90
3 2 40 91
1 2 41 92
6 2 39 99
2 2 52 99
5 2 41 100
5 2 39 99
5 2 46 98
3 2 53 10
7 2 48 99
4 2 42 98
1 2 39 100
2 2 38 4
7 2 39 4
5 2 41 98
3 2 45 2
4 2 44 2
2 2 39 4
6 2 39 5
3 2 38 14
3 2 38 40
3 2 43 41
1 2 42 42
5 2 46 43
4 2 39 41
6 2 38 51
8 2 38 63
2 2 45 65
3 2 46 65
5 2 45 65
3 2 38 66
6 2 46 67
6 2 43 66
3 2 46 66
4 2 46 67
3 2 38 72
6 2 42 74
8 2 43 74
7 2 41 74
5 2 39 74
7 2 46 74
6 2 38 85
8 2 41 87
1 2 42 86
2 2 43 87
2 2 45 88
2 2 38 85
5 2 45 85
1 2 47 97
4 2 41 85
8 2 40 86
5 2 39 86
6 2 38 91
6 2 40 91
8 2 39 91
7 2 38 98
1 2 41 84
6 2 40 97
4 2 42 98
5 2 37 3
4 2 37 12
3 2 42 11
4 2 47 12
4 2 37 17
5 2 41 17
7 2 40 12
7 2 43 11
8 2 37 17
1 2 37 24
4 2 48 15
1 2 47 15
5 2 43 24
7 2 37 25
4 2 37 28
5 2 37 39
7 2 37 40
1 2 37 41
2 2 45 42
7 2 44 42
1 2 39 28
7 2 39 43
5 2 42 27
6 2 41 28
6 2 40 43
4 2 37 47
6 2 40 46
3 2 39 45
5 2 37 49
8 2 37 54
5 2 43 55
2 2 38 45
6 2 41 45
4 2 38 55
4 2 40 54
4 2 42 53
8 2 39 55
5 2 43 54
3 2 38 55
8 2 42 54
1 2 39 55
7 2 39 54
6 2 40 53
7 2 37 61
7 2 42 61
3 2 39 61
1 2 48 53
2 2 38 60
5 2 37 62
2 2 41 63
1 2 41 64
5 2 37 64
3 2 48 60
2 2 39 65
2 2 44 66
7 2 39 64
3 2 40 65
3 2 45 66
4 2 41 65
8 2 41 66
7 2 37 65
5 2 38 66
3 2 37 70
4 2 38 69
7 2 37 71
3 2 37 86
2 2 37 91
1 2 37 90
1 2 39 65
5 2 39 90
3 2 38 89
4 2 40 88
6 2 37 92
2 2 41 91
4 2 37 100
5 2 43 88
7 2 39 99
8 2 37 99
5 2 36 11
3 2 37 10
4 2 42 99
2 2 42 98
1 2 44 11
5 2 44 97
7 2 53 12
6 2 36 11
6 2 41 11
6 2 47 12
5 2 48 13
8 2 46 13
2 2 41 12
2 2 47 13
8 2 36 14
4 2 43 13
6 2 36 15
5 2 38 16
2 2 36 39
6 2 36 68
4 2 49 67
4 2 36 77
2 2 39 75
8 2 36 83
4 2 36 89
7 2 40 91
2 2 39 88
7 2 36 92
2 2 38 93
7 2 38 93
7 2 43 94
6 2 43 95
5 2 35 13
7 2 35 14
5 2 36 96
3 2 42 13
6 2 39 95
7 2 42 95
7 2 40 96
1 2 35 18
3 2 35 31
2 2 39 30
1 2 40 96
4 2 40 95
7 2 41 96
6 2 42 97
4 2 35 54
7 2 36 53
7 2 44 31
6 2 44 32
7 2 46 33
7 2 44 52
6 2 42 52
1 2 35 56
3 2 40 56
5 2 35 58
7 2 44 58
4 2 42 57
8 2 46 33
3 2 45 34
4 2 35 75
7 2 35 76
5 2 40 74
4 2 39 75
8 2 37 75
2 2 37 77
7 2 34 1
6 2 34 23
8 2 34 27
7 2 36 26
1 2 39 25
7 2 38 25
4 2 37 25
3 2 34 37
7 2 36 36
5 2 48 58
7 2 42 35
1 2 35 36
5 2 34 45
3 2 43 46
6 2 38 44
5 2 34 56
1 2 34 87
3 2 33 16
8 2 33 19
5 2 36 19
1 2 49 37
6 2 42 19
3 2 43 20
8 2 41 19
4 2 34 19
2 2 43 21
3 2 42 22
4 2 43 22
7 2 49 23
8 2 42 23
3 2 40 19
1 2 42 20
6 2 39 18
5 2 41 20
4 2 33 25
2 2 35 26
3 2 34 27
2 2 39 27
6 2 33 39
5 2 33 41
8 2 41 21
3 2 38 42
8 2 33 49
2 2 39 49
3 2 42 42
7 2 41 43
4 2 40 43
2 2 40 48
5 2 38 49
6 2 37 49
5 2 34 48
7 2 33 56
5 2 33 56
1 2 34 55
8 2 35 48
4 2 33 69
1 2 33 76
5 2 37 75
7 2 35 54
5 2 35 76
6 2 33 83
3 2 33 83
8 2 33 82
4 2 34 76
5 2 37 77
4 2 37 78
7 2 37 80
7 2 33 84
7 2 33 90
3 2 33 94
1 2 36 80
5 2 34 92
7 2 32 4
5 2 33 94
1 2 35 93
4 2 35 95
2 2 37 96
3 2 37 97
8 2 34 93
4 2 32 7
8 2 37 8
2 2 39 5
4 2 41 7
8 2 35 7
5 2 42 7
8 2 36 7
3 2 32 8
3 2 35 7
8 2 38 6
2 2 32 8
7 2 32 8
5 2 32 9
3 2 32 32
8 2 39 32
6 2 37 32
1 2 41 32
7 2 39 31
7 2 37 32
1 2 34 31
1 2 51 30
8 2 42 30
4 2 49 29
4 2 42 30
2 2 37 32
2 2 32 60
1 2 46 59
3 2 32 60
6 2 42 59
8 2 32 65
4 2 35 66
1 2 32 97
8 2 31 24
5 2 31 32
4 2 41 34
8 2 31 40
6 2 31 57
7 2 37 58
7 2 35 57
7 2 33 56
2 2 32 57
1 2 32 57
4 2 31 68
6 2 38 67
1 2 37 67
6 2 35 68
7 2 39 67
3 2 35 67
1 2 34 67
4 2 33 67
4 2 31 70
7 2 41 69
4 2 34 69
8 2 33 69
8 2 31 69
3 2 37 69
7 2 31 79
5 2 33 79
3 2 41 80
5 2 37 80
3 2 31 81
6 2 32 80
5 2 31 94
7 2 33 93
6 2 31 97
1 2 35 98
3 2 36 100
1 2 33 97
3 2 36 98
3 2 34 97
5 2 42 96
2 2 33 96
7 2 32 96
1 2 36 95
1 2 31 99
8 2 30 5
3 2 36 4
1 2 48 29
2 2 47 30
3 2 42 5
5 2 36 5
1 2 30 12
2 2 30 14
4 2 32 12
4 2 34 14
4 2 30 13
2 2 38 13
6 2 37 14
7 2 36 15
8 2 32 14
5 2 30 14
7 2 30 22
7 2 30 30
4 2 33 31
8 2 30 61
4 2 34 60
3 2 34 59
5 2 32 62
7 2 44 64
4 2 36 63
6 2 31 61
4 2 38 62
4 2 30 66
8 2 31 66
5 2 30 70
5 2 30 90
8 2 31 89
5 2 46 88
2 2 45 89
6 2 34 88
5 2 35 87
8 2 30 90
3 2 30 96
1 2 30 95
5 2 30 97
5 2 29 1
1 2 39 1
3 2 34 1
6 2 32 1
7 2 36 2
3 2 35 2
5 2 29 11
2 2 30 11
7 2 35 2
5 2 37 2
7 2 29 13
6 2 29 12
8 2 29 15
8 2 29 25
3 2 34 24
1 2 29 40
8 2 32 39
1 2 29 45
4 2 35 16
8 2 38 17
6 2 35 17
5 2 34 17
8 2 29 76
2 2 31 78
7 2 35 77
1 2 35 76
2 2 34 76
6 2 29 78
4 2 29 91
6 2 33 91
8 2 29 95
3 2 39 44
3 2 29 100
6 2 28 5
1 2 31 5
2 2 28 9
3 2 28 11
8 2 36 11
5 2 36 12
4 2 32 10
7 2 30 10
1 2 28 17
3 2 28 22
6 2 28 24
5 2 28 25
2 2 28 49
3 2 30 49
3 2 33 51
3 2 31 48
8 2 37 47
5 2 34 49
2 2 30 49
7 2 32 49
3 2 31 50
8 2 36 51
6 2 28 58
1 2 33 59
8 2 36 59
5 2 30 58
3 2 32 58
4 2 32 59
6 2 32 60
1 2 31 61
8 2 39 94
8 2 30 57
4 2 29 57
2 2 29 59
3 2 28 83
8 2 31 84
4 2 31 84
1 2 28 91
8 2 29 91
5 2 28 90
7 2 34 88
3 2 28 89
4 2 28 88
7 2 27 4
2 2 37 5
6 2 36 5
5 2 34 3
1 2 34 5
2 2 36 6
2 2 32 3
8 2 36 2
7 2 35 3
1 2 27 14
4 2 27 16
5 2 30 17
7 2 32 18
6 2 42 61
2 2 28 18
4 2 30 17
5 2 27 18
7 2 27 21
3 2 33 20
7 2 36 20
7 2 27 25
1 2 27 24
6 2 29 25
2 2 29 25
8 2 29 25
3 2 27 37
5 2 28 24
2 2 27 24
4 2 27 44
4 2 34 43
5 2 35 44
7 2 32 38
3 2 27 58
4 2 27 63
8 2 28 62
4 2 33 61
7 2 31 61
5 2 33 60
7 2 32 61
2 2 27 64
2 2 34 43
7 2 32 65
2 2 27 67
6 2 30 66
1 2 27 70
1 2 42 71
8 2 34 69
1 2 32 70
8 2 27 78
8 2 27 91
8 2 26 11
6 2 27 93
6 2 26 12
2 2 26 17
5 2 26 25
1 2 26 36
5 2 31 35
8 2 37 36
5 2 39 34
2 2 34 36
6 2 33 34
5 2 32 36
2 2 30 35
5 2 28 10
3 2 27 11
6 2 27 35
8 2 32 34
4 2 26 11
1 2 26 38
4 2 27 37
5 2 26 47
6 2 32 35
2 2 39 34
8 2 38 34
6 2 26 51
5 2 33 51
2 2 31 52
6 2 32 51
2 2 29 51
3 2 27 50
5 2 30 51
1 2 33 52
2 2 35 54
8 2 34 54
6 2 34 55
4 2 33 55
1 2 26 53
3 2 33 53
4 2 26 57
1 2 34 56
2 2 26 60
4 2 26 67
6 2 27 69
3 2 26 69
8 2 26 70
3 2 28 71
8 2 29 71
5 2 36 72
3 2 26 72
8 2 38 73
2 2 38 72
1 2 28 74
4 2 26 76
2 2 32 75
2 2 30 76
6 2 26 84
2 2 39 84
7 2 34 84
5 2 28 84
3 2 40 46
4 2 34 85
2 2 32 83
3 2 26 89
7 2 26 91
7 2 27 84
6 2 28 91
3 2 26 95
6 2 25 3
6 2 33 3
4 2 29 3
6 2 33 85
1 2 31 3
7 2 25 6
3 2 25 12
8 2 25 38
2 2 25 40
6 2 35 40
8 2 29 2
7 2 30 1
2 2 34 2
4 2 33 3
4 2 29 41
1 2 31 41
2 2 28 2
3 2 25 42
3 2 25 56
4 2 25 58
5 2 25 61
6 2 28 61
6 2 25 61
2 2 25 63
4 2 32 41
8 2 32 41
2 2 31 41
6 2 32 63
3 2 32 63
3 2 25 83
8 2 28 82
2 2 28 81
4 2 25 92
7 2 28 93
8 2 27 94
1 2 25 96
5 2 36 41
7 2 25 96
8 2 24 5
4 2 26 4
4 2 24 5
1 2 24 4
6 2 24 10
4 2 27 97
2 2 34 9
4 2 34 97
3 2 33 97
7 2 25 10
1 2 25 10
1 2 24 14
7 2 24 18
2 2 32 97
3 2 32 97
6 2 28 20
7 2 24 22
8 2 34 22
5 2 35 19
3 2 32 22
2 2 28 22
6 2 31 21
2 2 31 23
7 2 28 22
6 2 24 25
7 2 24 25
1 2 32 26
2 2 32 27
2 2 26 27
7 2 30 28
2 2 32 28
5 2 30 28
3 2 24 30
8 2 25 29
4 2 30 30
6 2 28 30
5 2 28 31
7 2 27 28
7 2 29 27
5 2 24 29
1 2 28 28
8 2 26 28
5 2 25 30
3 2 25 31
7 2 31 32
1 2 24 31
8 2 30 32
7 2 24 31
4 2 24 44
6 2 34 44
2 2 36 45
5 2 37 46
6 2 35 43
6 2 24 55
8 2 32 57
6 2 30 55
5 2 28 55
7 2 24 57
6 2 24 63
6 2 39 23
5 2 27 63
8 2 30 62
7 2 29 63
2 2 26 63
4 2 24 66
4 2 24 79
8 2 32 65
2 2 27 79
2 2 25 78
8 2 24 97
3 2 23 4
6 2 27 6
1 2 23 20
2 2 33 79
5 2 30 19
1 2 29 20
8 2 27 20
1 2 26 21
3 2 24 18
4 2 24 21
8 2 23 54
2 2 23 66
8 2 25 66
1 2 23 66
4 2 30 53
3 2 23 69
2 2 23 86
3 2 31 67
7 2 23 90
6 2 26 89
6 2 22 19
7 2 26 20
3 2 22 20
8 2 26 19
2 2 22 19
3 2 27 20
6 2 35 19
1 2 34 19
8 2 22 22
5 2 22 23
3 2 22 29
8 2 22 30
5 2 29 31
3 2 23 29
6 2 22 40
6 2 29 42
8 2 26 41
2 2 26 42
7 2 27 42
8 2 32 43
2 2 23 39
7 2 23 39
6 2 26 39
5 2 22 45
2 2 22 60
3 2 23 59
4 2 22 68
7 2 22 72
3 2 22 78
7 2 22 88
3 2 26 87
5 2 23 89
4 2 22 94
7 2 22 93
3 2 23 92
5 2 22 96
6 2 23 95
6 2 21 2
8 2 21 13
1 2 21 15
3 2 21 18
4 2 21 28
1 2 21 39
3 2 22 38
1 2 24 39
4 2 25 40
6 2 21 47
3 2 30 46
4 2 29 48
8 2 30 49
7 2 29 49
3 2 23 96
6 2 31 46
7 2 21 53
6 2 29 54
3 2 31 55
2 2 28 55
6 2 23 52
3 2 26 51
5 2 24 51
8 2 21 61
7 2 22 61
3 2 24 62
1 2 31 63
8 2 21 82
1 2 31 81
2 2 32 80
8 2 32 97
1 2 32 98
7 2 31 80
6 2 24 82
6 2 26 81
5 2 21 81
8 2 21 92
5 2 21 91
4 2 23 92
6 2 22 80
4 2 25 93
5 2 24 81
1 2 24 93
3 2 27 94
3 2 21 92
8 2 20 9
8 2 21 9
8 2 28 79
8 2 23 8
7 2 20 13
6 2 23 10
8 2 23 12
6 2 20 16
1 2 20 18
1 2 20 27
5 2 21 26
4 2 21 25
1 2 20 36
2 2 24 14
8 2 21 37
6 2 25 36
8 2 20 35
2 2 24 34
6 2 26 35
4 2 20 38
8 2 25 39
6 2 26 40
5 2 20 46
2 2 32 34
1 2 20 49
6 2 26 48
5 2 22 48
2 2 20 70
6 2 20 69
5 2 26 70
2 2 20 89
4 2 19 1
1 2 19 4
3 2 39 4
8 2 22 3
7 2 19 17
6 2 20 17
8 2 24 16
7 2 19 27
6 2 19 32
4 2 23 32
5 2 19 33
1 2 30 34
4 2 31 34
6 2 30 34
1 2 43 33
7 2 30 35
8 2 29 33
5 2 21 33
2 2 25 33
7 2 21 33
4 2 19 54
7 2 24 55
5 2 21 53
8 2 19 62
4 2 19 62
7 2 31 63
5 2 19 63
2 2 29 65
2 2 27 64
6 2 25 64
8 2 19 67
6 2 21 66
7 2 19 70
7 2 21 70
4 2 19 70
5 2 19 71
6 2 24 71
2 2 19 77
3 2 24 76
1 2 19 81
3 2 26 81
1 2 19 88
4 2 25 87
7 2 32 88
5 2 24 87
7 2 23 88
4 2 19 92
6 2 19 98
7 2 28 99
2 2 23 99
2 2 29 98
6 2 18 50
1 2 24 50
7 2 19 49
5 2 20 48
4 2 19 49
6 2 19 49
3 2 19 50
5 2 23 51
7 2 18 51
7 2 19 51
8 2 18 59
4 2 18 74
2 2 29 73
4 2 18 96
2 2 35 95
2 2 18 100
5 2 23 99
3 2 24 99
7 2 22 99
1 2 17 16
2 2 18 15
7 2 17 35
7 2 17 40
4 2 17 51
7 2 17 52
8 2 17 63
4 2 21 64
2 2 17 72
1 2 23 72
6 2 21 71
2 2 25 71
1 2 22 71
4 2 21 71
4 2 30 71
7 2 29 72
3 2 23 71
2 2 22 71
6 2 34 72
2 2 17 74
2 2 21 73
1 2 17 75
8 2 28 76
3 2 26 76
4 2 19 77
3 2 19 78
8 2 17 77
5 2 22 76
7 2 17 82
8 2 18 81
4 2 22 80
6 2 17 85
6 2 26 84
1 2 22 84
5 2 25 85
4 2 22 86
7 2 17 95
5 2 17 95
2 2 20 95
3 2 19 95
6 2 35 94
6 2 17 97
2 2 16 27
4 2 23 28
5 2 27 29
7 2 26 29
8 2 25 29
4 2 24 29
1 2 16 27
5 2 26 26
2 2 21 26
2 2 16 31
5 2 20 30
1 2 21 29
7 2 23 29
5 2 22 28
6 2 20 29
4 2 16 33
1 2 22 33
1 2 16 94
2 2 16 96
6 2 16 100
2 2 15 10
2 2 30 9
8 2 15 10
7 2 16 10
5 2 25 9
8 2 33 8
3 2 18 12
5 2 15 24
1 2 22 23
6 2 21 22
1 2 20 23
3 2 18 25
2 2 20 25
2 2 15 44
3 2 32 43
8 2 15 56
3 2 20 56
2 2 15 65
5 2 23 64
3 2 15 68
8 2 21 68
6 2 20 68
4 2 21 68
8 2 20 68
5 2 21 67
2 2 15 80
1 2 15 96
6 2 15 95
5 2 17 96
6 2 16 96
7 2 16 97
3 2 26 97
1 2 25 98
4 2 24 98
6 2 20 97
2 2 15 97
6 2 20 98
5 2 23 97
8 2 20 99
4 2 17 98
8 2 14 25
4 2 15 23
7 2 14 31
4 2 14 31
1 2 31 30
1 2 19 30
3 2 14 34
5 2 20 34
7 2 28 35
5 2 14 34
2 2 16 36
2 2 23 37
3 2 14 41
7 2 21 41
3 2 16 41
2 2 17 42
6 2 22 43
7 2 14 44
1 2 21 45
6 2 27 45
2 2 14 53
7 2 16 44
8 2 25 45
2 2 24 45
8 2 24 45
3 2 24 46
1 2 26 43
2 2 25 43
1 2 18 54
1 2 14 55
7 2 19 55
5 2 18 56
4 2 14 56
1 2 14 57
7 2 17 59
5 2 26 60
6 2 16 59
2 2 26 59
6 2 22 58
8 2 24 59
2 2 21 58
4 2 18 58
7 2 14 60
1 2 16 59
7 2 19 60
5 2 14 79
2 2 19 78
6 2 21 79
5 2 18 78
6 2 18 80
1 2 17 80
3 2 14 89
4 2 18 90
3 2 18 89
5 2 18 91
3 2 19 92
2 2 18 92
8 2 14 88
5 2 14 96
1 2 14 97
7 2 14 99
8 2 26 99
6 2 18 99
8 2 17 100
6 2 13 2
3 2 15 2
5 2 18 4
2 2 23 5
4 2 22 5
3 2 17 1
3 2 13 9
6 2 20 8
6 2 29 7
6 2 27 8
7 2 21 6
6 2 22 5
4 2 24 7
4 2 23 5
2 2 13 8
6 2 24 9
4 2 19 7
8 2 22 7
6 2 21 7
3 2 28 8
2 2 18 7
7 2 19 7
3 2 17 7
8 2 17 7
3 2 22 8
8 2 13 12
8 2 21 11
3 2 17 11
1 2 18 12
2 2 13 20
4 2 16 22
8 2 13 19
5 2 18 18
8 2 18 17
4 2 17 17
1 2 17 18
4 2 16 18
3 2 21 19
8 2 29 47
2 2 16 18
6 2 16 17
8 2 14 18
3 2 13 21
1 2 13 26
8 2 13 26
6 2 15 22
4 2 18 27
7 2 16 23
6 2 17 24
8 2 13 44
3 2 13 46
2 2 19 21
7 2 23 20
2 2 22 20
2 2 27 46
5 2 26 47
6 2 20 20
7 2 13 47
8 2 28 20
6 2 17 47
3 2 13 51
7 2 13 53
1 2 13 83
7 2 20 83
4 2 17 46
6 2 13 98
1 2 12 15
8 2 18 14
5 2 14 16
8 2 14 15
7 2 21 82
3 2 13 15
4 2 13 15
5 2 12 16
7 2 12 15
6 2 12 21
2 2 16 22
3 2 16 22
3 2 12 31
7 2 13 30
8 2 14 29
2 2 12 39
5 2 17 21
8 2 13 39
1 2 20 38
4 2 17 38
2 2 20 39
7 2 18 37
7 2 12 41
3 2 21 37
1 2 14 42
7 2 13 42
1 2 12 42
2 2 12 43
6 2 12 43
7 2 12 62
6 2 12 71
8 2 14 61
5 2 14 71
2 2 14 72
3 2 13 61
3 2 14 61
3 2 13 72
5 2 21 70
7 2 12 71
2 2 18 70
1 2 12 73
6 2 16 73
1 2 15 73
4 2 14 73
1 2 15 73
1 2 12 84
3 2 18 83
4 2 12 86
5 2 35 86
2 2 19 87
7 2 12 91
1 2 13 85
8 2 14 91
1 2 15 90
8 2 16 89
4 2 15 89
2 2 16 88
1 2 12 90
8 2 16 91
3 2 15 92
4 2 14 91
6 2 11 16
6 2 13 16
8 2 16 16
1 2 15 16
3 2 15 17
2 2 14 16
7 2 12 16
1 2 11 18
6 2 13 19
3 2 12 18
5 2 11 24
5 2 15 23
5 2 11 30
4 2 11 71
6 2 11 76
7 2 17 84
3 2 16 75
7 2 11 80
1 2 28 79
8 2 27 79
2 2 20 81
4 2 11 81
7 2 11 84
7 2 11 93
6 2 11 98
4 2 11 99
3 2 17 99
3 2 10 10
1 2 11 10
6 2 11 9
3 2 10 12
2 2 10 26
7 2 15 25
5 2 14 26
1 2 10 29
2 2 16 29
7 2 21 28
2 2 18 28
4 2 18 28
6 2 10 37
7 2 22 36
1 2 16 36
6 2 16 38
3 2 11 36
4 2 13 37
6 2 17 36
6 2 15 37
4 2 22 37
3 2 15 39
3 2 10 40
3 2 10 64
6 2 22 64
7 2 19 64
6 2 16 63
6 2 14 64
7 2 31 75
3 2 15 63
3 2 10 80
6 2 10 79
3 2 10 78
2 2 10 78
8 2 10 91
3 2 10 99
4 2 13 90
2 2 12 90
7 2 9 11
8 2 13 10
5 2 9 12
2 2 9 16
6 2 9 18
5 2 9 20
2 2 11 20
7 2 10 19
4 2 9 40
6 2 11 39
7 2 9 42
4 2 11 43
2 2 13 98
1 2 9 59
3 2 13 59
1 2 9 80
6 2 17 81
3 2 19 42
1 2 17 82
7 2 9 84
7 2 9 97
8 2 9 100
8 2 8 13
4 2 11 13
6 2 13 13
6 2 18 14
1 2 21 13
5 2 17 14
2 2 15 12
5 2 10 13
8 2 8 19
8 2 8 32
8 2 13 32
6 2 12 32
1 2 16 33
2 2 16 32
8 2 14 33
4 2 22 82
2 2 9 32
8 2 8 42
8 2 12 43
4 2 11 43
3 2 12 42
1 2 25 35
7 2 8 63
5 2 8 63
8 2 25 41
3 2 24 42
3 2 8 72
5 2 8 82
6 2 8 83
6 2 8 97
5 2 8 100
4 2 7 3
2 2 21 4
1 2 21 5
6 2 20 4
5 2 24 3
8 2 17 4
8 2 15 2
5 2 15 3
2 2 16 4
4 2 14 4
6 2 11 1
2 2 7 3
2 2 9 2
6 2 12 3
5 2 27 2
3 2 13 2
6 2 8 2
4 2 11 3
2 2 10 1
3 2 7 5
3 2 14 6
5 2 17 6
4 2 17 7
2 2 16 7
1 2 7 18
5 2 7 26
2 2 11 27
6 2 10 27
2 2 12 28
5 2 7 29
4 2 9 28
2 2 7 30
5 2 7 80
8 2 16 79
6 2 10 80
7 2 7 83
6 2 16 85
2 2 7 88
1 2 13 88
6 2 7 88
5 2 10 90
3 2 9 87
4 2 8 87
7 2 25 87
2 2 33 64
4 2 33 86
1 2 9 86
5 2 9 88
1 2 8 89
3 2 6 7
7 2 9 6
2 2 13 6
8 2 6 8
5 2 6 18
2 2 11 17
8 2 6 22
4 2 11 21
8 2 6 24
4 2 6 28
3 2 6 32
5 2 7 31
5 2 6 37
1 2 20 36
5 2 12 36
3 2 14 36
3 2 12 35
8 2 10 36
7 2 11 35
1 2 9 37
8 2 9 39
3 2 10 39
3 2 6 44
8 2 10 45
6 2 32 86
7 2 31 86
6 2 10 46
2 2 9 47
2 2 14 47
1 2 14 46
5 2 9 47
7 2 10 47
3 2 15 47
6 2 14 47
1 2 11 47
7 2 13 46
2 2 13 46
5 2 11 48
3 2 17 47
8 2 10 48
7 2 9 48
3 2 8 47
7 2 9 46
6 2 13 47
1 2 7 43
3 2 9 44
1 2 8 44
3 2 7 45
6 2 7 47
7 2 8 44
1 2 14 47
3 2 7 47
2 2 7 48
1 2 16 45
8 2 11 47
6 2 6 50
1 2 16 51
1 2 14 50
7 2 13 51
8 2 9 50
8 2 6 61
8 2 11 51
7 2 6 77
4 2 16 76
2 2 6 81
2 2 14 81
3 2 5 2
7 2 9 3
5 2 5 2
1 2 11 3
8 2 5 15
6 2 17 14
3 2 11 14
2 2 10 14
7 2 9 16
7 2 7 15
8 2 5 29
3 2 11 27
1 2 11 26
6 2 5 38
2 2 9 39
4 2 7 37
8 2 5 48
8 2 7 49
5 2 16 49
7 2 5 50
1 2 5 77
4 2 19 62
1 2 13 76
1 2 14 77
6 2 14 77
6 2 16 76
6 2 17 76
6 2 12 76
5 2 14 75
2 2 13 75
7 2 11 76
4 2 11 77
2 2 13 78
8 2 11 76
6 2 12 77
7 2 11 76
2 2 10 76
4 2 5 90
7 2 5 97
1 2 9 99
1 2 7 98
6 2 4 6
2 2 4 5
3 2 8 6
5 2 9 7
2 2 18 8
4 2 8 8
8 2 4 12
2 2 5 12
6 2 8 12
1 2 5 12
4 2 7 12
6 2 4 22
5 2 5 22
6 2 4 28
8 2 4 36
3 2 10 35
2 2 8 36
8 2 7 37
6 2 6 35
1 2 4 35
3 2 15 34
5 2 5 34
4 2 5 34
4 2 5 36
3 2 6 36
3 2 4 54
3 2 19 53
2 2 27 52
3 2 17 54
8 2 17 54
6 2 15 53
3 2 26 52
6 2 19 75
3 2 25 74
4 2 14 53
5 2 7 55
1 2 10 54
3 2 12 55
1 2 7 54
6 2 12 54
4 2 9 54
8 2 7 53
2 2 11 52
5 2 10 52
2 2 6 54
3 2 8 54
8 2 7 54
5 2 4 54
3 2 4 58
7 2 5 58
3 2 6 55
3 2 4 60
7 2 4 73
5 2 16 73
4 2 4 80
5 2 4 88
8 2 5 87
6 2 17 86
2 2 7 86
5 2 9 85
3 2 4 98
5 2 8 97
5 2 5 98
3 2 3 4
7 2 4 5
7 2 3 29
4 2 3 35
4 2 3 46
2 2 3 63
4 2 6 63
4 2 16 64
7 2 20 65
4 2 20 66
3 2 18 65
1 2 15 64
8 2 17 65
6 2 16 65
4 2 7 62
1 2 3 63
2 2 3 68
5 2 15 67
4 2 15 69
7 2 15 70
4 2 14 70
6 2 12 66
3 2 3 72
8 2 5 71
1 2 9 70
4 2 6 70
1 2 6 71
1 2 11 70
8 2 6 70
6 2 5 71
8 2 3 76
1 2 3 85
2 2 3 86
6 2 3 87
5 2 2 6
6 2 6 7
1 2 5 7
4 2 2 7
3 2 2 15
5 2 5 15
2 2 8 14
3 2 9 15
6 2 3 13
5 2 2 24
4 2 5 25
8 2 2 36
7 2 2 37
6 2 2 55
4 2 5 56
7 2 4 54
7 2 2 75
4 2 2 76
5 2 10 77
5 2 8 77
7 2 2 85
3 2 3 84
2 2 11 85
8 2 15 84
8 2 13 84
6 2 12 84
3 2 12 85
4 2 6 85
7 2 5 85
4 2 7 84
5 2 2 84
7 2 20 74
2 2 4 85
5 2 2 89
8 2 4 89
4 2 4 88
6 2 3 89
7 2 2 93
6 2 9 92
1 2 12 91
1 2 1 3
8 2 3 3
5 2 4 3
1 2 2 3
8 2 5 2
7 2 6 1
8 2 1 2
2 2 4 1
2 2 2 2
1 2 1 8
8 2 1 14
6 2 4 13
7 2 4 12
4 2 2 13
3 2 3 14
3 2 2 12
7 2 1 19
6 2 5 17
7 2 4 17
8 2 1 21
8 2 13 20
1 2 12 21
2 2 10 21
5 2 9 20
4 2 9 21
4 2 1 23
1 2 3 24
7 2 5 26
7 2 3 25
6 2 2 25
3 2 3 25
3 2 7 24
4 2 21 83
2 2 6 24
5 2 7 24
3 2 8 23
6 2 3 26
8 2 6 25
3 2 1 27
1 2 1 30
8 2 1 29
8 2 7 23
5 2 1 41
1 2 8 30
6 2 8 40
4 2 7 30
7 2 7 31
4 2 1 46
4 2 1 49
3 2 4 40
1 2 4 50
4 2 3 41
2 2 3 50
8 2 2 41
3 2 7 41
2 2 2 41
5 2 1 54
4 2 2 54
5 2 5 48
2 2 1 53
2 2 4 52
1 2 3 52
6 2 1 58
3 2 6 55
8 2 1 70
6 2 1 74
1 2 1 76
8 2 1 78
8 2 8 79
7 2 1 87
3 2 2 88
1 2 1 89
2 2 27 57
6 3 34 59
2 3 32 87
7 3 30 1
1 2 29 1
6 3 28 59
3 3 28 95
5 3 28 95
3 3 27 60
2 3 27 68
8 3 27 87
6 3 26 72
1 3 25 52
7 3 25 67
4 3 24 20
5 3 23 58
5 3 23 95
3 3 22 46
7 2 21 46
3 3 22 92
1 3 23 93
4 3 21 60
7 2 20 60
5 3 20 5
8 3 20 86
6 3 19 21
5 3 19 82
3 3 19 93
4 3 18 1
7 3 18 45
5 3 18 45
3 3 18 46
5 2 17 46
2 3 18 62
6 3 18 67
1 2 18 67
3 3 22 68
2 3 18 94
3 2 22 94
7 3 18 96
4 3 18 96
3 3 17 40
4 2 16 40
6 3 17 44
7 3 17 80
7 3 17 86
3 3 16 30
4 3 16 31
1 3 16 56
5 2 19 56
3 3 16 56
3 3 16 99
1 3 15 69
7 3 15 68
2 2 16 68
3 2 21 67
7 3 14 6
8 3 14 29
8 3 14 35
6 3 14 92
3 2 13 92
5 3 13 11
4 3 16 12
4 3 13 17
8 3 13 26
3 3 20 26
5 3 16 26
7 3 13 26
6 3 13 27
1 3 13 37
3 3 13 73
4 3 13 86
3 2 13 86
1 2 12 87
4 3 12 97
2 3 11 29
4 3 11 31
4 3 11 41
4 3 10 2
1 3 10 17
3 3 10 40
2 3 10 89
4 3 10 91
1 2 15 92
2 3 9 7
7 3 9 22
6 3 9 30
3 3 9 44
8 3 16 43
5 3 9 49
1 2 10 49
6 2 8 49
5 3 9 55
8 3 9 63
5 2 13 63
4 3 9 84
3 3 9 84
6 3 8 3
8 3 8 16
5 3 8 36
6 3 8 97
8 3 7 14
3 3 14 15
6 3 7 19
4 3 7 32
3 2 7 32
8 2 7 31
2 3 7 42
3 2 6 42
8 3 7 57
7 3 11 56
2 3 6 10
1 2 9 9
7 3 6 67
7 3 6 79
5 3 5 4
3 3 9 5
4 3 5 16
8 2 4 17
6 3 5 44
1 2 5 43
4 3 5 49
4 3 4 46
6 2 3 47
8 2 6 46
1 2 5 46
3 2 13 45
2 3 3 15
3 3 3 26
7 3 3 37
5 3 3 42
1 3 3 48
8 2 6 49
4 3 3 52
5 3 20 52
4 3 3 59
2 2 7 58
3 2 4 58
5 2 8 58
3 2 11 58
8 2 10 58
7 2 6 57
2 2 4 57
6 2 4 56
6 2 2 60
2 2 3 59
3 2 4 59
3 2 5 60
5 2 6 61
5 2 8 62
3 3 8 60
7 3 5 57
3 2 4 57
5 3 2 31
7 2 7 31
2 3 2 34
5 2 3 33
7 2 2 33
5 3 2 49
7 2 3 50
5 3 2 59
4 2 2 59
7 2 2 60
8 2 5 60
5 2 5 61
1 3 2 71
6 2 3 71
6 3 6 72
2 3 25 73
2 3 22 72
5 3 2 77
3 3 1 1
5 3 1 96
7 2 11 98
7 2 9 95
6 2 11 95
5 2 6 95
1 3 1 99
4 2 2 98
7 2 1 98
5 4 23 9
1 4 23 65
2 4 23 94
5 2 22 94
7 4 19 53
6 4 18 1
6 4 18 48
6 4 17 6
1 4 17 83
6 4 16 64
8 4 15 59
6 4 14 55
2 2 13 55
1 4 13 6
2 4 13 52
1 4 12 21
7 2 15 20
4 3 16 20
7 4 16 20
5 4 12 40
7 4 12 42
2 4 12 80
8 4 11 24
1 2 10 24
3 4 9 2
7 4 9 8
3 4 9 20
6 2 14 20
4 4 9 23
6 2 9 23
2 4 9 49
2 4 9 54
8 4 9 54
6 4 9 63
7 4 9 80
3 2 9 81
6 2 9 81
5 2 8 81
7 2 13 81
3 4 10 82
3 4 8 35
2 4 8 66
1 2 7 67
7 4 15 68
5 2 14 68
6 2 14 69
2 4 8 99
4 4 8 100
1 4 7 14
3 4 7 81
2 2 6 81
8 4 6 5
2 4 9 4
8 4 6 46
7 2 5 46
5 2 4 46
4 4 6 59
6 4 6 76
5 2 8 75
1 2 8 74
7 2 7 75
5 4 20 74
8 4 15 73
5 4 6 84
1 4 4 74
1 4 4 85
3 4 3 16
6 2 4 18
4 2 5 18
7 4 3 22
2 2 4 23
5 2 3 23
2 2 2 22
3 2 3 21
1 2 2 22
3 2 12 23
1 3 5 21
1 4 3 31
4 4 3 37
5 4 1 11
5 4 1 54
6 4 1 78
3 2 2 78
8 2 1 78
1 2 11 79
3 3 5 80
8 2 6 80
5 2 7 79
8 4 1 83
7 2 7 82
4 5 20 9
8 2 20 9
5 5 19 9
1 5 16 66
7 5 14 62
8 5 14 88
5 5 13 48
2 5 12 66
2 5 11 68
5 2 12 67
7 2 11 67
5 5 10 29
4 5 8 10
7 5 8 12
4 2 7 13
5 5 8 73
2 5 8 81
4 5 5 13
8 2 4 13
7 2 3 13
6 5 5 43
8 2 4 43
6 5 5 56
3 3 5 57
2 2 5 57
3 5 4 16
8 5 4 40
2 5 4 47
1 5 4 49
8 5 4 80
2 5 3 26
6 5 3 61
4 4 11 65
4 4 7 64
1 3 7 63
3 2 18 64
5 2 17 65
8 2 16 65
3 2 15 65
6 5 2 75
8 2 3 76
7 5 2 98
3 4 2 98
4 3 3 99
3 6 12 83
6 6 12 86
7 6 10 32
5 6 9 9
4 6 9 19
5 2 11 20
1 2 11 19
3 6 6 70
5 2 5 70
4 6 5 23
5 2 4 25
4 6 4 5
2 2 4 5
1 6 4 10
6 2 3 12
2 5 5 11
3 2 4 11
8 6 4 31
2 6 5 33
4 2 5 34
1 2 4 33
2 2 4 32
5 2 5 34
7 6 4 48
4 6 4 72
1 2 3 73
6 2 3 74
3 2 4 74
7 2 4 74
6 6 4 90
2 2 3 90
3 2 4 91
1 6 2 67
3 2 5 67
3 3 3 69
7 2 3 70
4 3 2 67
3 2 1 67
8 7 13 94
4 2 11 95
6 3 11 95
6 5 16 93
7 2 15 93
1 7 9 33
6 7 7 79
7 7 5 23
5 7 5 42
8 7 3 65
4 2 3 64
7 7 8 64
2 2 7 64
6 2 6 64
6 8 5 36
5 2 10 37
3 8 4 28
6 2 3 30
7 8 3 89
3 2 2 89
6 2 2 91
5 2 8 88
2 9 8 10
7 2 8 9
5 9 5 1
3 9 5 57
7 10 5 19
4 10 1 93
8 2 8 94
3 2 3 92
6 2 6 93
1 2 6 95
2 2 5 95
3 2 3 95
5 2 1 93
2 2 6 94
2 4 10 92
2 4 2 93
8 2 2 92
3 13 5 26
8 2 6 26
2 2 5 27
1 2 4 27
7 2 3 27
1 2 2 27
5 2 2 27
6 2 1 28
7 2 2 27
4 13 4 60
3 14 6 3
7 14 2 6
5 2 4 6
6 16 3 83
1 17 2 76
3 2 1 77
6 20 9 37
1 21 6 72
7 2 5 72
5 2 8 72
6 21 5 86
4 2 9 85
4 24 10 33
1 27 1 53
7 2 17 52
5 2 14 52
8 2 13 52
1 2 10 52
8 2 9 52
5 2 3 57
6 2 3 58
7 2 2 54
3 2 1 54
7 2 5 57
3 2 3 54
3 2 4 53
2 2 5 52
6 2 10 52
6 3 4 53
7 2 4 52
1 2 4 51
3 2 5 51
5 2 4 52
8 3 1 55
8 4 2 56
1 2 2 56
5 3 25 1
