5689
1545
4 2 999 7
3 2 997 5
4 2 994 1
4 2 994 3
5 2 992 1
5 2 992 5
4 2 990 1
3 2 990 3
5 2 990 7
5 2 990 9
3 2 989 1
3 2 988 9
5 2 986 1
4 2 982 3
4 2 980 1
5 2 979 5
4 2 979 9
4 2 978 5
5 2 977 3
5 2 976 5
3 2 973 5
3 2 971 3
4 2 970 5
3 2 970 9
5 2 968 1
5 2 968 7
4 2 967 7
5 2 965 5
3 2 965 9
3 2 964 7
4 2 963 1
3 2 962 1
4 2 961 1
3 2 960 9
4 2 959 3
4 2 959 7
3 2 958 7
5 2 957 1
3 2 955 7
3 2 953 5
5 2 953 9
3 2 951 7
4 2 950 7
3 2 949 1
5 2 949 7
4 2 948 7
3 2 946 1
4 2 945 7
5 2 943 3
4 2 942 3
5 2 940 1
4 2 939 1
4 2 938 3
3 2 936 5
3 2 936 7
5 2 935 5
5 2 935 9
3 2 934 9
4 2 933 9
4 2 932 1
5 2 931 1
4 2 931 5
5 2 930 3
4 2 929 1
5 2 929 5
3 2 928 9
4 2 927 3
4 2 927 9
3 2 926 1
3 2 926 3
5 2 925 1
3 2 924 1
5 2 923 1
4 2 922 3
4 2 922 5
3 2 921 3
5 2 920 1
5 2 920 3
4 2 919 9
3 2 918 3
4 2 918 5
4 2 917 3
3 2 917 5
5 2 916 3
3 2 910 7
5 2 908 3
5 2 908 5
4 2 908 9
3 2 907 3
5 2 907 7
5 2 907 9
4 2 904 5
5 2 903 5
3 2 902 5
4 2 901 5
3 2 900 1
5 2 900 5
5 2 900 9
5 2 899 3
3 2 897 3
5 2 896 1
3 2 895 5
4 2 895 9
4 2 893 7
3 2 892 7
3 2 891 3
4 2 890 3
5 2 890 5
4 2 889 5
3 2 889 7
5 2 888 9
4 2 886 9
5 2 885 5
3 2 885 9
5 2 883 3
4 2 881 1
5 2 879 9
5 2 878 1
4 2 876 7
3 2 872 7
5 2 870 1
3 2 870 3
3 2 869 5
3 2 869 9
3 2 865 9
4 2 864 3
5 2 858 3
5 2 858 5
5 2 858 7
4 2 857 5
4 2 857 9
5 2 856 9
4 2 855 7
5 2 853 1
5 2 853 5
5 2 850 1
3 2 849 1
3 2 847 5
3 2 845 9
4 2 844 9
3 2 842 9
3 2 841 3
5 2 841 9
3 2 838 3
5 2 838 5
3 2 835 5
5 2 835 7
4 2 833 7
3 2 831 5
3 2 828 3
4 2 827 1
5 2 827 9
3 2 826 9
4 2 824 3
3 2 823 9
3 2 820 3
3 2 820 5
3 2 819 1
4 2 819 3
3 2 817 5
4 2 816 5
3 2 815 7
5 2 814 1
4 2 814 9
3 2 813 1
5 2 813 9
5 2 812 1
3 2 809 5
3 2 808 7
5 2 806 9
3 2 805 9
3 2 804 1
4 2 803 1
3 2 803 7
4 2 802 7
3 2 802 9
4 2 801 9
4 2 800 5
5 2 800 9
5 2 799 5
3 2 799 9
4 2 797 5
4 2 796 1
4 2 794 3
3 2 793 1
3 2 793 3
4 2 793 7
5 2 792 1
5 2 792 3
5 2 790 5
4 2 789 7
5 2 788 1
4 2 788 5
3 2 787 7
3 2 786 3
3 2 786 9
3 2 785 5
5 2 784 3
5 2 784 5
3 2 782 7
3 2 781 3
5 2 779 1
5 2 779 5
5 2 778 3
4 2 778 5
4 2 777 9
5 2 776 1
5 2 776 7
5 2 776 9
4 2 775 7
5 2 773 1
3 2 772 1
4 2 771 1
5 2 771 3
4 2 771 5
3 2 770 3
5 2 770 5
3 2 770 9
4 2 769 3
5 2 767 7
4 2 766 7
3 2 765 9
4 2 763 3
3 2 762 3
4 2 760 7
5 2 756 5
4 2 755 9
3 2 754 7
3 2 753 3
5 2 753 9
4 2 752 1
5 2 752 7
3 2 752 9
5 2 751 1
3 2 750 1
4 2 750 9
3 2 748 3
4 2 748 5
4 2 747 1
3 2 747 7
5 2 747 9
4 2 746 7
3 2 746 9
3 2 745 1
5 2 744 3
4 2 743 5
5 2 742 7
4 2 742 9
5 2 741 3
5 2 740 1
4 2 740 3
4 2 739 7
5 2 736 3
4 2 735 1
3 2 735 9
5 2 734 9
4 2 730 5
3 2 730 9
4 2 728 1
5 2 728 5
4 2 728 9
3 2 727 5
5 2 727 9
4 2 726 5
3 2 726 9
5 2 725 5
4 2 724 1
4 2 724 5
5 2 722 5
4 2 720 7
5 2 719 7
4 2 718 5
5 2 718 9
3 2 717 1
3 2 717 5
4 2 717 7
3 2 716 3
3 2 714 7
4 2 712 5
4 2 711 3
5 2 711 5
4 2 710 1
5 2 710 3
3 2 709 9
4 2 706 1
5 2 706 5
5 2 703 3
4 2 703 9
4 2 702 1
3 2 702 3
5 2 701 9
3 2 700 9
5 2 699 9
5 2 697 7
4 2 697 9
3 2 695 7
3 2 694 5
4 2 693 9
3 2 692 3
3 2 689 3
4 2 688 3
4 2 687 1
5 2 686 1
3 2 686 7
5 2 685 7
4 2 685 9
3 2 684 7
5 2 684 9
3 2 683 9
3 2 682 3
4 2 681 9
4 2 680 7
3 2 679 9
5 2 678 9
3 2 676 3
5 2 675 3
5 2 675 5
3 2 674 3
4 2 673 1
5 2 673 7
5 2 673 9
5 2 671 3
4 2 671 9
4 2 670 3
5 2 670 7
3 2 669 1
5 2 669 3
4 2 668 1
5 2 666 5
3 2 666 7
4 2 666 9
4 2 665 3
4 2 662 3
3 2 661 3
3 2 661 5
4 2 661 9
5 2 660 9
5 2 659 1
5 2 657 5
4 2 656 1
5 2 654 1
5 2 654 9
3 2 653 1
5 2 653 7
4 2 652 1
4 2 652 3
3 2 650 7
4 2 648 1
5 2 647 3
3 2 645 3
5 2 644 7
5 2 643 1
3 2 642 1
3 2 642 3
3 2 639 3
4 2 638 5
5 2 636 9
3 2 635 9
3 2 634 3
5 2 633 3
5 2 633 7
4 2 633 9
4 2 632 1
4 2 632 3
4 2 629 3
5 2 627 3
5 2 626 1
4 2 626 9
4 2 625 3
5 2 625 9
4 2 624 5
4 2 621 9
3 2 620 9
4 2 619 9
5 2 618 5
5 2 618 7
4 2 615 5
5 2 613 9
4 2 611 9
3 2 609 1
5 2 609 3
3 2 608 7
5 2 607 9
5 2 606 3
4 2 605 5
3 2 605 7
3 2 601 1
5 2 600 3
3 2 599 7
5 2 598 7
4 2 597 5
4 2 597 7
3 2 596 1
4 2 595 3
3 2 593 9
3 2 591 3
5 2 591 9
5 2 589 5
5 2 589 7
4 2 587 7
5 2 584 1
4 2 584 3
5 2 582 7
3 2 582 9
4 2 581 7
5 2 581 9
5 2 579 7
3 2 577 5
3 2 576 7
3 2 575 1
5 2 575 3
5 2 574 9
4 2 573 3
3 2 573 5
3 2 572 3
5 2 571 9
3 2 569 3
4 2 569 5
3 2 567 7
3 2 564 1
4 2 563 1
5 2 562 1
4 2 561 7
4 2 558 5
4 2 553 1
5 2 553 5
5 2 553 9
3 2 552 5
3 2 552 9
4 2 551 9
4 2 549 3
5 2 544 3
5 2 544 7
4 2 543 9
3 2 540 3
5 2 540 9
3 2 539 9
5 2 538 9
3 2 536 7
4 2 536 9
4 2 534 7
3 2 533 1
3 2 532 7
3 2 530 1
4 2 528 9
5 2 526 9
4 2 525 3
5 2 525 5
4 2 524 5
3 2 524 7
3 2 523 5
4 2 522 1
3 2 521 7
3 2 520 9
4 2 518 7
4 2 517 3
5 2 515 5
3 2 514 5
5 2 513 5
3 2 512 5
4 2 511 1
3 2 507 5
5 2 505 1
3 2 504 1
3 2 504 3
4 2 502 1
4 2 502 3
5 2 501 3
3 2 500 1
5 2 499 1
5 2 498 3
5 2 498 9
4 2 497 3
5 2 494 5
5 2 492 3
3 2 491 1
4 2 491 3
5 2 490 9
3 2 489 5
4 2 489 9
5 2 482 1
3 2 482 5
4 2 481 1
3 2 479 5
4 2 479 7
3 2 477 3
3 2 477 7
5 2 475 3
4 2 473 5
4 2 473 7
3 2 472 1
4 2 472 3
5 2 472 5
3 2 471 3
3 2 471 7
4 2 465 3
5 2 464 1
3 2 464 3
3 2 464 5
5 2 463 3
4 2 463 5
3 2 463 9
3 2 458 1
5 2 457 1
4 2 456 5
5 2 456 7
5 2 455 3
3 2 455 7
4 2 454 3
3 2 454 5
3 2 453 1
5 2 453 3
5 2 452 9
3 2 451 9
3 2 450 5
5 2 447 5
4 2 446 1
4 2 446 5
5 2 445 5
3 2 445 9
3 2 443 5
4 2 443 9
5 2 440 3
3 2 439 7
3 2 433 1
5 2 433 5
5 2 432 3
4 2 432 5
5 2 431 1
3 2 431 5
3 2 431 7
4 2 430 1
4 2 429 7
4 2 427 3
5 2 426 1
3 2 425 7
4 2 422 9
4 2 421 1
3 2 421 3
3 2 421 9
3 2 420 5
3 2 415 3
4 2 413 1
3 2 412 3
3 2 412 9
3 2 411 1
4 2 411 3
5 2 410 1
3 2 410 5
4 2 409 5
4 2 408 3
3 2 408 5
3 2 407 3
3 2 407 9
3 2 406 1
5 2 405 1
5 2 405 9
3 2 404 1
5 2 402 1
4 2 402 9
3 2 401 9
3 2 399 7
4 2 395 7
5 2 394 3
5 2 394 5
5 2 393 9
4 2 392 9
5 2 390 7
5 2 389 1
3 2 388 1
5 2 386 1
3 2 385 3
3 2 383 7
5 2 382 7
5 2 381 9
4 2 380 9
5 2 377 5
3 2 376 5
4 2 371 3
5 2 370 5
3 2 370 9
5 2 369 1
3 2 364 7
5 2 363 3
4 2 363 7
3 2 362 7
4 2 358 1
3 2 358 7
4 2 354 5
5 2 353 3
3 2 353 5
3 2 353 7
4 2 348 7
5 2 347 1
4 2 346 1
3 2 346 7
5 2 345 7
3 2 343 3
3 2 342 1
5 2 340 9
4 2 336 7
3 2 335 9
3 2 334 1
5 2 334 7
5 2 333 3
3 2 333 7
5 2 332 1
3 2 332 3
4 2 331 1
4 2 330 3
3 2 328 3
3 2 328 5
5 2 327 5
4 2 327 7
5 2 326 9
3 2 325 5
4 2 324 5
5 2 323 1
4 2 322 7
5 2 321 7
3 2 320 3
3 2 320 7
4 2 319 5
4 2 318 7
3 2 315 3
5 2 315 9
4 2 314 3
4 2 313 5
5 2 313 7
3 2 309 9
4 2 308 9
3 2 307 9
3 2 304 1
3 2 304 5
5 2 304 7
3 2 303 9
3 2 299 1
4 2 299 3
5 2 299 7
5 2 298 3
4 2 296 3
5 2 290 5
5 2 290 7
3 2 290 9
4 2 289 5
3 2 287 3
4 2 286 3
3 2 285 7
3 2 284 1
4 2 284 9
4 2 282 7
5 2 281 7
3 2 280 5
5 2 279 3
5 2 279 5
4 2 278 5
5 2 277 7
5 2 276 1
4 2 275 1
3 2 273 1
5 2 273 9
4 2 272 7
4 2 271 1
4 2 271 9
5 2 270 7
5 2 269 3
4 2 268 7
3 2 267 1
3 2 267 3
3 2 267 7
5 2 266 9
5 2 265 3
4 2 264 1
4 2 264 3
3 2 264 5
3 2 264 9
5 2 263 1
4 2 263 9
4 2 262 1
3 2 261 1
3 2 260 3
4 2 259 3
3 2 257 7
4 2 256 5
4 2 256 7
3 2 255 5
3 2 255 7
5 2 253 9
4 2 250 7
5 2 249 9
4 2 247 3
3 2 242 1
4 2 242 9
5 2 240 7
4 2 239 1
3 2 237 1
5 2 237 7
5 2 236 1
4 2 236 9
4 2 233 3
3 2 232 7
3 2 232 9
4 2 231 1
3 2 231 3
5 2 230 7
5 2 229 1
5 2 227 9
3 2 226 5
4 2 226 9
5 2 225 7
4 2 224 7
3 2 222 9
5 2 220 5
4 2 218 7
5 2 218 9
3 2 216 1
3 2 216 9
5 2 215 5
5 2 214 1
5 2 214 9
3 2 212 1
4 2 211 1
3 2 210 1
4 2 210 5
4 2 209 1
3 2 209 3
5 2 209 9
3 2 207 7
4 2 205 1
4 2 205 5
3 2 204 1
4 2 198 1
3 2 198 3
3 2 195 3
3 2 194 7
4 2 193 7
5 2 192 1
3 2 191 3
5 2 189 5
3 2 188 5
5 2 186 5
4 2 185 7
3 2 184 9
5 2 178 9
3 2 177 9
5 2 176 1
3 2 175 3
5 2 174 3
4 2 170 9
5 2 169 5
3 2 169 9
3 2 168 7
3 2 166 1
5 2 166 3
3 2 165 9
5 2 164 1
4 2 164 5
5 2 161 3
4 2 158 1
4 2 158 7
5 2 157 5
5 2 155 3
4 2 155 9
4 2 154 3
4 2 148 5
3 2 148 7
4 2 147 7
3 2 143 5
3 2 141 1
4 2 140 1
5 2 140 9
4 2 137 3
3 2 136 1
5 2 136 3
5 2 136 9
4 2 135 1
5 2 135 5
4 2 133 9
5 2 132 5
3 2 132 7
4 2 131 5
4 2 131 7
5 2 131 9
4 2 128 7
5 2 124 1
3 2 124 3
3 2 123 1
5 2 121 3
5 2 119 7
4 2 118 5
5 2 117 1
3 2 117 7
3 2 116 1
3 2 115 3
3 2 115 9
4 2 114 3
5 2 112 5
4 2 112 7
3 2 111 7
3 2 110 1
5 2 110 9
3 2 108 9
3 2 101 9
5 2 100 9
3 2 99 5
4 2 98 5
4 2 98 9
4 2 95 5
3 2 94 7
5 2 94 9
4 2 92 5
4 2 92 9
4 2 90 1
3 2 90 3
4 2 89 3
5 2 89 9
4 2 85 9
3 2 84 5
3 2 84 7
5 2 84 9
4 2 76 5
3 2 75 7
5 2 75 9
4 2 74 7
4 2 71 9
5 2 70 3
4 2 69 1
5 2 68 1
4 2 68 9
5 2 67 3
3 2 67 5
4 2 67 7
4 2 66 3
5 2 66 9
3 2 65 3
3 2 65 9
3 2 64 5
5 2 64 9
4 2 62 3
4 2 62 7
4 2 62 9
5 2 61 3
5 2 60 7
5 2 57 1
5 2 57 7
4 2 57 9
5 2 54 7
3 2 53 3
5 2 51 1
3 2 50 3
5 2 50 9
4 2 49 1
5 2 49 3
3 2 47 9
5 2 46 3
3 2 45 7
4 2 44 7
4 2 43 5
5 2 43 7
4 2 43 9
4 2 42 1
3 2 41 1
5 2 40 1
3 2 40 7
5 2 37 3
3 2 34 5
3 2 32 1
4 2 30 1
3 2 30 7
5 2 29 1
4 2 28 1
5 2 28 5
3 2 27 7
3 2 27 9
4 2 23 1
3 2 23 3
4 2 22 3
5 2 21 3
4 2 19 1
4 2 19 5
4 2 19 7
3 2 18 1
4 2 13 7
3 2 12 9
3 2 10 1
4 2 10 5
5 2 9 7
3 2 8 7
4 2 7 1
5 2 6 1
4 2 5 1
5 2 5 5
3 2 4 5
5 2 2 1
3 2 1 1
5 2 1 5
3 2 623 9
5 3 638 7
5 3 632 7
4 3 628 5
5 3 622 3
4 2 621 3
3 3 621 5
5 3 617 3
5 3 613 5
3 2 612 5
5 3 612 1
5 3 604 7
3 3 603 5
5 3 595 1
4 2 594 1
5 3 589 5
4 2 588 5
4 3 589 7
5 2 588 7
4 3 585 7
3 2 584 7
4 3 583 3
4 3 577 3
5 3 576 1
3 2 575 1
5 3 575 5
3 3 575 9
3 3 572 3
4 2 571 3
5 2 570 3
3 2 569 3
4 2 568 3
5 2 567 3
5 3 568 7
3 2 567 7
4 3 566 1
4 3 565 5
4 3 564 3
3 2 563 3
4 2 562 3
3 2 561 3
3 3 562 9
3 3 554 3
4 3 554 9
5 3 553 7
4 2 552 7
4 3 550 3
4 3 548 1
4 3 546 3
5 3 546 9
3 3 545 5
5 2 544 5
4 2 543 5
5 2 542 5
4 2 541 5
3 3 541 7
5 3 538 1
5 3 538 9
4 3 537 7
3 3 529 1
3 3 529 3
3 3 529 5
5 2 528 5
4 3 525 5
3 2 524 5
4 3 522 1
3 2 521 1
5 2 520 1
4 2 519 1
5 2 518 1
5 3 522 7
4 2 521 7
5 2 520 7
4 3 520 5
3 3 518 3
5 3 514 5
5 3 512 9
5 3 509 3
3 3 506 5
3 3 500 7
5 2 499 7
3 2 498 7
5 3 488 5
5 3 484 1
4 3 483 5
5 2 482 5
4 3 480 9
4 3 478 1
3 3 471 5
4 2 470 5
3 3 467 5
5 3 456 9
5 3 452 5
3 3 449 1
3 3 449 9
5 2 448 9
5 3 448 7
3 2 447 7
5 2 446 7
3 3 442 5
5 3 440 3
5 3 430 5
3 3 428 3
5 3 425 7
4 3 422 1
5 2 421 1
3 3 421 3
3 3 416 5
5 3 413 3
3 2 412 3
3 3 412 7
3 3 411 5
5 2 410 5
4 3 409 3
3 3 405 5
3 3 404 7
5 3 402 1
5 3 402 5
4 3 380 1
5 2 379 1
4 3 374 1
5 2 373 1
3 2 372 1
3 3 374 5
4 2 373 5
3 2 372 5
5 3 369 1
4 2 368 1
3 3 369 9
5 2 368 9
4 2 367 9
4 3 364 3
5 2 363 3
5 3 364 7
5 3 356 5
4 2 355 5
5 2 354 5
4 2 353 5
4 3 350 1
3 2 349 1
5 3 348 7
4 2 347 7
5 3 348 9
4 3 340 9
4 3 337 1
5 3 336 7
4 3 336 9
5 3 329 3
4 3 329 7
5 3 328 9
4 3 326 3
4 3 325 1
5 2 324 1
4 2 323 1
3 2 322 1
4 2 321 1
3 2 320 1
5 2 319 1
4 3 325 9
4 3 317 5
4 3 312 7
3 3 307 1
3 3 306 7
4 3 299 9
4 3 298 1
3 3 293 1
5 2 292 1
5 3 292 7
5 3 291 3
3 3 289 9
4 3 288 3
3 3 283 3
4 3 282 1
3 2 281 1
4 3 282 7
4 3 277 7
3 3 275 5
3 3 268 1
5 3 267 7
3 2 266 7
5 3 266 3
3 3 264 5
4 2 263 5
3 2 262 5
4 3 263 7
5 2 262 7
3 3 263 9
3 3 259 7
4 3 258 1
4 3 246 7
4 3 242 1
4 3 242 5
5 3 240 9
4 3 238 1
5 3 236 5
3 2 235 5
4 3 235 3
5 2 234 3
4 3 220 5
3 3 218 3
5 2 217 3
5 3 216 1
4 3 216 9
3 3 210 1
5 3 209 5
3 2 208 5
3 3 206 3
5 2 205 3
3 3 200 3
5 3 198 1
4 2 197 1
3 3 195 5
5 3 189 1
4 2 188 1
5 2 187 1
3 2 186 1
5 3 188 9
5 3 187 7
3 2 186 7
3 3 185 9
4 3 183 3
5 2 182 3
4 3 181 1
5 3 180 5
4 3 172 7
4 3 170 3
5 3 169 1
3 3 168 5
4 2 167 5
5 3 164 5
3 2 163 5
5 2 162 5
3 2 161 5
5 3 164 7
5 3 163 3
4 3 162 1
3 2 161 1
4 3 159 3
3 2 158 3
4 2 157 3
3 3 154 3
5 3 152 7
4 3 151 3
3 3 151 5
3 3 148 3
3 3 147 1
5 3 147 7
4 3 141 5
5 3 141 7
4 2 140 7
4 3 134 1
5 2 133 1
4 3 133 7
3 3 129 7
5 2 128 7
3 2 127 7
5 3 128 1
3 2 127 1
3 3 120 3
5 3 120 7
4 3 117 9
5 2 116 9
4 2 115 9
3 2 114 9
4 3 116 7
5 3 107 5
3 3 101 1
5 3 90 7
5 3 87 5
4 3 83 1
4 3 83 3
3 3 78 7
5 3 76 9
4 3 72 9
5 3 67 9
4 3 64 9
4 3 60 5
4 3 59 1
5 3 56 7
4 3 55 3
5 3 53 1
5 3 50 3
4 2 49 3
5 2 48 3
5 3 47 9
3 2 46 9
4 3 45 3
3 3 45 7
5 3 42 5
5 3 42 7
4 3 39 5
3 3 37 9
4 3 35 1
5 2 34 1
5 3 33 9
4 2 32 9
5 2 31 9
4 3 31 3
3 2 30 3
5 3 27 3
5 3 27 5
5 3 25 1
4 3 23 9
4 3 22 1
5 3 12 3
3 3 9 5
5 2 8 5
3 3 9 7
5 2 8 7
5 3 5 3
4 2 4 3
4 3 5 7
5 3 4 5
3 2 3 5
5 3 4 9
5 3 455 5
5 4 484 7
4 4 470 9
3 4 464 7
5 2 463 7
3 2 462 7
5 4 452 3
5 4 437 3
3 2 436 3
4 4 435 9
3 2 434 9
4 4 432 7
5 4 421 7
4 2 420 7
5 4 420 1
4 2 419 1
3 4 416 9
4 4 412 3
5 2 411 3
5 4 411 1
5 4 404 7
4 4 398 5
3 2 397 5
3 4 386 3
4 2 385 3
4 4 372 9
4 4 369 7
3 2 368 7
5 2 367 7
4 2 366 7
5 4 359 3
3 4 346 5
5 2 345 5
3 4 337 7
3 4 321 9
5 2 320 9
3 2 319 9
5 2 318 9
4 4 314 9
3 4 311 5
4 2 310 5
3 2 309 5
4 2 308 5
3 4 306 7
4 2 305 7
3 4 298 1
5 4 295 3
5 4 293 5
4 2 292 5
5 2 291 5
4 2 290 5
5 4 290 3
4 4 278 9
3 4 277 3
5 4 271 5
3 2 270 5
5 2 269 5
4 4 269 9
3 2 268 9
3 4 263 5
3 4 262 3
4 4 254 3
5 4 247 3
5 4 247 9
5 4 236 1
5 4 232 9
5 4 223 5
4 2 222 5
3 2 221 5
5 4 219 1
5 4 216 7
4 2 215 7
3 4 200 5
4 4 197 3
4 4 195 1
4 4 192 7
5 2 191 7
5 4 187 5
3 4 185 9
4 2 184 9
5 4 182 1
5 4 175 5
4 4 175 7
3 2 174 7
5 4 169 5
3 4 164 1
5 2 163 1
4 4 164 3
3 2 163 3
5 4 162 5
4 4 159 3
3 4 156 9
5 4 155 5
3 4 151 7
5 4 150 3
4 4 147 7
4 4 140 9
3 4 134 9
5 2 133 9
4 4 122 5
3 4 105 1
4 2 104 1
5 2 103 1
5 4 105 9
3 2 104 9
4 4 99 3
3 4 97 5
3 4 80 3
4 2 79 3
4 4 78 9
3 2 77 9
5 4 71 1
4 4 65 5
5 4 49 1
4 2 48 1
3 2 47 1
4 4 46 9
3 2 45 9
3 4 42 1
5 4 38 3
5 4 37 1
5 4 32 5
3 2 31 5
3 4 19 1
4 2 18 1
3 2 17 1
5 2 16 1
4 2 15 1
4 4 6 7
3 4 4 5
4 2 3 5
3 4 2 7
5 2 1 7
3 5 402 7
4 5 397 7
5 2 396 7
4 5 366 9
3 5 355 3
5 5 339 7
3 5 338 1
4 2 337 1
4 5 338 3
5 2 337 3
4 2 336 3
3 2 335 3
4 5 330 5
4 5 321 7
5 2 320 7
3 2 319 7
5 2 318 7
4 2 317 7
5 5 320 1
4 2 319 1
5 5 311 7
3 2 310 7
5 2 309 7
5 5 303 9
3 2 302 9
4 5 299 1
4 5 296 3
5 2 295 3
3 2 294 3
4 2 293 3
3 5 285 7
3 5 277 9
3 5 275 5
5 2 274 5
4 5 270 7
4 5 257 3
5 5 250 3
3 5 243 3
4 2 242 3
3 2 241 3
5 5 242 1
5 5 236 1
4 2 235 1
3 5 223 1
5 2 222 1
3 5 212 9
5 5 209 3
4 5 201 9
3 5 182 5
5 2 181 5
3 2 180 5
3 5 168 1
5 2 167 1
4 2 166 1
3 2 165 1
4 5 166 5
3 2 165 5
5 2 164 5
3 5 165 9
5 5 138 9
5 5 133 7
5 5 131 9
4 5 119 7
3 2 118 7
4 5 116 1
5 2 115 1
5 5 113 5
4 5 103 9
5 2 102 9
5 5 95 3
4 5 82 3
4 5 78 9
5 2 77 9
5 5 71 3
3 5 61 7
3 5 56 3
4 2 55 3
3 5 46 9
3 5 37 9
4 5 32 7
4 5 32 9
5 2 31 9
3 5 28 3
5 2 27 3
4 5 24 7
4 5 24 9
5 2 23 9
3 5 16 5
3 5 11 1
3 5 10 5
4 5 6 7
4 6 298 7
3 2 297 7
3 6 286 9
4 6 262 9
3 2 261 9
5 6 252 1
4 6 252 3
3 2 251 3
5 2 250 3
3 2 249 3
5 2 248 3
4 6 245 1
3 6 217 9
5 6 215 1
4 2 214 1
3 2 213 1
5 2 212 1
3 2 211 1
5 2 210 1
4 2 209 1
4 6 205 9
3 2 204 9
3 6 195 9
5 2 194 9
4 2 193 9
4 6 182 1
5 6 175 7
3 6 175 9
3 6 173 3
4 6 162 5
5 6 151 5
3 6 144 3
4 2 143 3
5 6 143 9
4 6 141 7
3 2 140 7
4 6 140 5
5 6 125 5
5 6 96 1
4 6 90 7
4 6 89 3
4 6 74 5
4 6 74 7
3 2 73 7
4 2 72 7
5 2 71 7
3 6 60 5
5 2 59 5
4 2 58 5
3 6 37 7
5 6 33 9
3 2 32 9
4 6 28 7
5 2 27 7
4 7 253 9
5 2 252 9
5 7 236 3
4 2 235 3
3 2 234 3
5 2 233 3
3 7 221 1
5 2 220 1
3 2 219 1
5 2 218 1
3 2 217 1
4 7 201 7
5 7 197 3
3 2 196 3
5 2 195 3
4 7 179 3
5 2 178 3
4 2 177 3
5 2 176 3
3 7 122 7
5 2 121 7
4 2 120 7
3 2 119 7
4 2 118 7
4 7 111 1
5 7 111 5
4 7 110 9
5 2 109 9
4 2 108 9
4 7 81 5
5 2 80 5
4 2 79 5
5 7 32 9
4 2 31 9
4 7 20 1
4 7 9 3
3 8 138 3
5 8 75 7
4 8 66 9
5 8 32 7
3 8 23 5
3 9 163 1
3 10 107 7
4 2 106 7
5 2 105 7
3 2 104 7
5 10 32 3
4 2 31 3
5 10 5 9
4 2 4 9
3 2 3 9
4 2 2 9
5 12 201 5
3 13 178 1
4 4 218 9
5 2 217 9
