17737
3363
4 2 20 8
2 2 20 11
2 2 20 20
2 2 20 33
3 2 20 55
1 2 20 67
4 2 20 85
4 2 20 88
3 2 20 96
8 2 20 125
1 2 20 130
3 2 20 137
1 2 20 153
4 2 20 161
1 2 20 169
4 2 20 173
3 2 20 188
1 2 20 199
2 2 20 216
1 2 20 222
2 2 20 227
3 2 20 231
3 2 20 271
1 2 20 275
3 2 20 318
1 2 20 333
3 2 20 335
3 2 20 342
3 2 20 373
4 2 20 399
1 2 20 407
4 2 20 421
2 2 20 429
7 2 20 432
1 2 20 445
5 2 20 456
2 2 20 461
1 2 20 464
2 2 20 475
7 2 20 487
4 2 19 6
1 2 19 13
2 2 19 23
7 2 19 30
6 2 19 33
3 2 19 35
3 2 19 51
3 2 19 59
2 2 19 58
2 2 19 62
1 2 19 73
1 2 19 75
3 2 19 92
2 2 19 93
6 2 19 107
3 2 19 116
3 2 19 122
1 2 19 135
1 2 19 141
1 2 19 160
2 2 19 163
3 2 19 165
1 2 19 176
5 2 19 176
5 2 19 184
3 2 19 196
6 2 19 195
1 2 19 213
2 2 19 214
3 2 19 221
4 2 19 223
1 2 19 233
5 2 19 234
6 2 19 236
4 2 19 237
6 2 19 251
4 2 19 255
3 2 19 257
1 2 19 258
5 2 19 263
2 2 19 267
5 2 19 289
1 2 19 290
2 2 19 295
6 2 19 313
1 2 19 314
3 2 19 315
4 2 19 320
5 2 19 334
2 2 19 336
4 2 19 337
2 2 19 342
1 2 19 345
4 2 19 364
2 2 19 384
6 2 19 390
2 2 19 399
3 2 19 410
4 2 19 416
2 2 19 417
3 2 19 424
6 2 19 425
5 2 19 434
1 2 19 436
7 2 19 443
4 2 19 444
7 2 19 446
2 2 19 450
4 2 19 453
4 2 19 456
3 2 19 459
4 2 19 468
5 2 19 476
4 2 19 496
5 2 18 22
3 2 18 42
2 2 18 46
4 2 18 48
5 2 19 49
1 2 18 58
5 2 18 62
3 2 18 69
2 2 18 77
4 2 18 87
2 2 19 89
1 2 18 91
3 2 18 93
4 2 18 114
6 2 18 126
2 2 18 130
3 2 18 134
3 2 18 141
2 2 19 143
2 2 18 141
2 2 18 165
6 2 18 168
4 2 18 171
5 2 18 174
1 2 18 173
4 2 18 191
1 2 18 201
2 2 18 212
4 2 19 210
3 2 18 230
7 2 18 240
3 2 18 241
1 2 18 244
1 2 18 250
5 2 18 256
6 2 18 259
3 2 19 260
3 2 18 276
6 2 18 277
2 2 18 285
2 2 18 291
4 2 18 293
7 2 18 301
3 2 18 309
2 2 18 315
1 2 19 317
7 2 18 334
1 2 18 336
7 2 18 338
3 2 19 339
1 2 18 339
4 2 18 341
5 2 18 344
7 2 18 346
3 2 19 346
5 2 18 391
1 2 18 396
4 2 18 408
4 2 18 414
1 2 18 415
4 2 18 421
7 2 18 423
3 2 18 430
2 2 18 431
2 2 18 437
1 2 18 459
1 2 19 460
4 2 18 460
5 2 18 462
2 2 18 469
2 2 18 475
2 2 18 481
2 2 18 488
3 2 18 489
5 2 18 495
1 2 17 5
6 2 17 26
1 2 17 33
1 2 17 60
4 2 17 59
1 2 17 75
2 2 17 88
5 2 17 91
1 2 17 90
6 2 17 89
2 2 17 108
3 2 18 110
2 2 17 123
2 2 17 135
4 2 17 172
3 2 18 171
3 2 17 192
1 2 17 203
3 2 19 205
4 2 17 224
2 2 19 225
3 2 17 228
4 2 17 234
2 2 17 248
7 2 17 252
1 2 17 254
1 2 17 257
1 2 17 275
3 2 17 293
2 2 17 325
4 2 17 331
2 2 19 332
3 2 17 340
6 2 17 343
2 2 17 346
2 2 17 357
1 2 17 357
7 2 17 360
3 2 17 375
7 2 17 419
1 2 17 445
2 2 17 449
3 2 17 452
5 2 17 453
3 2 17 475
1 2 17 474
5 2 17 489
1 2 16 2
1 2 18 1
6 2 18 1
4 2 16 5
2 2 16 26
2 2 16 30
3 2 16 58
1 2 16 64
4 2 19 65
6 2 16 67
2 2 17 68
5 2 16 93
4 2 16 107
1 2 16 107
3 2 16 109
2 2 16 114
1 2 16 142
3 2 16 150
6 2 16 159
3 2 16 166
5 2 16 172
2 2 16 182
1 2 16 224
3 2 16 225
4 2 16 228
6 2 16 238
3 2 17 237
4 2 16 237
1 2 17 236
3 2 16 296
1 2 19 297
4 2 18 298
2 2 16 306
5 2 16 309
2 2 16 328
1 2 18 327
2 2 18 329
5 2 17 329
4 2 16 348
1 2 16 366
2 2 18 366
2 2 16 365
6 2 16 366
4 2 16 389
2 2 18 388
5 2 17 388
2 2 16 396
6 2 16 396
5 2 16 414
3 2 16 415
2 2 16 416
4 2 16 420
3 2 16 425
2 2 16 432
6 2 16 441
2 2 16 454
5 2 17 456
4 2 16 460
6 2 16 474
1 2 16 476
4 2 17 477
1 2 16 479
3 2 17 479
4 2 16 497
1 2 16 497
6 2 16 496
3 2 16 499
3 2 19 500
3 2 15 3
1 2 15 3
2 2 15 18
1 2 15 21
4 2 16 21
5 2 15 30
7 2 16 32
3 2 15 39
2 2 15 53
6 2 17 53
2 2 15 70
6 2 17 71
4 2 15 69
3 2 15 86
4 2 15 99
4 2 18 98
1 2 19 100
3 2 18 100
1 2 15 105
2 2 19 105
3 2 15 117
3 2 15 132
3 2 15 141
3 2 15 143
6 2 15 155
4 2 15 162
3 2 15 163
1 2 15 222
1 2 15 228
2 2 15 230
5 2 15 234
5 2 15 246
2 2 18 245
6 2 18 247
1 2 15 259
6 2 15 278
4 2 17 277
2 2 15 278
5 2 15 296
1 2 15 334
6 2 17 333
6 2 15 334
1 2 15 341
3 2 15 344
5 2 15 353
3 2 15 352
3 2 18 353
3 2 16 353
7 2 15 357
3 2 15 366
4 2 15 373
1 2 15 382
2 2 17 383
1 2 16 383
2 2 15 408
3 2 15 429
3 2 15 431
5 2 16 430
5 2 15 447
1 2 18 448
4 2 15 446
1 2 15 450
1 2 15 456
1 2 15 470
5 2 15 480
5 2 14 2
6 2 14 10
3 2 16 11
4 2 14 21
6 2 14 20
3 2 14 24
4 2 14 29
2 2 14 28
3 2 14 36
5 2 14 59
2 2 15 58
4 2 14 75
4 2 15 76
1 2 14 79
3 2 15 78
6 2 14 89
5 2 15 90
4 2 15 91
3 2 14 97
6 2 15 97
1 2 18 98
6 2 17 98
3 2 14 122
1 2 14 121
3 2 14 134
5 2 14 149
3 2 17 149
2 2 16 149
4 2 14 148
1 2 19 147
4 2 19 146
3 2 18 147
2 2 14 166
2 2 16 165
2 2 14 168
4 2 14 169
4 2 14 178
1 2 14 178
1 2 15 179
3 2 15 179
2 2 19 181
1 2 16 180
1 2 14 181
2 2 15 180
5 2 14 190
5 2 14 193
5 2 16 192
1 2 14 195
4 2 14 206
3 2 14 228
4 2 14 230
2 2 14 242
2 2 17 241
4 2 14 257
5 2 14 264
3 2 15 264
2 2 15 263
6 2 14 263
2 2 14 265
4 2 14 266
4 2 14 274
2 2 19 272
2 2 17 274
2 2 16 272
2 2 16 275
5 2 15 275
1 2 14 279
2 2 14 280
1 2 19 281
3 2 19 282
4 2 14 289
1 2 16 291
5 2 18 292
4 2 14 296
3 2 14 297
1 2 14 298
3 2 14 307
4 2 14 313
3 2 14 319
5 2 14 338
2 2 17 336
5 2 15 339
6 2 14 340
1 2 15 340
1 2 14 344
7 2 14 352
3 2 14 358
2 2 14 374
4 2 17 373
4 2 16 374
2 2 15 375
5 2 14 378
2 2 17 377
2 2 14 377
5 2 14 380
4 2 17 379
1 2 17 379
2 2 14 384
1 2 14 394
1 2 17 393
4 2 16 393
3 2 16 394
2 2 14 393
2 2 14 399
3 2 15 400
3 2 14 412
2 2 14 411
1 2 14 418
3 2 14 422
2 2 17 423
3 2 14 427
1 2 14 426
6 2 15 425
2 2 14 432
1 2 18 433
7 2 14 431
1 2 14 452
1 2 18 451
1 2 14 476
3 2 14 487
3 2 17 487
2 2 14 489
1 2 15 488
2 2 14 499
1 2 13 16
1 2 14 15
5 2 13 41
5 2 16 40
2 2 17 39
2 2 15 40
3 2 15 40
3 2 13 46
3 2 16 47
4 2 14 45
1 2 17 46
2 2 17 47
5 2 14 44
1 2 13 55
3 2 14 54
4 2 13 71
1 2 13 77
4 2 14 78
2 2 15 77
3 2 13 76
3 2 13 82
1 2 13 91
2 2 13 98
5 2 13 107
6 2 15 108
7 2 15 109
2 2 13 114
6 2 15 115
5 2 14 115
6 2 14 115
3 2 13 129
3 2 17 129
2 2 13 141
5 2 13 142
2 2 14 142
6 2 13 143
5 2 13 158
1 2 13 157
3 2 13 167
1 2 17 167
8 2 13 177
2 2 18 175
4 2 13 193
3 2 13 195
3 2 16 194
1 2 13 207
5 2 13 219
1 2 17 218
3 2 13 222
7 2 15 221
6 2 15 224
1 2 17 226
6 2 13 229
3 2 13 238
1 2 13 242
4 2 16 241
5 2 15 241
4 2 13 248
3 2 17 250
5 2 13 254
2 2 17 255
2 2 13 272
3 2 13 301
3 2 18 302
2 2 13 304
4 2 18 303
6 2 18 302
2 2 18 305
4 2 13 308
3 2 16 307
6 2 13 318
2 2 17 317
6 2 16 317
2 2 14 317
7 2 15 316
1 2 15 318
6 2 13 321
3 2 17 320
2 2 15 320
5 2 13 336
2 2 15 335
2 2 13 342
1 2 14 342
3 2 13 343
3 2 13 348
3 2 16 348
2 2 13 353
8 2 16 354
4 2 13 359
1 2 17 358
6 2 16 359
2 2 13 362
2 2 13 366
1 2 13 366
4 2 13 368
2 2 16 368
1 2 13 369
6 2 13 370
1 2 18 370
6 2 17 371
1 2 13 380
6 2 13 384
4 2 13 397
3 2 15 397
4 2 13 403
4 2 17 402
1 2 18 401
5 2 17 401
4 2 15 404
4 2 13 417
1 2 13 417
2 2 13 424
4 2 15 423
4 2 14 424
5 2 13 426
2 2 16 426
1 2 13 444
5 2 17 443
1 2 14 444
2 2 15 445
8 2 13 471
4 2 18 470
3 2 13 481
7 2 13 490
2 2 13 494
7 2 17 494
1 2 15 491
3 2 16 491
3 2 14 494
3 2 13 495
2 2 12 1
4 2 14 1
1 2 12 9
5 2 13 9
4 2 15 8
8 2 12 8
3 2 12 16
1 2 16 491
4 2 17 18
2 2 12 24
2 2 12 50
2 2 12 54
5 2 13 53
1 2 16 52
4 2 17 51
6 2 17 50
3 2 16 51
6 2 12 71
2 2 12 77
5 2 12 82
4 2 12 111
3 2 16 112
1 2 12 123
6 2 16 124
3 2 17 126
1 2 17 127
4 2 12 147
4 2 14 147
5 2 12 197
2 2 16 197
1 2 12 234
7 2 12 236
2 2 17 235
1 2 16 235
4 2 12 258
2 2 16 257
5 2 12 276
4 2 12 278
3 2 12 303
6 2 12 302
3 2 12 308
2 2 13 309
3 2 12 312
1 2 12 328
4 2 16 329
1 2 15 327
2 2 12 336
2 2 12 346
6 2 12 348
3 2 17 349
1 2 12 358
3 2 13 357
5 2 12 382
4 2 12 407
3 2 12 424
7 2 12 434
5 2 12 457
1 2 12 459
3 2 14 460
4 2 12 473
5 2 12 472
1 2 15 472
4 2 14 473
5 2 16 474
4 2 15 474
3 2 14 474
3 2 12 485
4 2 12 500
1 2 11 1
5 2 11 2
1 2 13 2
2 2 13 3
5 2 11 6
2 2 15 5
4 2 13 4
6 2 11 20
5 2 14 19
8 2 13 19
4 2 11 36
2 2 13 35
4 2 14 34
1 2 11 40
3 2 11 43
4 2 16 45
2 2 15 42
4 2 14 44
2 2 14 43
4 2 11 55
3 2 11 79
5 2 17 492
7 2 11 86
2 2 14 86
6 2 11 93
1 2 14 95
6 2 12 94
6 2 15 93
3 2 11 93
4 2 11 98
1 2 11 97
4 2 11 114
1 2 11 113
1 2 11 126
4 2 12 126
4 2 14 127
3 2 11 125
1 2 11 132
1 2 11 151
2 2 18 152
1 2 18 151
2 2 11 150
2 2 11 154
3 2 16 154
1 2 14 153
3 2 13 153
5 2 14 152
4 2 12 153
1 2 11 154
4 2 11 158
2 2 17 159
1 2 16 158
2 2 14 158
5 2 11 172
1 2 11 180
6 2 13 180
3 2 14 181
3 2 16 182
4 2 14 182
3 2 11 181
1 2 11 203
2 2 14 202
2 2 11 239
5 2 11 242
4 2 11 247
2 2 11 284
5 2 16 284
1 2 15 285
3 2 11 284
4 2 14 284
2 2 12 284
4 2 11 284
2 2 11 291
3 2 13 290
2 2 16 289
1 2 13 290
6 2 11 294
1 2 17 295
7 2 16 295
2 2 14 294
1 2 12 295
4 2 11 304
2 2 15 303
7 2 14 303
1 2 12 303
1 2 11 305
3 2 11 322
1 2 11 333
2 2 11 347
3 2 11 349
2 2 11 350
1 2 15 349
1 2 14 350
2 2 11 387
1 2 14 387
5 2 11 395
1 2 14 394
5 2 13 394
6 2 11 399
3 2 13 398
1 2 12 399
4 2 12 398
7 2 11 400
1 2 11 409
1 2 12 409
3 2 11 412
4 2 11 413
2 2 17 413
1 2 11 422
3 2 11 428
2 2 12 427
6 2 12 426
1 2 11 437
6 2 11 444
5 2 13 445
3 2 13 446
1 2 15 448
4 2 16 448
3 2 12 443
4 2 15 442
5 2 11 445
1 2 11 449
1 2 16 450
5 2 11 448
4 2 11 459
1 2 11 469
3 2 14 468
1 2 16 468
4 2 11 469
5 2 11 468
2 2 12 468
1 2 12 467
3 2 11 494
1 2 13 493
4 2 13 492
3 2 11 500
3 2 10 9
3 2 15 10
1 2 10 11
5 2 10 21
2 2 10 29
3 2 10 40
2 2 10 43
2 2 10 51
2 2 10 54
2 2 10 67
2 2 10 81
5 2 10 85
1 2 13 85
5 2 14 80
1 2 10 94
2 2 10 99
1 2 14 100
2 2 11 100
3 2 14 99
7 2 13 99
6 2 10 100
3 2 10 99
6 2 10 102
1 2 10 115
4 2 10 117
2 2 10 136
3 2 17 84
6 2 13 137
1 2 10 135
6 2 16 137
1 2 11 134
5 2 14 133
3 2 10 142
4 2 10 163
1 2 12 165
3 2 12 165
3 2 10 200
4 2 16 138
5 2 17 139
1 2 17 139
5 2 10 203
6 2 13 203
7 2 13 204
4 2 10 226
2 2 14 227
2 2 12 226
1 2 10 225
1 2 11 225
1 2 13 224
2 2 10 228
1 2 10 228
1 2 10 258
3 2 11 258
7 2 10 258
5 2 10 270
5 2 18 269
4 2 17 201
3 2 17 200
2 2 10 286
6 2 10 285
4 2 12 286
3 2 18 269
4 2 14 285
1 2 10 284
5 2 10 308
1 2 10 330
6 2 13 331
5 2 12 331
3 2 10 329
5 2 12 327
3 2 13 327
2 2 10 334
3 2 12 335
5 2 10 346
4 2 10 349
3 2 10 363
2 2 11 364
3 2 10 376
4 2 14 377
1 2 13 378
7 2 10 377
1 2 10 382
3 2 13 381
1 2 14 380
2 2 13 381
2 2 15 380
8 2 10 392
1 2 15 390
2 2 14 392
5 2 11 392
3 2 10 397
5 2 13 396
3 2 13 395
2 2 12 397
6 2 10 397
4 2 10 410
2 2 15 411
6 2 12 411
5 2 13 412
7 2 11 411
1 2 10 417
2 2 10 428
7 2 11 427
5 2 10 430
3 2 10 430
4 2 10 431
1 2 10 455
6 2 10 459
5 2 10 461
3 2 10 480
6 2 16 479
3 2 15 481
2 2 15 482
4 2 15 483
6 2 10 484
3 2 16 484
2 2 17 485
1 2 9 4
4 2 11 6
1 2 9 27
2 2 11 27
4 2 9 30
3 2 13 30
2 2 9 37
3 2 19 38
6 2 13 37
7 2 9 38
2 2 9 46
3 2 9 55
2 2 9 68
5 2 9 77
6 2 12 78
1 2 11 76
2 2 11 75
5 2 16 74
2 2 16 74
1 2 9 82
1 2 14 82
1 2 9 156
5 2 17 155
4 2 16 155
4 2 11 155
1 2 9 178
3 2 9 189
4 2 14 188
1 2 16 187
5 2 17 186
5 2 9 219
1 2 9 222
3 2 9 225
1 2 9 238
1 2 9 245
1 2 13 245
3 2 16 246
3 2 9 252
2 2 9 255
1 2 9 298
6 2 9 297
1 2 9 321
5 2 15 319
2 2 11 322
2 2 16 321
5 2 10 322
2 2 9 337
6 2 9 362
4 2 18 361
1 2 16 361
1 2 14 362
3 2 14 361
5 2 9 364
3 2 9 372
2 2 13 371
5 2 9 374
6 2 9 400
1 2 12 401
2 2 13 401
2 2 9 404
1 2 9 405
1 2 11 404
2 2 9 413
5 2 9 413
6 2 9 427
4 2 9 469
3 2 10 468
5 2 9 487
2 2 14 486
2 2 12 487
5 2 9 493
6 2 9 495
7 2 8 8
1 2 9 7
5 2 9 8
1 2 14 7
3 2 8 15
4 2 8 15
4 2 13 15
2 2 9 15
1 2 9 14
7 2 9 15
5 2 10 16
4 2 8 24
1 2 13 25
4 2 9 23
6 2 8 46
2 2 11 47
7 2 14 47
1 2 15 48
4 2 9 45
4 2 8 48
1 2 12 49
6 2 15 49
3 2 8 56
4 2 11 57
5 2 13 56
6 2 14 56
1 2 13 57
4 2 8 61
3 2 9 62
4 2 16 64
4 2 15 62
2 2 13 63
3 2 11 63
2 2 14 64
3 2 13 62
1 2 14 61
6 2 12 63
5 2 8 65
4 2 11 65
4 2 8 66
1 2 12 68
2 2 8 84
4 2 9 85
2 2 10 85
4 2 12 87
1 2 11 84
6 2 10 84
2 2 14 83
3 2 10 85
4 2 10 86
2 2 8 98
1 2 9 99
1 2 8 97
2 2 14 96
2 2 9 97
6 2 8 100
2 2 8 105
1 2 15 105
2 2 15 106
6 2 12 105
2 2 13 104
4 2 8 127
1 2 10 127
3 2 8 137
1 2 12 138
3 2 12 138
6 2 8 136
2 2 12 138
7 2 12 139
5 2 10 137
4 2 8 149
2 2 8 150
4 2 9 151
2 2 8 157
7 2 8 158
4 2 8 160
1 2 13 161
2 2 8 164
3 2 8 175
3 2 17 174
1 2 16 174
1 2 15 176
4 2 14 174
4 2 8 180
7 2 8 188
2 2 11 189
2 2 16 190
6 2 8 190
1 2 8 195
5 2 8 196
7 2 8 198
7 2 8 211
5 2 16 210
3 2 13 212
2 2 10 210
3 2 14 211
4 2 13 212
1 2 10 212
3 2 16 214
3 2 14 213
4 2 8 213
3 2 11 214
4 2 9 212
7 2 8 217
2 2 13 217
4 2 10 217
3 2 11 217
3 2 15 218
3 2 8 217
3 2 8 231
2 2 18 232
5 2 8 233
3 2 8 233
3 2 9 234
3 2 8 248
1 2 14 247
2 2 8 253
2 2 8 268
1 2 13 266
4 2 17 265
1 2 16 265
3 2 11 267
1 2 15 268
2 2 8 279
4 2 8 278
3 2 14 277
6 2 8 277
3 2 8 285
6 2 13 286
4 2 9 286
7 2 12 287
5 2 8 291
6 2 12 290
7 2 11 290
1 2 10 289
6 2 8 302
4 2 14 301
2 2 8 303
5 2 10 302
5 2 8 302
3 2 8 310
1 2 18 288
3 2 8 320
1 2 14 321
5 2 13 321
3 2 11 322
3 2 12 323
2 2 11 323
3 2 8 332
2 2 9 331
6 2 8 349
5 2 8 352
5 2 8 356
2 2 18 311
1 2 10 355
1 2 8 362
4 2 12 361
2 2 8 363
1 2 8 366
5 2 8 379
1 2 10 377
3 2 9 378
1 2 9 380
1 2 8 378
5 2 8 386
1 2 15 385
3 2 14 385
1 2 10 387
5 2 8 388
2 2 15 389
4 2 14 389
3 2 8 388
5 2 13 390
2 2 8 392
1 2 12 391
1 2 11 393
2 2 11 394
6 2 10 393
2 2 8 397
4 2 8 424
4 2 8 461
1 2 10 462
5 2 13 463
3 2 12 463
6 2 15 462
5 2 16 463
2 2 15 464
1 2 16 465
3 2 14 463
6 2 8 465
2 2 11 464
6 2 11 463
2 2 8 479
5 2 12 478
6 2 9 478
3 2 10 479
8 2 8 489
7 2 10 488
2 2 9 490
6 2 8 493
3 2 8 500
1 2 8 499
2 2 7 1
6 2 7 4
2 2 7 22
2 2 10 20
5 2 13 20
7 2 9 20
6 2 7 23
5 2 13 22
3 2 12 22
6 2 12 24
2 2 12 25
1 2 8 22
1 2 7 24
6 2 7 28
2 2 15 27
2 2 12 28
6 2 12 27
1 2 7 50
4 2 7 49
4 2 12 48
7 2 12 50
2 2 12 51
3 2 11 49
4 2 10 48
3 2 8 48
1 2 8 48
4 2 8 50
5 2 7 48
6 2 7 66
6 2 10 66
2 2 9 66
3 2 7 71
1 2 10 69
5 2 7 74
6 2 12 74
3 2 15 73
4 2 10 75
1 2 7 76
4 2 7 94
3 2 10 94
2 2 7 93
4 2 8 93
3 2 12 92
3 2 9 93
2 2 7 114
7 2 7 114
2 2 7 119
3 2 7 125
5 2 10 126
4 2 10 127
1 2 10 126
4 2 7 133
1 2 7 157
2 2 9 158
6 2 7 164
5 2 13 163
6 2 9 163
6 2 7 183
1 2 15 185
2 2 14 185
4 2 11 184
1 2 16 183
1 2 16 186
2 2 15 183
3 2 9 182
6 2 7 195
5 2 13 195
3 2 7 206
3 2 7 209
5 2 12 208
1 2 11 208
2 2 17 207
3 2 11 207
2 2 15 208
6 2 14 209
2 2 10 207
2 2 12 206
2 2 7 221
3 2 11 222
6 2 9 222
6 2 12 223
6 2 8 220
2 2 7 230
3 2 11 229
5 2 10 231
1 2 7 237
2 2 13 237
7 2 7 236
7 2 12 237
5 2 7 240
5 2 7 244
1 2 14 243
1 2 12 244
6 2 13 243
4 2 14 244
2 2 9 243
4 2 8 243
2 2 8 243
6 2 7 293
1 2 7 296
1 2 7 315
6 2 13 314
6 2 16 313
5 2 11 317
4 2 7 316
1 2 7 323
4 2 8 323
1 2 7 348
5 2 7 350
3 2 8 351
6 2 13 352
7 2 8 352
1 2 13 351
1 2 8 353
4 2 7 362
7 2 7 363
5 2 7 371
5 2 11 371
3 2 7 376
4 2 7 397
6 2 7 418
3 2 7 451
6 2 7 461
1 2 8 460
3 2 7 465
5 2 7 485
6 2 7 499
3 2 7 498
5 2 10 499
1 2 9 499
1 2 8 497
4 2 9 496
3 2 13 495
6 2 11 495
5 2 6 8
6 2 11 9
6 2 8 9
3 2 7 9
7 2 6 23
3 2 9 24
4 2 6 43
4 2 15 42
4 2 12 43
6 2 8 43
3 2 9 42
4 2 7 43
6 2 6 50
2 2 7 49
5 2 6 62
1 2 7 63
1 2 8 63
5 2 7 62
2 2 6 76
3 2 6 79
4 2 6 79
3 2 8 78
4 2 10 79
6 2 6 79
4 2 16 81
1 2 7 81
3 2 8 81
4 2 11 82
5 2 10 82
2 2 11 84
4 2 10 84
6 2 6 91
3 2 10 90
4 2 13 89
2 2 13 89
3 2 7 90
4 2 9 91
2 2 6 91
1 2 8 92
2 2 8 92
5 2 6 104
3 2 10 105
3 2 8 103
4 2 17 102
1 2 7 104
2 2 16 103
4 2 6 104
4 2 7 103
2 2 14 102
5 2 8 104
2 2 6 103
1 2 6 109
1 2 13 109
1 2 12 107
4 2 7 108
2 2 6 108
3 2 6 141
6 2 9 140
3 2 6 149
2 2 6 176
2 2 6 181
4 2 6 196
7 2 6 202
3 2 11 202
6 2 12 201
4 2 6 201
2 2 8 199
1 2 6 228
6 2 6 244
7 2 6 265
2 2 11 266
2 2 14 265
5 2 9 266
3 2 14 268
7 2 15 268
8 2 6 285
1 2 6 288
4 2 6 291
5 2 6 292
4 2 7 293
2 2 10 292
2 2 7 293
5 2 6 295
4 2 6 299
8 2 9 300
3 2 6 335
3 2 7 335
7 2 6 335
2 2 6 336
1 2 12 337
5 2 6 341
1 2 6 340
2 2 13 339
1 2 7 340
3 2 6 429
5 2 6 435
2 2 8 436
7 2 12 437
5 2 13 439
4 2 9 435
3 2 9 436
3 2 13 435
6 2 14 434
5 2 13 435
5 2 9 437
3 2 7 435
4 2 8 434
6 2 11 435
2 2 7 435
3 2 8 434
5 2 6 440
2 2 12 440
3 2 9 439
1 2 9 440
1 2 16 441
3 2 10 442
2 2 6 446
2 2 9 448
2 2 6 453
7 2 11 453
6 2 16 454
2 2 10 454
1 2 10 453
4 2 9 453
6 2 6 463
6 2 6 476
3 2 11 477
1 2 6 484
4 2 6 487
2 2 8 488
1 2 6 499
3 2 5 2
3 2 7 2
4 2 8 2
3 2 5 15
3 2 5 17
2 2 9 17
2 2 10 18
5 2 15 19
3 2 14 16
4 2 13 16
1 2 8 17
8 2 5 24
2 2 5 25
3 2 11 26
4 2 5 30
2 2 5 32
2 2 8 32
6 2 8 31
5 2 5 45
2 2 5 52
2 2 5 56
1 2 5 57
4 2 5 83
4 2 6 83
2 2 9 83
2 2 6 82
3 2 5 90
1 2 5 91
3 2 5 104
8 2 7 104
4 2 5 112
2 2 5 130
5 2 5 134
4 2 5 140
3 2 7 140
1 2 7 140
1 2 5 143
1 2 11 144
5 2 5 144
6 2 14 145
3 2 16 144
4 2 5 145
6 2 9 144
7 2 11 145
4 2 9 145
2 2 9 146
5 2 6 146
3 2 9 147
5 2 5 156
1 2 5 172
1 2 11 173
7 2 5 171
5 2 12 171
3 2 11 170
4 2 5 184
3 2 5 221
2 2 5 234
2 2 5 240
4 2 10 239
5 2 9 239
3 2 9 238
4 2 6 239
1 2 5 239
1 2 5 245
3 2 12 246
2 2 13 246
5 2 13 247
2 2 13 248
5 2 13 249
3 2 12 250
1 2 5 254
2 2 5 299
1 2 16 299
4 2 7 298
2 2 12 299
2 2 5 303
1 2 5 306
2 2 7 308
1 2 11 307
2 2 6 306
2 2 11 305
5 2 5 305
4 2 5 320
3 2 5 333
3 2 5 339
1 2 13 338
4 2 6 339
2 2 5 341
4 2 9 341
3 2 10 343
3 2 6 340
3 2 5 344
2 2 5 351
1 2 5 354
3 2 5 371
1 2 9 370
2 2 11 369
4 2 10 370
3 2 8 371
6 2 5 389
3 2 8 389
2 2 6 389
7 2 5 390
6 2 12 391
2 2 11 391
4 2 5 421
3 2 15 420
1 2 5 421
3 2 11 420
2 2 5 427
2 2 6 426
1 2 12 425
1 2 10 426
3 2 5 452
3 2 6 453
5 2 5 454
5 2 10 454
4 2 9 455
1 2 13 455
3 2 13 456
4 2 12 455
5 2 5 460
4 2 5 464
4 2 11 465
1 2 16 466
2 2 6 463
4 2 8 463
3 2 5 468
5 2 9 467
6 2 8 467
4 2 6 468
4 2 7 467
3 2 15 466
1 2 5 470
2 2 5 486
1 2 8 485
7 2 5 487
1 2 6 487
3 2 7 488
4 2 6 486
5 2 6 487
4 2 6 489
3 2 9 489
1 2 5 486
2 2 5 490
2 2 4 43
2 2 4 45
5 2 4 47
2 2 8 46
1 2 4 47
3 2 6 46
5 2 4 64
2 2 4 71
2 2 6 70
4 2 10 71
5 2 11 72
3 2 12 74
4 2 4 74
3 2 4 78
1 2 6 79
4 2 4 90
6 2 5 89
1 2 11 88
1 2 15 87
1 2 12 87
2 2 9 88
2 2 12 87
4 2 6 88
1 2 4 98
1 2 4 104
5 2 6 103
2 2 10 103
1 2 4 110
3 2 8 111
4 2 13 113
2 2 7 112
4 2 9 112
1 2 12 113
6 2 7 111
2 2 10 110
3 2 6 111
2 2 6 112
3 2 8 113
6 2 4 119
1 2 12 119
1 2 10 120
4 2 7 120
4 2 4 119
5 2 6 120
2 2 14 120
8 2 13 120
5 2 4 118
1 2 10 117
2 2 10 117
3 2 10 118
2 2 6 117
4 2 4 130
1 2 10 130
4 2 8 130
2 2 4 130
5 2 7 129
5 2 4 131
2 2 12 133
1 2 11 134
3 2 6 130
4 2 7 131
5 2 6 131
3 2 4 133
2 2 9 134
2 2 4 138
1 2 4 159
4 2 10 159
7 2 9 159
3 2 8 158
5 2 8 159
3 2 4 171
2 2 6 171
3 2 8 172
1 2 7 171
1 2 4 174
2 2 4 188
5 2 14 187
4 2 7 189
1 2 12 188
3 2 8 188
2 2 10 188
6 2 9 187
3 2 6 187
5 2 7 187
4 2 4 194
5 2 12 194
2 2 7 193
3 2 6 194
2 2 6 194
1 2 4 204
2 2 8 203
2 2 14 204
2 2 6 206
1 2 4 207
1 2 9 207
4 2 8 208
5 2 7 206
1 2 8 205
3 2 9 205
5 2 4 214
1 2 9 215
4 2 10 214
1 2 5 213
3 2 4 224
3 2 4 242
1 2 10 242
2 2 9 243
1 2 4 243
1 2 4 255
2 2 13 256
1 2 12 256
3 2 4 257
1 2 7 258
2 2 10 259
4 2 6 259
2 2 11 260
5 2 17 261
6 2 16 261
2 2 16 262
3 2 4 267
1 2 4 274
1 2 13 273
5 2 13 272
4 2 5 273
7 2 13 274
1 2 8 273
3 2 13 272
1 2 12 272
2 2 9 274
2 2 6 272
1 2 10 271
5 2 10 271
4 2 15 270
6 2 4 273
3 2 8 275
2 2 9 274
5 2 8 274
3 2 4 273
2 2 4 272
3 2 4 275
5 2 7 276
2 2 4 293
2 2 4 295
3 2 6 297
1 2 5 298
3 2 4 304
5 2 4 308
2 2 4 323
3 2 4 324
4 2 4 328
4 2 13 326
4 2 11 327
1 2 4 359
3 2 4 386
3 2 4 399
1 2 4 403
7 2 4 404
2 2 12 406
2 2 17 355
2 2 10 405
6 2 13 404
4 2 4 406
3 2 8 406
1 2 4 413
2 2 6 414
2 2 4 425
2 2 4 429
3 2 4 438
2 2 5 437
7 2 8 407
5 2 10 437
3 2 9 407
1 2 4 440
2 2 10 408
5 2 4 450
5 2 4 462
4 2 4 471
1 2 4 482
2 2 3 7
1 2 8 6
2 2 11 5
4 2 8 7
6 2 6 7
6 2 11 6
3 2 5 8
3 2 3 7
4 2 3 14
3 2 13 13
3 2 12 440
2 2 5 14
6 2 3 19
3 2 3 23
3 2 3 32
5 2 11 31
1 2 8 32
2 2 6 32
2 2 3 39
3 2 10 38
4 2 11 37
3 2 13 36
6 2 12 13
5 2 11 14
4 2 10 14
4 2 3 40
6 2 12 41
4 2 10 41
2 2 4 40
7 2 9 41
1 2 6 39
2 2 5 39
4 2 6 39
4 2 3 53
1 2 5 52
2 2 3 63
3 2 3 63
4 2 3 70
2 2 8 70
1 2 8 69
3 2 8 68
1 2 3 74
2 2 9 73
2 2 7 74
6 2 6 74
7 2 7 75
7 2 3 94
1 2 6 93
5 2 3 93
2 2 3 105
4 2 3 109
5 2 3 126
1 2 3 127
5 2 5 126
2 2 3 142
4 2 3 149
5 2 8 150
2 2 5 151
6 2 3 165
4 2 11 166
1 2 7 163
5 2 9 162
2 2 7 166
2 2 9 167
2 2 4 164
1 2 4 166
5 2 3 204
3 2 3 214
1 2 9 214
8 2 7 213
4 2 3 215
1 2 3 216
3 2 10 217
3 2 3 218
7 2 3 218
2 2 6 219
3 2 6 220
2 2 10 221
2 2 3 226
5 2 8 227
2 2 3 229
1 2 6 229
5 2 3 250
1 2 9 249
6 2 6 249
2 2 3 264
4 2 3 270
1 2 4 269
2 2 13 36
1 2 13 35
5 2 13 268
4 2 3 291
1 2 3 297
2 2 8 295
2 2 3 309
6 2 9 309
2 2 3 313
5 2 9 315
4 2 3 332
6 2 5 331
2 2 14 35
1 2 12 330
6 2 11 331
3 2 8 330
5 2 5 331
4 2 11 332
3 2 3 352
5 2 3 360
2 2 10 360
3 2 11 359
5 2 3 377
1 2 4 378
5 2 4 377
2 2 3 377
7 2 5 377
5 2 3 381
2 2 4 381
7 2 3 401
1 2 3 423
1 2 3 436
2 2 3 440
3 2 8 441
2 2 3 444
5 2 7 443
3 2 5 445
5 2 6 447
5 2 5 445
2 2 4 445
1 2 3 466
1 2 3 485
4 2 3 499
3 2 2 74
2 2 2 76
7 2 2 79
1 2 8 77
1 2 8 80
6 2 7 77
1 2 5 79
2 2 2 79
5 2 2 88
2 2 5 87
6 2 8 86
4 2 6 89
4 2 3 87
1 2 2 89
3 2 2 96
2 2 6 97
3 2 2 104
1 2 2 109
2 2 7 111
4 2 6 111
5 2 2 111
3 2 5 110
2 2 3 113
4 2 2 125
2 2 2 128
1 2 12 330
1 2 8 128
7 2 2 129
2 2 5 131
1 2 2 130
6 2 2 139
5 2 2 141
1 2 9 142
5 2 4 142
1 2 7 141
1 2 2 174
6 2 2 176
4 2 13 129
1 2 5 177
5 2 2 175
4 2 3 174
2 2 9 173
5 2 8 173
3 2 2 174
5 2 2 196
6 2 2 199
3 2 2 201
1 2 5 203
7 2 6 202
4 2 3 201
1 2 2 207
1 2 6 206
1 2 2 230
2 2 2 238
3 2 5 238
4 2 5 237
4 2 2 241
5 2 2 244
2 2 3 244
4 2 2 255
4 2 8 254
2 2 2 260
6 2 8 259
4 2 2 282
3 2 11 177
2 2 11 177
4 2 11 281
4 2 13 178
6 2 5 282
5 2 12 281
5 2 13 280
5 2 2 290
2 2 4 281
4 2 12 282
1 2 5 289
3 2 6 288
3 2 2 297
5 2 2 319
4 2 5 320
2 2 2 325
4 2 2 337
3 2 11 338
2 2 2 338
5 2 8 339
2 2 6 339
1 2 4 337
3 2 2 338
3 2 2 347
2 2 6 348
2 2 2 348
2 2 3 347
3 2 6 347
5 2 11 346
1 2 8 347
3 2 3 346
3 2 7 345
1 2 2 350
1 2 2 383
3 2 2 399
5 2 2 409
5 2 13 281
2 2 12 409
6 2 4 409
4 2 7 410
6 2 2 431
5 2 3 409
1 2 2 433
7 2 7 433
3 2 6 431
2 2 7 431
6 2 6 431
5 2 7 432
3 2 5 432
3 2 2 433
5 2 6 431
6 2 2 452
2 2 2 456
3 2 2 458
6 2 6 434
1 2 2 471
1 2 2 473
6 2 9 457
2 2 10 457
3 2 8 473
5 2 7 473
3 2 4 473
2 2 7 473
2 2 2 472
1 2 5 473
2 2 4 470
3 2 2 471
6 2 3 472
3 2 2 475
2 2 10 472
4 2 2 485
5 2 2 484
5 2 6 484
2 2 1 14
4 2 2 13
2 2 9 12
3 2 5 12
2 2 10 474
3 2 3 12
3 2 10 11
5 2 1 15
3 2 1 20
6 2 2 14
6 2 1 28
1 2 3 20
4 2 3 29
1 2 5 31
4 2 4 20
6 2 4 21
2 2 7 22
1 2 5 21
1 2 1 45
1 2 7 28
3 2 1 47
6 2 1 56
5 2 4 56
1 2 7 56
5 2 9 44
4 2 2 55
2 2 3 56
3 2 5 57
7 2 4 55
1 2 6 54
4 2 1 59
5 2 6 57
2 2 1 59
6 2 1 63
1 2 1 64
1 2 1 81
7 2 5 58
1 2 5 82
1 2 2 81
4 2 2 81
5 2 1 97
2 2 4 58
1 2 4 58
2 2 1 110
6 2 4 111
2 2 2 111
6 2 1 118
2 2 1 121
3 2 6 96
1 2 6 95
4 2 5 97
5 2 1 122
5 2 1 129
2 2 1 131
2 2 2 132
1 2 7 123
5 2 2 133
4 2 1 137
2 2 9 136
6 2 7 133
4 2 8 132
1 2 5 136
7 2 8 136
2 2 1 149
7 2 1 148
1 2 1 152
2 2 1 153
2 2 1 172
3 2 4 136
5 2 5 136
3 2 1 195
2 2 2 194
2 2 7 171
5 2 1 220
2 2 10 220
1 2 3 220
7 2 7 193
2 2 8 192
2 2 9 219
4 2 1 227
7 2 9 226
4 2 1 230
4 2 5 231
3 2 4 229
5 2 1 232
3 2 1 237
3 2 4 237
6 2 2 237
2 2 1 237
1 2 1 238
2 2 1 248
4 2 1 250
4 2 4 249
1 2 1 254
2 2 1 256
1 2 1 257
5 2 1 267
6 2 8 266
3 2 8 267
1 2 1 268
3 2 1 283
2 2 1 291
3 2 4 290
5 2 3 291
3 2 1 300
1 2 1 309
3 2 4 310
5 2 2 310
1 2 1 312
2 2 13 191
5 2 7 314
3 2 1 357
1 2 9 358
2 2 1 361
4 2 4 363
3 2 3 363
4 2 2 362
3 2 7 361
1 2 6 361
5 2 6 361
1 2 1 368
5 2 10 313
3 2 10 367
6 2 10 369
5 2 5 367
2 2 5 366
4 2 3 369
5 2 4 370
3 2 1 369
6 2 1 368
3 2 1 372
1 2 3 373
1 2 6 372
1 2 1 388
1 2 3 388
3 2 1 393
5 2 7 393
3 2 7 392
1 2 10 391
5 2 4 393
2 2 3 393
1 2 5 394
5 2 12 314
1 2 7 396
3 2 3 394
4 2 2 394
3 2 2 393
2 2 2 395
5 2 1 407
6 2 9 408
1 2 5 406
6 2 4 392
4 2 4 409
1 2 4 410
3 2 4 411
6 2 1 408
3 2 1 409
4 2 1 414
3 2 12 406
2 2 9 415
2 2 3 414
3 2 1 419
2 2 11 418
2 2 8 419
3 2 12 418
1 2 9 420
7 2 2 418
3 2 3 415
7 2 8 419
5 2 10 418
7 2 4 416
2 2 3 416
4 2 1 420
3 2 5 416
2 2 9 415
2 2 1 429
3 2 8 428
1 2 1 435
2 2 1 439
1 2 1 453
2 2 3 454
1 2 1 458
5 2 6 457
7 2 11 420
2 2 2 459
4 2 1 458
3 2 5 459
5 2 1 460
3 2 1 482
5 2 7 483
6 2 1 488
3 2 1 487
6 2 3 488
6 2 4 489
8 2 3 489
5 2 3 489
3 2 2 488
4 2 1 486
4 2 2 487
5 2 1 487
2 2 1 486
1 2 1 488
3 2 1 488
5 2 3 488
3 2 1 495
3 2 3 494
1 2 5 493
2 2 12 457
4 3 14 72
5 3 14 124
8 2 13 124
1 3 14 315
2 3 13 235
4 3 13 356
6 2 12 356
3 3 13 451
5 3 13 496
2 3 12 101
2 3 12 223
2 3 12 329
1 3 12 452
2 3 11 116
2 3 11 144
2 3 11 192
4 2 11 191
2 3 11 325
3 3 14 326
2 3 11 327
2 3 11 359
2 3 11 385
3 2 14 385
2 3 11 422
1 3 11 421
1 3 11 428
5 2 10 428
1 3 10 42
1 3 10 69
2 3 10 122
2 3 10 151
3 3 10 235
3 3 10 260
1 3 10 314
2 3 10 318
1 2 9 319
2 3 10 321
4 3 10 422
2 2 9 422
4 3 10 450
1 3 10 462
2 3 9 60
2 2 10 60
5 2 10 60
2 2 12 61
4 3 9 67
2 2 8 68
5 3 9 101
5 3 9 115
3 3 9 201
3 3 9 240
2 2 8 240
2 3 9 246
2 3 9 276
1 3 9 280
1 3 9 283
2 2 11 282
1 3 9 354
6 3 9 390
1 3 9 414
1 3 9 471
2 3 8 41
2 3 8 80
3 3 8 144
3 3 8 173
3 3 8 193
6 2 11 192
3 3 8 262
1 2 14 261
3 2 14 262
6 3 8 299
5 2 10 299
3 2 11 300
5 3 8 360
4 3 8 366
2 3 8 368
1 3 8 385
8 2 8 384
7 2 9 383
2 3 11 381
4 2 9 382
4 3 8 384
4 3 8 402
2 2 11 402
3 3 8 452
1 3 8 489
5 3 7 26
2 2 7 27
2 3 7 31
5 3 7 34
2 2 14 33
3 2 9 34
2 3 7 75
3 3 7 165
1 3 7 178
4 2 10 180
2 2 8 178
3 3 7 189
4 3 7 256
1 2 10 255
3 2 9 256
6 3 7 260
1 3 7 278
6 2 8 279
4 3 7 283
1 3 7 330
5 2 11 329
1 3 7 432
1 3 7 474
1 3 6 67
3 2 8 68
5 3 6 117
5 3 6 169
1 3 8 170
4 3 6 251
1 3 13 252
4 2 13 253
3 3 13 251
2 3 6 257
6 2 6 256
3 3 6 273
4 2 5 273
2 3 6 300
6 2 10 300
2 2 10 299
3 2 10 301
1 2 8 300
6 3 6 322
3 3 6 323
1 3 6 343
2 2 10 342
3 2 9 342
2 2 8 343
6 2 7 344
8 2 5 344
6 3 6 346
1 3 6 386
2 3 6 446
5 3 7 446
1 3 6 491
2 2 10 491
4 2 9 491
6 2 7 490
4 2 6 492
2 3 6 490
1 2 9 489
1 2 7 490
5 2 6 489
4 3 6 498
3 3 5 25
3 3 5 60
2 3 5 90
2 3 5 115
2 3 5 147
3 3 5 159
1 3 6 160
3 3 5 163
5 3 5 216
1 3 9 215
1 3 6 217
2 3 5 239
5 3 5 278
2 2 5 278
1 2 4 278
3 3 6 279
2 2 8 279
4 2 11 280
2 2 6 279
2 3 5 323
1 2 11 325
1 2 4 324
5 2 5 323
3 2 5 323
4 2 4 325
5 2 10 326
1 3 5 324
3 3 5 357
2 2 10 356
1 3 5 375
4 2 4 375
1 3 5 418
1 3 5 448
3 2 9 449
6 2 9 450
7 2 6 447
1 3 4 12
2 2 7 12
2 3 10 10
4 3 4 71
6 3 4 179
2 2 6 177
3 2 9 176
3 2 3 181
3 3 4 278
6 2 5 279
7 2 4 279
4 3 4 299
5 2 3 299
4 2 2 299
5 3 4 301
2 3 4 386
6 3 6 388
5 3 4 442
2 3 10 441
3 3 4 454
5 3 4 469
1 3 3 30
5 2 3 30
1 2 6 29
6 3 3 32
1 2 2 33
1 2 7 33
4 3 3 49
2 3 3 92
6 3 3 106
5 2 10 106
2 2 9 106
5 3 3 109
1 3 4 109
1 3 3 112
3 3 3 151
2 3 3 161
2 2 4 161
3 2 4 160
2 2 13 161
3 3 3 188
1 2 4 187
3 3 3 227
3 2 6 227
2 2 8 226
4 2 6 228
3 3 3 254
5 3 3 259
4 3 3 448
4 2 4 449
4 3 6 450
2 3 4 448
3 2 4 447
5 2 5 448
4 3 3 452
7 2 2 452
1 3 3 475
4 3 9 475
2 2 10 477
5 2 9 477
7 2 9 477
3 3 6 474
1 3 3 476
6 2 3 476
1 3 3 480
1 3 9 480
2 2 10 479
7 2 11 480
4 3 2 16
4 3 9 17
4 3 2 50
4 2 8 51
4 3 2 77
4 2 4 77
7 3 2 112
1 3 2 147
2 3 2 165
1 3 3 165
1 2 7 166
1 2 5 165
1 3 2 170
2 2 4 169
7 2 9 168
4 2 4 168
4 3 2 252
1 2 11 251
1 2 5 251
4 3 2 288
2 2 7 289
2 2 2 287
1 2 12 286
2 2 9 288
2 2 7 286
1 3 9 289
1 3 6 288
5 3 2 327
2 2 3 327
2 2 6 327
2 3 7 329
6 2 6 329
4 3 2 350
2 2 10 349
5 2 1 350
7 2 3 350
6 2 3 351
6 3 2 360
3 2 7 359
6 2 4 361
2 3 2 374
2 3 2 388
3 3 2 424
2 2 9 425
3 2 5 423
4 2 5 426
4 2 4 423
1 3 2 442
2 3 8 443
2 3 2 475
1 3 2 498
3 2 2 497
4 3 1 40
1 3 6 39
3 3 1 67
2 2 2 68
6 2 7 69
1 2 2 69
2 3 1 90
6 2 1 89
4 3 1 102
3 2 9 101
3 2 7 102
2 2 8 101
2 3 1 122
2 2 11 124
1 3 1 126
1 3 1 202
3 2 7 203
7 2 1 201
2 2 1 203
3 2 1 204
5 3 1 240
1 3 1 249
5 3 5 250
2 3 1 249
2 2 4 251
5 2 1 249
2 2 3 248
5 2 5 247
1 3 7 248
2 3 1 266
1 3 1 273
2 3 1 282
2 2 5 281
2 2 3 283
2 2 2 281
2 3 5 284
5 2 4 284
2 3 1 306
3 3 1 318
2 2 8 317
1 3 1 335
1 2 3 335
1 2 2 336
1 3 1 354
2 2 8 352
2 3 4 354
6 2 3 354
4 3 2 353
2 2 1 353
2 3 6 355
2 3 1 372
7 3 1 373
6 2 7 372
4 2 2 372
1 3 1 396
4 2 1 396
1 2 6 395
2 2 5 398
5 3 1 405
1 2 11 404
2 3 1 407
5 2 4 408
5 2 1 407
1 3 1 438
6 2 4 437
3 3 1 460
1 2 5 462
1 3 2 461
5 3 1 489
3 2 5 491
1 3 1 491
5 2 3 492
6 2 2 492
2 3 2 491
6 2 3 490
5 2 1 492
1 2 5 492
1 2 3 492
3 2 1 491
2 3 1 492
1 2 5 493
6 2 2 492
1 3 1 494
2 4 14 209
1 4 12 37
1 4 12 232
4 4 12 383
1 4 11 95
3 4 11 119
1 4 11 199
2 4 11 478
1 4 10 10
1 4 10 61
4 2 9 61
3 4 10 152
1 4 9 36
1 4 9 196
2 4 9 223
1 2 8 223
5 2 7 223
1 4 9 268
2 4 9 296
3 2 8 296
1 2 7 296
5 2 6 297
5 4 9 455
1 4 8 72
4 4 8 128
2 4 8 162
2 4 8 182
1 4 8 210
1 2 11 210
1 4 8 313
2 4 7 34
3 4 7 59
1 4 7 182
5 2 7 181
3 2 6 184
3 4 7 203
1 4 7 252
3 4 7 268
6 2 6 269
4 4 7 305
3 2 7 304
2 4 7 416
4 4 6 1
2 4 6 124
3 2 5 124
5 2 5 123
1 2 8 122
4 2 4 123
3 3 5 122
4 4 6 138
2 4 6 160
2 4 6 162
7 2 5 162
3 2 5 162
1 4 6 173
2 2 8 175
4 2 6 172
4 2 6 175
1 4 6 241
6 4 6 247
3 4 6 336
2 4 5 80
6 4 5 198
4 4 5 233
2 4 5 318
1 2 9 316
6 2 9 315
1 3 6 318
1 4 5 320
4 2 6 321
4 4 5 331
2 2 6 332
3 2 5 332
3 3 7 333
3 4 5 363
4 4 5 367
5 2 7 366
1 2 6 368
1 4 8 369
2 4 5 431
1 2 5 430
1 4 5 494
6 4 4 114
2 2 7 113
6 2 4 115
1 2 3 114
2 4 4 144
4 2 4 143
3 3 4 145
3 4 4 171
2 4 4 179
2 4 4 197
1 4 4 234
5 4 4 282
1 4 4 315
3 4 4 348
5 4 3 148
4 4 3 160
6 2 2 161
5 4 3 182
2 2 5 181
1 4 3 309
4 2 1 310
3 2 1 311
2 4 3 318
5 2 2 318
7 2 2 319
1 4 3 344
4 2 2 346
5 2 2 346
1 3 6 345
7 3 3 343
4 4 3 377
4 4 3 434
3 2 3 433
3 2 5 432
3 4 3 450
1 4 3 457
3 4 2 41
2 2 1 43
1 2 5 42
5 2 1 44
2 4 2 47
3 4 2 119
2 2 2 120
1 2 1 120
2 3 8 118
2 3 2 120
1 4 2 137
2 3 3 136
4 2 3 135
1 4 2 157
4 2 2 156
7 2 1 158
2 3 4 155
3 2 3 155
7 2 7 154
2 4 2 177
7 2 6 179
6 2 5 180
1 4 3 180
4 4 2 213
2 3 2 213
3 2 1 213
6 4 2 220
6 2 7 221
5 2 6 221
1 2 1 220
1 2 2 220
7 2 2 220
4 2 1 221
8 2 1 222
1 3 2 221
6 4 2 325
3 2 8 325
2 4 2 385
4 2 2 386
1 4 2 471
2 4 2 479
4 2 9 481
1 2 4 478
3 3 3 478
3 4 6 482
6 2 8 481
1 4 1 13
5 2 2 15
1 4 1 134
2 4 1 156
6 4 1 237
2 4 1 241
3 4 1 253
2 2 3 255
3 4 1 260
2 2 9 259
1 3 1 262
1 2 10 263
4 4 1 273
1 4 1 290
3 4 1 311
2 2 7 311
5 2 6 311
6 3 5 310
4 4 1 345
3 4 1 410
2 4 1 417
3 2 1 417
1 4 1 456
4 2 2 455
4 4 1 472
2 4 1 481
5 2 5 480
1 5 12 185
2 5 11 186
4 5 10 52
2 2 10 53
1 5 8 185
7 2 8 185
3 2 8 186
1 5 8 396
2 5 7 269
2 5 7 354
5 2 8 356
4 2 7 356
3 2 6 354
3 5 7 413
3 5 6 11
1 5 6 331
7 3 5 331
3 5 6 382
1 5 6 462
5 2 5 464
1 5 6 483
2 5 6 486
1 5 5 37
2 5 5 96
4 5 5 110
2 5 5 185
3 5 5 242
3 2 8 244
2 2 7 244
3 5 5 415
3 5 4 18
1 2 5 17
1 5 4 25
1 3 8 27
3 5 4 155
2 2 9 154
2 3 8 157
2 5 4 201
2 5 4 295
3 5 4 323
2 2 5 322
6 2 4 322
3 5 4 425
1 5 4 455
2 5 4 467
5 2 5 468
7 3 3 467
3 2 3 468
4 5 3 178
4 5 3 185
2 5 3 212
2 2 6 211
1 3 3 211
5 2 7 211
6 2 7 210
5 2 8 210
4 3 3 210
7 2 6 209
5 3 1 213
4 5 3 355
5 2 2 355
4 5 3 477
1 5 2 76
2 5 2 187
4 2 3 186
6 2 2 186
2 5 2 273
4 5 2 419
5 2 3 419
6 2 2 419
4 5 2 427
7 2 1 428
5 2 3 427
2 2 2 428
4 5 2 457
2 2 1 459
6 2 4 459
2 2 4 460
2 5 2 465
5 2 1 465
3 2 2 464
6 2 1 465
1 5 1 48
6 2 2 48
5 5 1 51
2 2 4 52
4 2 3 52
6 2 3 53
2 3 2 52
1 4 5 54
4 5 4 55
6 2 3 56
3 2 4 56
2 2 3 56
2 5 1 97
1 2 1 100
2 2 4 99
2 2 3 102
2 5 1 213
5 2 1 214
5 5 1 329
3 5 1 475
6 5 1 478
3 6 11 64
2 6 9 229
3 6 8 34
1 6 8 63
1 6 8 215
4 6 8 374
6 2 8 374
2 6 7 435
4 6 6 66
3 6 6 138
1 6 6 149
1 6 6 182
2 6 6 197
3 2 6 196
1 6 6 206
3 6 6 382
4 2 5 382
2 2 5 383
1 6 5 31
2 6 5 58
5 2 4 58
1 3 4 60
7 2 5 60
6 2 3 60
1 6 5 84
5 2 3 86
3 6 5 159
1 6 5 228
2 4 5 227
5 2 4 227
1 6 4 51
1 6 4 271
3 6 4 277
3 6 3 50
1 6 3 126
1 6 3 129
3 6 3 165
2 6 3 229
4 6 3 290
6 2 6 289
3 2 4 290
5 2 2 292
7 2 1 293
3 6 3 345
5 2 6 346
3 6 3 477
1 2 2 477
2 6 2 98
1 2 1 100
1 6 2 161
5 2 2 163
2 6 1 102
4 2 4 106
3 2 1 105
2 6 1 115
1 4 6 115
6 2 7 117
2 6 1 295
1 6 1 334
2 3 1 335
1 6 4 331
6 2 4 332
4 2 3 331
1 6 1 350
2 2 1 352
1 6 1 437
6 2 3 439
3 7 8 151
1 7 6 3
4 7 6 203
2 7 5 282
5 2 6 282
1 7 5 435
1 7 5 467
2 7 4 154
5 7 4 204
1 2 3 204
3 2 2 204
2 2 2 205
4 2 2 206
3 2 6 207
1 2 5 208
1 2 2 207
3 2 1 205
3 7 4 240
1 2 2 242
2 7 4 392
3 2 7 391
4 2 6 391
5 2 7 390
1 7 4 394
3 7 4 413
8 2 3 414
7 2 3 413
1 2 2 414
6 2 2 413
1 7 3 17
7 2 1 20
2 2 1 20
5 2 1 19
1 7 3 100
4 2 1 101
1 7 3 372
2 2 7 374
2 4 4 372
2 5 4 370
7 2 5 370
3 4 3 370
3 7 3 400
5 2 2 400
4 2 2 399
4 2 3 398
1 6 8 396
1 6 2 398
3 7 3 455
4 2 3 455
2 6 4 457
2 7 2 62
2 7 2 194
4 2 2 193
1 7 2 380
4 2 2 383
2 7 1 3
3 7 1 123
2 7 1 140
4 2 2 144
1 2 1 141
1 7 5 146
2 7 1 218
1 2 6 220
5 2 5 220
7 2 4 219
1 7 1 228
3 2 2 230
1 8 6 419
3 8 5 307
4 3 3 308
1 8 5 470
3 8 4 173
4 2 4 175
2 2 3 173
1 8 3 104
1 8 3 186
4 2 6 189
6 2 4 189
3 8 3 350
1 2 4 349
5 2 3 349
7 2 3 350
2 8 2 13
2 2 5 12
1 2 4 13
7 2 3 12
2 8 2 122
6 2 1 124
1 8 2 171
3 8 2 230
4 2 1 230
3 8 2 259
6 8 2 295
2 2 6 295
4 2 5 296
1 4 4 294
7 2 2 295
1 5 7 293
2 8 2 397
5 2 7 400
1 5 5 401
1 7 5 398
8 2 4 401
4 2 3 399
7 2 2 400
1 8 1 437
2 2 3 438
6 2 2 437
3 2 1 437
5 2 1 436
1 9 7 250
5 2 6 250
3 9 5 3
7 2 4 6
2 9 3 21
5 2 2 22
1 4 4 20
1 9 3 68
5 3 2 70
1 9 3 193
4 5 7 191
4 9 3 192
3 2 5 191
2 2 4 192
1 9 3 217
3 2 2 217
4 2 1 217
1 9 3 333
6 2 1 334
4 2 1 335
2 2 1 336
5 2 2 337
4 3 1 338
4 2 3 338
2 2 2 338
1 2 1 337
5 2 1 338
3 2 1 337
8 2 1 336
5 2 2 336
4 9 3 349
3 9 3 384
5 2 4 385
7 2 5 386
2 2 4 386
4 2 3 383
5 2 2 383
6 2 2 382
1 2 1 382
8 2 2 381
7 2 2 383
2 9 2 459
5 2 3 458
8 3 2 459
2 9 1 9
4 2 1 10
7 2 4 11
2 3 4 383
1 6 1 9
4 2 3 8
2 9 1 68
7 2 2 69
3 2 1 67
3 2 2 68
6 2 1 66
5 2 1 70
4 2 1 70
1 5 3 8
4 9 1 194
2 2 1 195
1 9 1 346
8 2 2 345
8 2 1 348
2 9 1 373
5 2 4 66
7 2 2 372
3 2 1 372
1 2 1 371
4 2 1 370
3 9 1 427
2 2 3 427
8 2 3 430
4 2 1 428
1 3 1 428
2 2 4 375
2 10 6 249
2 10 5 313
6 2 1 316
3 2 4 313
1 10 3 145
3 2 2 145
5 2 3 144
5 2 3 149
4 2 4 144
5 3 2 147
3 2 1 148
4 2 1 147
1 2 2 148
2 10 3 203
4 2 1 204
3 2 2 203
1 3 1 203
1 10 3 364
3 10 3 412
4 2 1 414
1 10 6 408
3 2 7 410
6 2 6 411
1 10 2 288
4 2 1 288
4 2 4 287
1 2 4 292
6 2 2 287
1 10 1 387
4 3 1 389
3 11 5 15
5 2 2 18
2 2 1 18
6 2 2 18
4 2 2 17
1 11 5 179
5 2 5 181
1 11 5 215
2 11 2 458
4 2 1 458
3 11 1 131
5 2 1 132
5 2 2 133
2 2 2 133
7 3 2 133
1 2 2 132
1 12 2 267
3 3 1 269
1 12 1 88
6 4 1 89
4 2 1 89
7 2 1 88
3 2 1 87
4 2 1 90
4 2 2 87
3 13 3 26
4 2 2 28
5 3 2 26
1 14 4 272
4 2 4 274
1 14 2 20
4 2 2 20
7 2 1 21
4 2 5 24
1 15 3 243
4 2 5 246
3 2 4 246
1 15 2 278
1 15 2 303
4 2 1 304
2 3 2 302
2 15 1 418
6 2 1 422
7 2 1 423
3 2 2 424
1 2 2 425
3 16 6 77
4 2 1 77
5 2 3 80
4 2 1 81
6 2 4 76
3 2 3 76
5 2 4 77
1 16 6 288
1 16 2 131
7 2 1 134
4 2 1 134
5 2 1 135
2 2 3 134
7 2 3 135
1 2 2 134
6 2 1 134
3 2 2 135
2 17 1 228
4 2 2 233
5 2 1 234
3 2 1 234
1 2 2 234
6 2 1 234
1 3 2 227
3 3 1 227
4 2 1 226
7 2 1 227
5 3 1 230
5 2 3 228
1 19 4 153
6 2 3 154
3 3 2 155
4 3 1 155
5 3 3 153
2 19 3 334
1 19 2 325
2 2 3 326
2 2 1 325
2 2 1 328
1 12 4 335
3 2 5 337
1 21 4 107
7 2 1 108
2 2 2 112
1 23 2 36
3 2 1 38
4 2 2 35
3 3 2 34
6 2 5 33
5 2 1 35
6 2 1 35
5 2 1 36
2 4 5 33
5 2 4 33
3 2 6 32
1 23 1 173
1 42 3 380
2 2 3 390
7 2 3 392
4 2 1 388
2 2 1 391
5 3 1 382
3 2 1 382
4 2 1 381
3 2 2 388
5 3 1 388
6 2 3 381
2 2 2 382
2 20 7 116
8 2 1 121
6 2 1 120
