112364
3574
5 2 99 1
8 2 99 14
5 2 98 12
8 2 98 67
5 2 97 23
8 2 97 78
5 2 96 34
8 2 96 89
5 2 95 45
8 2 95 100
8 2 92 1
7 2 92 56
8 2 91 12
7 2 91 67
8 2 90 23
8 2 89 34
7 2 89 89
8 2 88 45
7 2 88 100
8 2 87 38
7 2 85 1
6 2 85 56
7 2 84 12
6 2 84 67
7 2 83 23
6 2 83 78
7 2 82 34
6 2 82 89
7 2 81 45
6 2 81 100
6 2 78 1
5 2 78 56
6 2 77 12
5 2 77 67
6 2 76 23
5 2 76 78
6 2 75 34
8 2 75 62
2 2 91 61
5 2 75 89
5 2 74 100
5 2 71 1
8 2 71 56
5 2 70 12
8 2 70 67
5 2 69 23
8 2 69 78
5 2 68 34
8 2 68 89
5 2 67 45
2 2 74 44
8 2 67 100
8 2 64 1
7 2 64 56
8 2 63 12
7 2 63 67
8 2 63 86
8 2 62 23
7 2 62 78
8 2 61 34
7 2 61 89
8 2 60 45
4 2 89 44
7 2 60 100
7 2 57 1
6 2 57 56
7 2 56 12
6 2 56 67
7 2 55 23
6 2 55 78
7 2 54 34
6 2 54 89
7 2 53 45
6 2 53 100
8 2 51 10
6 2 50 1
5 2 50 56
6 2 49 12
5 2 49 67
6 2 48 23
5 2 48 78
6 2 47 34
5 2 47 89
6 2 46 45
5 2 46 100
5 2 43 1
8 2 43 56
5 2 42 12
8 2 42 67
5 2 41 23
8 2 40 89
8 2 39 34
8 2 39 100
8 2 36 1
7 2 36 56
8 2 35 12
7 2 35 67
8 2 34 23
7 2 34 78
2 2 40 79
8 2 81 56
2 2 64 78
4 2 75 78
8 2 33 34
7 2 33 89
8 2 32 45
7 2 32 100
7 2 29 1
6 2 29 56
7 2 28 12
6 2 28 67
7 2 27 23
8 2 27 58
6 2 27 78
7 2 26 34
6 2 26 89
7 2 25 45
6 2 25 100
6 2 22 1
5 2 22 56
6 2 21 12
5 2 21 67
6 2 20 23
5 2 20 78
6 2 19 34
5 2 19 89
6 2 18 45
5 2 18 100
5 2 15 1
8 2 15 56
8 2 15 82
5 2 14 12
8 2 14 67
5 2 13 23
8 2 13 78
5 2 12 34
8 2 12 89
5 2 11 45
2 2 58 45
8 2 11 100
8 2 8 1
7 2 8 56
8 2 7 12
7 2 7 67
8 2 6 23
8 2 5 34
7 2 5 89
8 2 4 45
2 2 6 44
4 2 43 45
2 2 30 45
7 2 4 100
7 2 1 1
6 2 1 56
4 2 89 79
2 3 89 62
3 2 95 62
4 2 94 62
4 2 96 63
1 2 95 63
1 2 93 62
4 2 90 62
1 2 89 62
4 3 63 45
4 3 55 10
3 2 95 10
1 2 93 10
2 2 92 10
1 2 89 10
3 2 90 9
2 2 98 8
3 2 97 8
4 2 96 8
3 2 93 8
1 2 91 8
2 2 92 8
1 2 85 10
3 2 83 10
4 2 82 10
2 2 82 10
2 2 87 9
4 2 88 8
3 2 88 7
4 2 98 6
1 2 97 6
2 2 96 6
1 2 93 6
3 2 91 6
4 2 90 6
2 2 90 6
1 2 89 6
1 2 81 10
2 2 80 10
3 2 79 10
1 2 77 10
2 2 76 10
3 2 75 10
3 2 71 11
4 2 66 10
1 2 72 9
4 2 84 8
1 2 86 7
4 2 87 8
4 2 86 6
2 2 87 5
2 2 98 4
3 2 97 4
4 2 96 4
3 2 93 4
1 2 91 4
2 2 92 4
1 2 87 4
3 2 86 5
3 2 88 3
4 2 98 2
1 2 97 2
2 2 96 2
1 2 93 2
2 2 92 2
4 2 90 2
3 2 90 2
1 2 89 2
1 2 83 8
3 2 83 8
4 2 87 3
4 2 87 7
2 2 85 7
3 2 81 8
4 2 80 8
1 2 79 8
3 2 77 8
1 2 75 8
2 2 74 8
3 2 73 8
4 2 70 12
1 2 65 10
1 2 67 10
2 2 64 10
4 2 62 10
3 2 55 10
4 2 64 11
1 2 68 12
2 2 67 12
3 2 66 12
2 2 96 13
3 2 95 13
4 2 94 13
2 2 92 13
4 2 90 13
1 2 89 13
4 2 88 3
3 2 90 2
3 2 89 13
1 2 90 5
3 2 88 3
1 2 88 4
2 2 88 13
4 2 86 13
1 2 85 13
2 2 84 13
4 2 82 13
2 2 80 13
3 2 79 13
4 2 78 13
2 2 76 13
4 2 74 13
1 2 73 13
2 2 72 13
4 2 70 13
2 2 68 13
3 2 67 13
1 2 56 9
3 2 69 8
1 2 67 8
1 2 67 13
2 2 68 8
2 2 66 8
3 2 65 8
1 2 66 7
1 2 81 6
1 2 84 5
2 2 83 5
3 2 79 6
4 2 80 6
4 2 81 5
4 2 78 6
2 2 78 6
3 2 81 4
4 2 83 3
1 2 82 3
3 2 82 3
4 2 81 5
1 2 77 6
2 2 76 6
2 2 79 5
1 2 79 4
4 2 79 3
4 2 75 14
4 2 74 6
3 2 78 5
2 2 72 6
3 2 71 6
1 2 71 6
4 2 70 6
1 2 69 6
3 2 67 6
1 2 63 8
4 2 60 8
4 2 66 6
4 3 65 13
2 3 61 7
3 2 63 6
1 2 64 5
4 2 76 4
3 2 76 3
1 2 77 2
1 2 75 4
3 2 73 4
4 2 72 4
1 2 71 4
2 2 76 2
3 2 69 4
4 2 75 3
3 2 75 2
4 2 74 2
1 2 67 4
4 2 64 4
1 2 61 6
4 2 66 4
1 3 59 8
3 2 61 11
2 3 58 8
2 3 55 9
4 3 69 11
2 2 68 11
2 3 32 78
2 2 86 79
3 2 85 79
4 2 84 79
1 2 96 80
3 2 97 81
3 2 94 80
4 2 95 80
4 2 93 80
1 2 95 81
1 2 92 80
3 2 90 80
4 2 89 80
1 2 88 80
3 2 86 80
4 2 85 80
2 2 82 79
3 2 81 79
4 2 80 79
2 2 78 79
3 2 77 79
4 2 76 79
2 2 74 79
3 2 73 79
2 2 66 79
3 2 68 79
4 2 67 79
4 2 69 80
1 2 83 81
3 2 92 82
4 2 91 82
1 2 90 82
4 2 96 83
1 2 95 83
2 2 94 83
1 2 96 84
3 2 97 85
4 2 92 83
1 2 91 83
3 2 88 82
4 2 87 82
3 2 91 84
1 2 86 82
3 2 84 82
3 2 87 83
4 2 83 82
3 2 81 81
4 2 80 81
1 2 79 81
3 2 77 81
4 2 76 81
1 2 75 81
2 2 81 82
3 2 73 81
4 2 79 82
4 2 72 81
2 2 70 81
3 2 69 81
1 2 66 79
3 2 65 79
4 2 64 79
1 2 63 79
3 2 61 79
4 2 52 79
2 2 72 78
3 2 71 78
4 2 59 79
1 2 58 79
4 2 68 78
3 2 56 79
3 2 52 79
3 2 68 78
1 2 51 79
1 2 52 80
2 2 66 81
4 2 67 82
1 2 79 83
2 2 89 84
4 2 89 84
2 2 94 85
1 2 94 86
3 2 93 85
1 2 91 85
3 2 89 85
3 2 65 81
4 2 64 81
3 2 61 81
4 2 60 81
2 2 60 81
2 2 58 81
3 2 57 81
4 2 56 81
3 2 53 81
3 2 49 79
1 2 63 79
4 2 52 81
4 2 48 79
4 2 62 78
2 2 67 77
2 2 98 76
3 2 97 76
4 2 96 76
3 2 93 76
4 2 92 76
2 2 92 76
2 2 90 76
3 2 89 76
4 2 88 76
4 2 91 75
4 2 98 74
1 2 97 74
2 2 96 74
1 2 93 74
2 2 92 74
4 2 92 74
2 2 86 76
3 2 85 76
4 2 84 76
2 2 82 76
3 2 81 76
4 2 80 76
2 2 78 76
3 2 77 76
4 2 76 76
2 2 74 76
3 2 73 76
4 2 72 76
2 2 70 76
3 2 69 76
4 2 68 76
1 2 64 77
3 2 65 76
2 2 65 75
1 2 89 74
4 2 89 73
2 2 98 72
3 2 97 72
4 2 96 72
3 2 93 72
4 2 92 72
2 2 92 85
1 2 91 72
3 2 87 74
1 2 85 74
2 2 84 74
2 2 85 74
4 2 84 74
2 2 87 73
4 2 82 74
1 2 81 74
2 2 80 74
4 2 78 74
1 2 77 74
2 2 76 74
4 2 74 74
2 2 72 74
3 2 71 74
4 2 70 74
2 2 68 74
3 2 67 74
4 2 66 74
4 2 64 76
2 2 63 77
3 2 62 77
1 2 43 79
1 2 46 79
3 2 44 79
2 2 42 79
3 2 41 79
1 2 39 79
1 2 87 72
4 2 87 71
4 2 98 70
1 2 97 70
2 2 96 70
1 2 93 70
3 2 91 70
4 2 90 70
2 2 90 70
1 2 89 70
4 3 89 69
2 2 98 68
3 2 97 68
4 2 96 68
3 2 93 68
4 2 92 68
1 2 91 68
2 3 75 2
1 3 75 2
2 2 73 3
2 3 51 81
4 3 21 44
3 2 59 45
4 2 58 45
1 2 57 45
3 2 96 46
4 2 95 46
1 2 94 46
4 2 96 47
1 2 95 47
3 2 92 46
1 2 90 46
4 2 90 46
4 2 87 46
1 2 86 46
2 2 85 46
4 2 83 46
2 2 81 46
3 2 80 46
4 2 79 46
2 2 77 46
4 2 75 46
1 2 74 46
2 2 73 46
4 2 71 46
2 2 69 46
3 2 68 46
4 2 67 46
2 2 65 46
1 2 63 44
1 2 90 43
4 2 98 42
1 2 97 42
2 2 96 42
1 2 93 42
3 2 91 42
4 2 92 42
3 2 88 43
4 2 89 43
2 2 91 41
2 2 98 40
3 2 97 40
4 2 96 40
3 2 93 40
1 2 91 40
2 2 92 40
1 2 86 43
3 2 89 43
2 2 85 43
4 2 85 43
3 2 84 43
3 2 68 43
4 2 82 42
1 2 88 41
2 2 87 41
4 2 91 39
3 2 86 41
1 2 89 41
4 2 88 40
3 2 88 39
1 2 84 41
3 2 82 41
1 2 81 42
2 2 82 40
2 2 85 39
4 2 96 38
1 2 95 38
2 2 94 38
4 2 92 38
2 2 90 38
3 2 89 38
1 2 82 39
3 2 79 42
2 2 82 44
4 2 78 42
3 2 82 42
1 2 77 42
4 2 79 42
3 2 75 42
4 2 74 42
1 2 73 42
3 2 71 42
4 2 70 42
1 2 69 42
1 2 66 43
2 2 65 43
3 2 64 43
3 2 64 46
4 2 63 46
2 2 62 44
3 2 61 44
2 2 61 46
3 2 73 47
1 2 96 48
2 2 95 48
3 2 94 48
2 2 96 49
3 2 95 49
1 2 84 39
3 2 88 39
3 2 60 46
4 2 59 46
3 2 58 45
1 2 55 44
4 2 63 43
1 2 58 43
1 2 61 42
3 2 66 41
1 2 79 40
1 2 84 40
4 2 84 39
2 2 84 38
2 2 91 37
2 2 98 36
3 2 97 36
4 2 96 36
2 2 94 36
3 2 93 36
4 2 95 35
4 2 92 36
1 2 88 37
4 2 88 36
2 2 89 35
4 2 85 37
3 2 88 35
2 2 86 36
3 2 87 38
3 2 83 38
4 2 82 38
3 2 82 40
3 2 80 39
2 2 80 38
2 2 78 40
3 2 77 40
1 2 75 40
2 2 74 40
2 2 77 39
4 2 78 38
3 2 78 37
1 2 83 36
4 2 83 35
2 2 82 36
4 2 80 36
2 2 78 36
3 2 73 40
1 2 71 40
3 2 69 40
4 2 68 40
1 2 67 40
4 2 65 41
1 2 64 41
2 2 66 40
3 2 62 41
4 2 61 41
3 2 59 42
2 2 57 43
3 2 56 43
1 2 51 44
1 2 49 45
2 2 55 46
3 2 66 47
1 2 64 47
3 2 59 46
2 2 48 45
3 2 62 47
3 2 60 46
3 2 47 45
3 2 52 46
4 2 51 46
3 2 49 44
3 2 48 46
2 2 54 47
3 2 53 47
2 2 91 48
3 2 90 48
4 2 91 49
1 2 88 48
3 2 86 48
4 2 85 48
2 2 85 48
1 2 84 48
3 2 82 48
4 2 81 48
2 2 81 48
1 2 80 48
3 2 78 48
4 2 77 48
2 2 77 48
1 2 76 48
3 2 74 48
4 2 73 48
2 2 73 48
1 2 72 48
4 2 52 47
1 2 68 48
2 2 67 48
4 2 67 48
2 2 68 49
3 2 96 50
4 2 95 50
1 2 94 50
4 2 96 51
1 2 95 51
1 2 69 49
4 2 65 48
1 2 64 48
2 2 63 48
4 2 61 48
1 2 60 48
2 2 59 48
4 2 57 48
1 2 56 48
2 2 55 48
4 2 53 48
2 2 50 47
2 2 48 46
3 2 45 44
1 2 46 43
1 2 53 42
4 2 57 41
1 2 59 40
3 2 64 39
3 2 75 38
2 2 75 37
1 2 78 35
4 2 76 36
4 2 74 38
2 2 72 38
3 2 71 38
4 2 70 38
2 2 68 38
3 2 67 38
4 2 73 37
3 2 73 36
2 2 73 35
1 2 65 38
2 2 64 38
1 2 62 39
3 2 60 39
4 2 59 39
3 2 57 40
1 2 56 41
3 2 54 41
2 2 52 42
3 2 51 42
1 2 49 42
2 2 48 42
3 2 47 42
2 2 45 43
1 2 43 44
2 2 42 44
3 2 41 44
2 2 40 45
4 2 45 46
1 2 39 44
1 2 37 45
3 2 35 45
3 2 40 46
2 2 40 46
1 2 38 46
4 2 44 47
4 2 58 49
4 2 56 48
2 2 42 47
3 2 41 47
3 2 46 48
4 2 45 48
2 2 43 48
1 2 49 49
4 2 91 50
1 2 90 50
2 2 91 51
3 2 88 50
1 2 86 50
2 2 85 50
4 2 85 50
3 2 84 50
1 2 82 50
2 2 81 50
4 2 81 50
3 2 80 50
1 2 78 50
2 2 77 50
4 2 77 50
3 2 76 50
1 2 74 50
2 2 73 50
4 2 73 50
3 2 72 50
1 2 70 50
2 2 69 50
4 2 69 50
3 2 68 50
1 2 66 50
2 2 48 49
4 2 63 50
3 2 63 50
4 2 64 51
1 2 96 52
2 2 95 52
3 2 94 52
2 2 96 53
3 2 95 53
3 2 65 51
1 2 62 50
3 2 60 50
4 2 59 50
1 2 58 50
3 2 56 50
4 2 46 49
1 2 54 50
3 2 52 50
4 2 51 50
4 2 52 51
1 2 50 50
4 2 47 50
2 2 44 49
3 2 42 48
4 2 40 47
4 2 34 45
3 2 36 46
1 2 33 45
4 2 32 44
2 2 41 43
3 2 43 42
1 2 44 41
4 2 52 40
4 2 55 39
1 2 57 38
3 2 62 37
2 2 70 36
4 2 71 35
3 2 71 34
2 2 71 33
2 2 98 32
3 2 97 32
4 2 96 32
2 2 94 32
3 2 93 32
4 2 95 31
4 2 98 30
1 2 97 30
2 2 96 30
4 2 92 32
2 2 90 32
3 2 89 32
4 2 88 32
2 2 86 32
3 2 85 32
4 2 84 32
2 2 82 32
3 2 81 32
4 2 80 32
2 2 78 32
3 2 77 32
4 2 76 32
2 2 74 32
3 2 73 32
4 2 72 32
3 2 69 36
4 2 68 36
1 2 70 35
4 2 70 34
2 2 66 36
3 2 65 36
4 2 64 36
2 2 62 36
2 2 59 37
3 2 58 37
1 2 58 37
3 2 55 38
1 2 54 39
3 2 52 39
2 2 55 37
1 2 55 36
3 2 60 35
3 2 69 34
2 2 68 35
4 2 68 34
3 2 67 35
2 2 64 34
4 2 62 34
2 2 60 34
1 2 64 33
3 2 69 32
2 2 69 31
1 2 93 30
4 2 93 29
2 2 98 28
3 2 97 28
4 2 96 28
2 2 94 28
2 2 92 30
4 2 90 30
3 2 93 28
4 2 95 27
4 2 98 26
1 2 97 26
2 2 96 26
1 2 89 30
2 2 88 30
4 2 86 30
1 2 85 30
2 2 84 30
4 2 82 30
2 2 87 29
3 2 89 28
4 2 88 28
1 2 87 28
1 2 81 30
2 2 80 30
4 2 78 30
1 2 77 30
2 2 76 30
4 2 74 30
2 2 72 30
3 2 71 30
4 2 70 30
4 2 68 32
2 2 66 32
3 2 65 32
4 2 64 32
2 2 63 33
4 2 59 35
2 2 57 35
3 2 56 35
1 2 51 40
3 2 49 40
4 2 48 40
1 2 47 40
3 2 45 40
2 2 43 41
1 2 41 42
1 2 34 43
3 2 39 42
2 2 39 41
3 2 41 40
4 2 43 39
1 2 49 38
1 2 52 37
3 2 53 36
2 2 53 35
3 2 57 34
1 2 58 34
4 2 54 34
3 2 50 37
2 2 48 38
2 2 50 36
1 2 50 35
3 2 51 34
3 2 56 34
2 2 55 33
3 2 61 32
2 2 61 31
3 2 67 30
2 2 67 29
3 2 85 28
4 2 84 28
1 2 88 28
1 2 83 28
3 2 81 28
4 2 80 28
1 2 79 28
3 2 77 28
4 2 72 28
1 2 71 28
2 2 70 28
4 2 68 28
4 2 66 30
2 2 64 30
1 2 67 28
3 2 63 30
4 2 62 30
4 2 60 32
2 2 58 32
3 2 57 32
4 2 56 32
2 2 51 33
3 2 53 32
2 2 53 31
3 2 59 30
2 2 59 29
4 2 64 28
2 2 65 27
1 2 93 26
4 2 93 25
2 2 98 24
3 2 97 24
4 2 96 24
2 2 94 24
1 2 89 26
3 2 90 25
1 2 91 24
4 2 89 25
1 2 93 24
3 2 92 27
1 2 91 25
3 2 87 26
4 2 86 26
3 2 88 26
1 2 85 26
3 2 83 26
4 2 82 26
1 2 81 26
3 2 79 26
4 2 78 26
1 2 77 26
3 2 75 26
3 2 71 26
1 2 72 25
3 2 89 24
1 2 87 24
3 2 85 24
4 2 84 24
1 2 83 24
3 2 81 24
4 2 80 24
1 2 79 24
3 2 77 24
4 2 76 24
1 2 75 24
3 2 73 24
4 2 70 26
4 2 72 24
1 2 69 26
3 2 67 26
4 2 66 26
1 2 65 26
1 2 63 28
2 2 62 28
4 2 60 28
4 2 58 30
2 2 56 30
3 2 55 30
4 2 54 30
1 2 59 28
4 2 52 32
3 2 47 38
1 2 45 38
3 2 43 38
1 2 42 39
2 2 43 37
1 2 47 36
3 2 48 35
2 2 46 36
3 2 45 36
1 2 43 36
1 2 39 40
1 2 37 42
3 2 35 42
4 2 34 42
3 2 32 43
1 2 31 44
3 2 29 44
3 2 27 45
2 2 31 46
4 2 26 45
1 2 25 45
3 2 28 46
4 2 36 47
1 2 26 46
2 2 34 47
1 2 42 49
3 2 23 45
3 2 21 44
1 2 26 43
4 2 30 42
1 2 32 41
3 2 37 40
2 2 37 39
3 2 39 38
1 2 40 37
3 2 41 36
2 2 41 35
4 2 53 34
4 2 48 34
4 2 49 33
3 2 49 32
2 2 49 31
3 2 51 30
2 2 51 29
4 2 56 28
2 2 54 28
2 2 57 27
4 2 65 27
2 2 55 28
3 2 53 28
4 2 52 28
4 2 50 30
2 2 44 34
1 2 41 34
3 2 46 33
2 2 46 32
4 2 47 31
3 2 47 30
2 2 47 29
3 2 49 28
2 2 49 27
3 2 55 26
3 2 62 25
3 2 69 24
4 2 68 24
1 2 67 24
1 2 68 23
3 2 71 22
3 2 98 21
4 2 97 21
1 2 96 21
3 2 94 21
4 2 93 21
1 2 95 20
1 2 98 19
2 2 97 19
3 2 96 19
1 2 92 21
3 2 90 21
4 2 89 21
1 2 88 21
3 2 86 21
4 2 85 21
1 2 84 21
3 2 82 21
4 2 81 21
1 2 80 21
3 2 78 21
4 2 77 21
1 2 76 21
3 2 74 21
4 2 73 21
1 2 72 21
4 2 70 22
3 2 65 24
4 2 64 24
1 2 63 24
4 2 61 25
1 2 60 25
3 2 58 25
4 2 57 25
1 2 56 25
1 2 53 26
2 2 52 26
4 2 50 26
4 2 48 28
4 2 38 38
1 2 37 38
1 2 35 40
2 2 34 40
3 2 33 40
3 2 30 41
1 2 29 42
3 2 27 42
2 2 30 40
1 2 30 39
3 2 35 38
4 2 34 38
1 2 33 38
3 2 31 38
3 2 24 43
4 2 25 43
4 2 23 43
1 2 22 43
2 3 89 85
1 3 61 29
4 3 51 26
2 3 42 47
2 3 36 46
2 3 31 45
1 2 95 53
3 2 96 54
4 4 95 19
3 2 95 18
3 2 98 17
4 2 97 17
1 2 96 17
2 4 95 17
1 2 95 16
1 4 92 68
1 4 90 72
3 4 89 62
2 2 96 54
1 2 96 64
2 2 95 64
3 2 94 64
2 2 96 65
3 2 95 65
4 4 94 64
2 4 79 83
4 4 73 61
2 2 94 60
1 2 98 59
2 2 97 59
3 2 96 59
3 2 93 60
1 2 93 60
1 2 91 60
2 2 90 60
3 2 89 60
4 2 87 62
1 2 86 62
3 2 84 62
4 2 83 62
1 2 82 62
3 2 85 63
3 2 80 62
4 2 79 62
1 2 78 62
3 2 76 62
4 2 75 62
4 3 96 58
1 4 71 13
3 4 69 13
1 4 67 8
1 4 67 13
3 4 65 13
2 4 57 95
4 4 55 11
3 2 58 12
4 2 57 12
2 2 57 12
2 2 60 13
3 2 59 13
4 2 58 13
2 2 61 14
3 2 60 14
3 2 93 15
4 2 92 15
4 2 93 16
2 2 92 15
3 2 89 15
4 2 88 15
2 2 91 16
3 2 90 16
4 2 91 15
2 2 88 15
2 2 86 15
3 2 85 15
4 2 84 15
2 2 82 15
3 2 81 15
4 2 80 15
2 2 78 15
3 2 77 15
4 2 76 15
2 2 74 15
3 2 73 15
1 2 60 14
2 2 70 15
3 2 69 15
4 2 68 15
4 2 69 16
2 2 66 15
3 2 65 15
4 2 64 15
2 2 62 15
3 2 61 15
1 2 89 17
4 4 59 14
2 4 55 79
4 4 54 27
3 4 42 33
2 3 42 32
4 3 43 31
3 3 43 30
2 3 43 29
4 3 44 28
2 2 45 27
4 2 46 26
2 2 47 25
4 2 52 24
4 2 55 23
3 2 63 22
2 2 67 21
4 2 68 20
3 2 92 19
4 2 91 19
1 2 90 19
4 2 87 19
2 2 85 19
3 2 84 19
1 2 84 19
4 2 83 19
2 2 81 19
3 2 82 19
4 2 79 19
1 2 78 19
3 2 78 19
1 2 78 19
4 2 75 19
3 2 72 19
4 2 71 19
3 2 73 19
1 2 70 19
3 2 66 21
3 2 68 19
1 2 66 21
4 2 65 21
3 2 65 20
1 2 64 21
4 2 62 22
1 2 61 22
1 2 51 24
1 2 54 23
1 2 57 22
3 2 58 21
3 2 61 20
1 2 62 19
1 2 69 18
4 2 88 17
1 2 72 18
3 2 85 17
4 2 84 17
1 2 83 17
4 2 80 17
1 2 79 17
2 2 78 17
1 2 75 17
2 2 74 17
3 2 73 17
1 2 65 18
3 2 66 17
2 2 64 18
3 2 73 17
4 2 71 17
2 2 71 17
1 2 70 17
3 2 71 18
4 2 69 18
3 2 63 18
4 2 65 17
4 2 60 20
1 2 59 20
4 2 57 21
3 2 55 22
3 2 58 23
4 2 54 22
3 2 51 24
3 2 49 24
3 2 52 23
4 2 48 24
3 3 46 25
3 3 44 27
3 2 69 17
4 4 62 18
2 4 27 41
1 2 27 40
3 2 28 39
2 2 28 38
1 2 28 37
3 2 37 36
1 2 35 36
2 2 34 36
1 2 31 36
3 2 29 36
3 2 31 36
2 2 32 36
4 3 41 33
4 4 24 78
2 2 51 77
2 2 58 76
3 2 60 75
4 2 62 74
3 2 57 76
2 2 60 74
4 2 56 76
4 2 57 76
2 2 57 75
4 2 58 74
2 2 54 76
3 2 53 76
4 2 52 76
4 2 49 77
1 2 48 77
1 2 40 77
3 2 45 76
2 2 49 75
4 2 54 74
2 2 55 73
1 2 83 72
2 2 85 71
2 2 82 72
4 2 82 72
4 2 80 72
1 2 79 72
2 2 78 72
4 2 83 71
4 2 76 72
1 2 75 72
2 2 74 72
4 2 72 72
1 2 71 72
2 2 70 72
4 2 68 72
1 2 67 72
2 2 66 72
4 2 64 72
1 2 63 72
2 2 62 72
4 2 60 72
1 2 59 72
2 2 58 72
4 2 56 72
2 2 52 74
1 2 55 72
3 2 53 74
3 2 51 74
4 2 50 74
3 2 48 75
3 2 52 74
4 2 47 75
3 2 47 78
4 2 44 76
1 2 43 76
3 2 41 76
3 2 43 77
3 2 38 77
3 2 83 70
4 2 85 69
1 2 84 69
2 2 83 69
2 2 84 69
3 2 86 71
1 2 82 71
1 3 55 74
2 3 38 76
4 2 39 75
2 2 44 74
2 2 47 73
4 2 52 72
2 2 53 71
2 2 80 70
3 2 85 68
4 2 81 69
1 2 83 68
1 2 80 69
4 2 78 70
1 2 77 70
2 2 76 70
4 2 74 70
2 2 79 69
1 2 73 70
2 2 72 70
4 2 70 70
1 2 69 70
2 2 68 70
4 2 66 70
1 2 65 70
2 2 64 70
4 2 62 70
1 2 61 70
2 2 60 70
4 2 58 70
1 2 57 70
2 2 56 70
4 2 54 70
1 2 53 70
1 2 51 72
2 2 50 72
4 2 48 72
3 2 46 73
4 2 45 73
2 2 59 72
2 2 57 73
3 2 43 74
4 2 42 74
3 2 39 74
1 2 38 75
2 2 39 73
2 2 42 72
1 2 46 71
4 2 50 70
2 2 51 69
2 2 80 69
4 2 76 68
1 2 75 68
2 2 74 68
4 2 72 68
1 2 71 68
2 2 70 68
4 2 68 68
2 2 71 67
1 2 67 68
2 2 66 68
4 2 64 68
4 2 69 67
1 2 68 67
1 2 63 68
3 2 68 67
2 2 62 68
2 2 67 67
4 2 60 68
1 2 59 68
2 2 58 68
1 2 66 67
2 2 65 67
4 2 64 68
4 2 56 68
1 2 55 68
2 2 54 68
4 2 52 68
2 2 61 68
1 2 51 68
2 2 48 70
2 2 45 71
4 2 43 71
3 2 41 72
4 2 40 72
3 3 30 77
2 2 38 79
1 2 35 76
3 2 36 75
2 2 34 76
1 2 34 79
3 2 33 76
2 2 33 79
4 2 41 80
1 2 48 69
4 2 48 68
4 2 48 81
2 2 46 81
3 2 45 81
4 2 44 81
3 2 41 81
2 2 35 80
3 2 44 82
2 2 44 82
2 2 74 83
4 2 85 84
2 2 86 85
2 2 83 84
3 2 84 84
4 2 85 85
3 2 82 84
4 2 81 84
1 2 74 83
3 2 78 84
2 2 78 85
4 2 83 86
4 2 96 87
1 2 95 87
2 2 94 87
3 2 83 86
3 2 89 87
4 2 88 87
1 2 87 87
3 2 80 86
3 2 88 87
3 2 85 87
1 2 83 87
2 2 82 87
4 2 82 87
2 2 80 86
2 2 82 88
4 2 79 86
4 2 77 84
4 2 72 83
2 2 75 84
3 2 74 84
4 2 73 84
1 2 71 83
2 2 70 83
4 2 68 83
1 2 70 84
1 2 67 83
2 2 66 83
2 2 41 82
1 2 63 83
2 2 62 83
4 2 60 83
4 2 61 84
2 2 70 85
3 2 76 86
4 2 75 86
2 2 78 87
2 2 73 86
2 2 74 87
3 2 72 86
4 2 75 87
4 2 71 86
3 2 69 85
4 2 68 85
2 2 66 85
3 2 65 85
4 2 64 85
1 2 59 83
2 2 58 83
4 2 56 83
1 2 55 83
3 2 53 83
4 2 52 83
1 2 51 83
3 2 49 83
4 2 48 83
2 2 46 83
3 2 45 83
4 2 44 83
1 2 39 81
4 2 39 82
3 2 37 81
1 2 35 81
3 2 34 80
4 2 35 82
2 2 45 84
4 2 40 83
2 2 42 83
1 2 42 84
3 2 32 79
1 2 31 76
2 2 30 76
1 2 30 79
2 2 42 78
4 3 70 86
2 3 36 74
4 2 37 73
3 2 37 72
2 2 37 71
1 2 45 70
4 2 45 69
2 2 46 68
1 2 46 67
3 2 63 66
3 2 90 65
4 2 89 65
1 2 88 65
4 2 85 65
1 2 84 65
2 2 83 65
4 2 81 65
1 2 80 65
2 2 79 65
4 2 77 65
1 2 76 65
2 2 75 65
4 2 73 65
1 2 72 65
2 2 71 65
4 2 69 65
1 2 68 65
2 2 67 65
4 2 65 65
1 2 64 65
2 2 63 65
4 2 62 66
1 2 61 66
1 2 69 66
2 2 67 66
4 2 54 66
2 2 59 65
2 2 68 65
1 2 68 65
4 2 60 64
2 2 73 63
3 2 72 63
1 2 72 63
1 2 70 63
2 2 69 63
3 2 68 63
1 2 66 63
2 2 65 63
4 2 63 63
1 2 62 63
2 2 61 63
1 2 59 64
4 2 57 65
1 2 56 65
2 2 55 65
1 2 53 66
2 2 52 66
4 2 57 67
2 2 45 67
2 2 48 66
4 2 49 65
4 2 52 64
3 2 60 63
4 2 55 63
1 2 54 63
2 2 55 63
2 2 53 63
1 2 51 64
2 2 50 64
1 2 48 65
4 2 46 66
1 2 45 66
1 2 41 70
2 2 43 69
1 2 43 68
4 2 43 67
4 2 41 69
2 2 40 70
4 2 38 70
1 3 28 77
2 3 27 77
1 4 72 61
3 2 85 60
2 2 85 59
1 2 83 60
3 2 81 60
4 2 80 60
3 2 81 88
2 2 80 60
2 2 78 60
4 2 76 60
1 2 75 60
1 2 76 60
3 2 73 60
4 2 72 60
2 4 23 61
4 4 18 44
4 4 18 78
4 2 24 78
1 2 20 77
3 2 25 76
4 2 29 76
1 2 26 75
2 2 32 74
3 2 31 74
4 2 30 74
2 2 25 75
3 2 26 75
1 2 23 76
1 2 23 79
2 2 28 77
3 2 23 79
2 2 27 80
2 2 30 81
3 2 29 81
1 2 27 81
3 2 26 80
1 2 24 80
1 2 31 81
2 2 22 76
2 2 24 76
3 2 21 76
1 2 18 78
2 3 22 80
3 2 30 81
2 2 30 82
1 4 39 83
2 4 3 45
1 2 9 44
3 2 7 44
4 2 8 44
3 2 12 43
4 2 18 42
3 2 22 41
4 2 21 41
1 2 20 41
1 2 17 42
3 2 15 42
3 2 16 42
4 2 14 42
2 2 13 45
1 2 12 45
1 2 18 46
2 2 30 47
3 2 34 48
4 2 31 47
4 2 28 47
3 2 28 47
2 2 26 47
2 2 17 46
2 2 19 41
3 2 21 40
3 2 24 39
4 2 24 47
1 2 22 39
2 2 23 39
2 2 21 39
3 2 16 46
3 2 21 47
3 2 26 48
2 2 21 47
3 2 22 48
4 2 38 49
2 2 36 49
1 2 36 49
4 2 39 50
2 2 37 50
1 2 37 50
3 2 41 51
3 2 90 52
2 2 90 52
1 2 88 52
2 2 87 52
4 2 85 52
3 2 85 52
1 2 84 52
2 2 83 52
4 2 81 52
3 2 81 52
1 2 80 52
2 2 79 52
4 2 77 52
3 2 77 52
1 2 76 52
2 2 75 52
4 2 73 52
3 2 73 52
1 2 72 52
2 2 71 52
4 2 69 52
3 2 69 52
1 2 68 52
2 2 67 52
4 2 65 52
3 2 65 52
1 2 64 52
2 2 63 52
1 2 42 51
2 2 59 52
1 2 59 52
4 2 57 52
3 2 59 53
1 2 60 53
1 2 56 52
2 2 55 52
4 2 53 52
1 2 52 52
2 2 51 52
4 2 40 51
1 2 48 52
3 2 46 52
4 2 45 52
4 2 46 53
2 2 89 54
3 2 88 54
4 2 87 54
3 2 84 54
4 2 83 54
1 2 82 54
4 2 79 54
1 2 78 54
2 2 77 54
1 2 74 54
2 2 73 54
3 2 72 54
2 2 69 54
3 2 68 54
4 2 67 54
3 2 64 54
1 2 62 54
2 2 61 54
4 2 61 54
3 2 60 54
4 2 59 54
3 2 42 52
4 2 41 52
1 2 39 51
1 2 33 49
2 2 32 49
1 2 19 40
1 2 19 47
4 2 11 43
1 2 12 43
1 2 10 43
2 2 11 45
3 2 17 47
3 2 12 46
4 2 11 46
2 2 11 46
4 2 9 45
3 2 9 45
3 2 8 43
4 2 6 44
1 2 8 46
3 2 5 44
4 2 4 44
1 2 3 44
1 2 4 45
4 2 7 46
1 2 9 47
4 2 12 47
4 2 17 48
2 2 28 49
1 2 28 49
4 2 26 49
3 2 26 49
2 2 21 48
4 2 22 49
4 2 27 50
3 2 35 51
3 2 37 51
1 2 40 52
1 2 41 53
2 3 57 54
1 2 65 54
2 2 63 54
3 2 61 54
2 2 58 55
2 2 63 56
2 2 94 57
3 2 93 57
4 2 92 57
3 2 89 57
4 2 88 57
3 2 91 58
1 2 87 57
4 2 84 57
2 2 82 57
3 2 83 57
4 2 80 57
1 2 79 57
3 2 79 57
2 2 78 57
4 2 76 57
1 2 75 57
1 2 76 57
2 2 74 57
1 2 71 57
3 2 69 57
4 2 70 57
1 2 67 57
1 2 66 55
4 2 66 55
2 2 67 55
3 2 66 55
2 2 66 57
4 2 66 57
2 2 66 57
1 2 60 56
3 2 62 55
1 2 62 56
1 2 68 57
2 2 66 57
2 3 62 55
1 2 62 55
3 3 61 56
1 2 62 58
4 2 62 58
2 2 61 58
3 2 73 59
1 2 71 59
3 2 69 59
4 2 68 59
2 2 66 59
3 2 65 59
2 2 68 58
1 2 65 59
4 2 64 59
2 2 62 59
1 2 66 58
2 2 64 58
1 2 66 60
2 2 68 61
2 3 63 59
3 2 67 61
4 3 24 49
1 2 29 50
1 3 62 59
2 5 40 10
4 3 49 11
1 3 48 11
3 2 51 10
2 2 51 11
4 2 50 10
2 3 47 11
2 2 52 13
4 2 55 11
3 2 55 11
3 2 51 13
4 2 50 13
3 2 52 14
4 2 51 14
2 2 48 13
1 3 40 11
1 2 43 10
4 2 43 10
3 2 41 10
1 2 44 9
3 2 57 8
3 2 53 8
1 2 54 7
3 2 59 6
1 2 57 6
3 2 55 6
2 2 53 7
3 2 54 9
1 2 51 8
3 2 49 8
4 2 48 8
2 2 48 8
1 2 47 8
2 2 46 8
3 2 45 8
2 2 44 11
2 2 43 9
2 2 41 10
2 2 55 5
2 2 62 4
4 2 60 4
3 2 57 4
1 2 55 4
1 2 57 4
3 3 57 4
3 3 44 10
1 3 43 10
3 3 41 10
3 2 47 11
1 3 51 14
3 2 53 15
4 2 52 15
2 3 51 15
3 2 54 16
4 2 53 16
2 2 53 16
3 2 59 17
4 2 58 17
2 2 58 17
2 2 59 17
3 2 55 17
4 2 54 17
2 2 54 17
3 2 56 18
3 5 43 12
4 2 42 12
4 5 41 9
3 2 41 8
1 2 42 7
4 2 50 6
2 2 51 5
3 2 53 4
1 2 49 6
1 2 51 4
3 2 49 6
2 2 48 6
1 2 48 5
3 2 49 4
2 2 49 3
4 2 70 2
2 2 68 2
3 2 67 2
1 2 67 2
3 2 67 2
2 2 67 1
4 2 66 2
4 2 68 1
3 2 63 2
4 2 62 2
1 2 61 2
3 2 59 2
2 2 65 1
4 2 58 2
3 2 62 2
1 2 57 2
3 2 55 2
4 2 54 2
4 2 63 1
2 2 62 2
3 2 51 2
1 2 52 2
4 2 50 2
3 2 58 1
4 2 57 1
1 2 49 2
3 2 47 6
1 2 45 6
2 2 44 6
2 2 47 5
3 2 43 6
2 2 41 7
3 2 61 1
1 2 60 1
4 5 48 4
1 5 54 1
1 5 35 39
4 5 28 36
1 5 70 87
4 6 72 95
1 2 94 95
2 2 93 95
3 2 92 95
3 2 84 95
4 2 83 95
1 2 88 95
2 2 81 95
3 2 80 95
4 2 79 95
1 2 81 94
3 2 98 93
4 2 97 93
1 2 96 93
4 2 93 93
2 2 91 93
3 2 92 93
4 2 89 93
1 2 88 93
3 2 88 93
1 2 88 93
3 2 82 93
2 2 77 95
3 2 76 95
4 2 81 93
1 2 82 93
3 2 83 93
3 2 81 96
1 2 74 95
2 2 73 95
4 2 73 95
2 3 81 93
3 3 72 95
1 6 73 94
2 2 96 97
3 2 95 97
4 2 94 97
3 2 96 98
4 2 95 98
2 2 92 97
4 2 90 97
3 2 90 97
3 2 87 97
4 2 86 97
1 2 85 97
3 2 83 97
1 2 81 97
2 2 80 97
3 2 74 93
1 2 79 92
1 2 98 91
2 2 97 91
3 2 96 91
2 2 93 91
4 2 91 91
1 2 92 91
2 2 89 91
3 2 88 91
1 2 88 91
3 2 88 91
2 2 85 91
4 2 83 91
1 2 82 91
3 2 82 91
3 2 80 91
4 2 73 93
3 2 76 93
1 2 74 93
4 2 76 92
2 2 80 90
3 2 76 91
1 2 77 90
1 2 79 92
4 3 77 90
4 3 74 93
4 3 79 97
2 5 79 97
2 6 70 62
2 6 58 17
4 2 57 18
3 2 57 19
1 6 57 54
4 3 60 57
2 6 55 61
3 2 57 60
1 2 58 59
4 2 56 60
2 2 56 60
4 2 56 60
1 3 55 60
2 2 55 61
1 6 43 11
1 2 48 14
1 5 44 13
3 6 42 36
4 6 39 27
1 3 38 27
4 2 38 26
3 2 42 25
4 2 41 25
1 2 40 25
3 2 40 27
3 2 38 25
1 2 38 27
1 3 40 25
4 2 40 24
4 2 43 23
1 2 42 23
3 2 40 26
3 2 42 23
4 2 46 22
3 2 50 21
3 2 53 20
4 2 52 20
4 2 49 21
1 2 48 21
1 2 49 21
3 2 43 22
3 2 45 22
2 3 54 29
1 3 44 21
4 2 44 20
3 2 48 19
3 2 51 18
4 2 47 19
1 2 46 19
1 2 47 19
4 2 50 18
2 2 48 18
3 3 44 19
4 2 46 18
3 2 46 17
3 2 49 16
1 2 47 16
2 2 46 16
4 3 46 16
4 6 39 95
3 2 75 97
1 2 73 97
3 2 71 97
4 2 75 98
4 2 72 97
3 2 67 94
4 2 69 93
1 2 68 93
3 2 68 93
1 2 67 96
4 2 66 94
1 2 65 94
4 2 70 95
4 2 67 96
4 2 71 96
3 2 67 97
3 2 65 96
4 2 64 96
3 2 63 94
1 2 63 96
4 2 62 94
1 2 61 94
3 2 61 96
4 2 60 96
3 2 59 94
2 2 67 93
1 2 67 92
2 2 73 91
4 2 74 90
3 2 72 91
4 2 71 91
2 2 70 98
1 2 70 98
3 2 68 91
4 2 67 91
4 2 58 94
1 2 57 94
3 2 57 96
4 2 56 96
3 2 55 94
1 2 55 96
4 3 54 94
1 3 38 95
4 2 50 94
1 2 49 94
2 2 48 94
1 2 45 94
3 2 43 94
4 2 44 94
1 2 41 94
2 2 40 94
4 2 40 94
2 2 40 94
1 2 40 96
4 2 38 94
2 3 38 96
4 2 50 97
3 2 50 97
3 2 68 98
2 2 68 99
1 2 66 98
2 2 69 99
2 2 65 98
1 3 49 96
2 2 61 98
1 2 61 98
1 2 69 99
4 2 63 99
3 2 62 99
2 2 64 99
1 2 63 100
4 2 59 98
4 2 63 99
3 2 59 98
2 2 57 98
3 2 56 98
1 2 56 98
3 2 63 100
1 2 57 99
1 2 54 98
3 2 60 99
3 2 56 99
3 2 52 98
4 2 51 98
2 2 56 99
2 2 51 98
4 2 56 99
2 2 57 98
1 2 50 98
1 2 56 99
3 2 55 99
3 3 47 96
4 3 46 96
1 3 45 96
4 2 50 99
3 3 43 96
4 3 42 96
1 3 41 96
1 3 47 98
4 3 44 98
1 4 51 97
4 2 54 100
1 5 69 90
1 2 72 89
3 2 70 89
2 4 70 88
4 6 38 61
1 2 48 61
2 2 47 61
3 2 46 61
3 2 49 60
2 2 53 59
1 2 53 62
1 2 50 59
2 2 49 59
2 2 54 58
3 2 53 58
1 2 51 58
4 2 53 57
1 2 55 57
1 2 52 57
2 2 53 57
1 2 44 61
3 2 42 61
4 2 41 61
2 2 41 61
3 2 47 62
1 2 45 62
1 2 47 63
2 2 39 61
2 2 46 63
3 3 50 59
1 3 39 60
2 2 45 59
3 2 44 59
1 2 44 59
3 2 45 58
1 2 42 59
2 2 41 59
3 2 46 59
3 2 40 59
3 2 48 58
2 2 48 58
2 2 44 62
1 2 46 58
3 3 41 61
3 2 43 62
4 3 47 63
3 3 38 61
3 3 45 63
4 3 51 64
2 5 45 63
3 4 57 56
3 6 50 57
2 2 50 56
3 3 49 56
4 2 51 55
2 2 49 55
1 2 49 55
1 2 51 54
2 2 50 54
3 4 49 54
4 6 53 54
4 6 22 10
3 2 38 12
2 2 41 12
1 3 36 11
4 2 38 13
4 3 35 12
4 3 29 11
1 3 28 11
3 2 32 10
4 2 31 10
3 2 34 9
2 2 38 8
4 2 36 8
1 2 35 8
3 2 35 8
1 2 35 8
4 2 33 9
3 2 35 13
3 2 44 14
4 2 43 14
1 2 32 9
1 2 30 10
2 2 40 9
2 3 27 11
3 2 31 13
4 2 39 14
3 2 45 15
1 2 43 15
4 2 43 15
1 2 38 14
2 2 37 14
1 2 39 15
4 2 33 13
1 2 34 14
2 2 33 14
4 2 30 13
2 2 34 14
3 2 34 15
1 2 29 13
1 2 30 14
4 2 32 15
3 3 30 14
1 3 21 10
4 2 25 9
3 2 29 8
2 2 33 7
3 2 39 6
1 2 40 5
1 2 43 4
2 2 42 4
3 2 43 4
2 2 40 16
2 2 39 5
2 2 36 6
1 2 33 6
3 2 32 7
4 2 33 5
3 2 37 4
4 2 45 4
3 2 40 3
4 2 46 2
4 2 42 2
1 2 44 2
1 2 41 2
2 2 42 2
1 2 38 3
1 2 35 4
2 2 34 4
1 2 34 6
1 2 30 7
4 2 28 8
1 2 27 8
1 2 24 9
3 2 24 9
1 2 23 11
3 2 22 9
2 2 26 8
4 2 21 9
3 3 33 4
4 2 38 2
3 2 38 1
2 4 31 15
4 2 37 16
3 2 37 16
2 5 37 7
3 4 39 2
4 6 6 26
3 2 22 25
4 2 36 24
3 2 22 28
3 2 33 28
4 2 32 28
2 2 36 29
3 2 35 29
4 2 34 29
1 2 38 24
3 2 38 23
2 2 37 30
3 2 36 30
4 2 35 30
3 2 37 31
1 2 31 28
3 2 29 28
4 2 28 28
1 2 27 28
3 2 31 29
4 2 36 31
3 2 25 28
4 2 24 28
1 2 23 28
4 2 21 25
1 2 34 25
3 2 32 25
4 2 31 25
1 2 30 25
3 2 28 25
4 2 27 25
1 2 26 25
3 2 24 25
4 2 23 25
4 2 33 26
1 2 22 25
1 3 20 25
2 2 36 31
4 2 37 32
3 3 37 32
2 3 37 33
3 5 18 25
4 5 17 25
1 5 16 25
1 2 17 29
4 2 17 29
2 2 29 30
1 4 29 30
4 3 28 30
3 3 28 31
3 5 14 25
4 5 13 25
1 5 12 25
3 5 10 25
4 5 9 25
1 5 8 25
2 4 38 23
4 2 42 22
3 6 6 25
4 6 6 94
3 2 22 93
4 2 64 92
2 2 62 92
3 2 61 92
1 2 61 92
4 2 60 92
2 2 58 92
3 2 57 92
1 2 57 92
4 2 56 92
2 2 54 92
3 2 53 92
1 2 53 92
4 2 52 92
2 2 50 92
3 2 49 92
1 2 49 92
4 2 48 92
3 2 45 92
4 2 44 92
1 2 45 92
1 2 43 92
4 2 40 92
1 2 39 92
3 2 39 92
4 2 36 92
4 2 21 93
3 2 36 91
2 2 66 91
2 2 64 90
3 2 63 90
1 2 61 90
2 2 65 89
2 2 60 90
1 2 64 89
3 2 59 90
4 2 64 88
4 2 67 87
2 2 65 87
3 2 62 89
3 2 65 90
3 2 64 87
3 2 63 89
2 2 62 88
2 2 56 90
3 2 55 90
4 2 54 90
3 2 51 90
1 2 60 89
1 2 49 90
4 2 49 90
3 2 47 90
2 2 44 90
4 2 42 90
2 2 57 89
3 2 56 89
1 2 43 90
4 2 43 90
4 2 55 89
1 2 41 90
3 2 54 89
3 2 41 90
1 2 52 89
4 2 52 88
3 2 60 87
4 2 62 86
4 2 59 87
3 2 56 87
1 2 54 87
2 2 53 87
3 2 59 86
2 2 54 87
3 2 52 87
4 2 38 90
1 2 52 89
2 2 51 89
2 2 49 89
3 2 39 92
3 2 38 90
4 2 50 89
1 2 37 90
1 2 34 93
2 2 33 93
4 2 31 93
1 2 30 93
2 2 29 93
4 2 27 93
1 2 26 93
2 2 25 93
4 2 23 93
1 2 22 93
3 2 22 96
3 2 37 97
3 2 33 96
3 2 34 95
1 2 31 96
4 2 34 97
1 2 33 97
2 2 30 96
3 2 29 96
1 2 27 96
1 2 35 97
3 2 36 98
2 2 54 99
3 2 53 99
1 2 51 99
2 2 48 99
4 2 46 99
1 2 45 99
2 2 44 99
4 2 38 99
4 2 35 98
4 2 46 100
4 2 44 99
2 2 45 99
3 2 43 100
3 2 41 99
1 2 37 100
2 2 26 96
3 2 25 96
1 2 32 95
1 2 23 96
4 3 51 87
2 2 52 86
1 2 56 85
2 2 55 85
3 2 54 85
3 3 34 95
1 3 20 93
1 3 41 99
4 2 40 99
3 4 49 88
2 2 49 87
1 4 44 89
2 2 43 89
1 2 43 88
1 2 46 87
3 2 47 86
4 2 49 85
2 2 47 85
2 2 45 87
4 2 45 87
3 2 44 87
3 2 48 85
1 5 40 89
3 2 41 88
2 2 41 87
1 2 41 86
4 2 48 86
2 2 48 85
4 2 45 85
2 2 43 85
3 5 18 93
4 5 17 93
1 5 16 93
4 2 18 97
3 2 32 98
1 2 17 97
3 5 14 93
4 5 13 93
1 5 12 93
3 5 10 93
4 5 9 93
1 5 8 93
3 6 6 93
4 6 5 61
1 2 40 62
2 2 39 62
2 2 34 60
2 2 37 59
3 2 36 59
1 2 34 59
1 2 35 58
3 2 33 60
1 2 33 62
3 2 37 63
4 2 43 64
2 2 32 62
1 2 35 63
2 2 34 63
2 2 47 64
1 2 40 64
2 2 39 64
4 2 37 64
4 2 42 65
1 2 41 65
2 2 40 65
4 2 38 65
1 2 36 64
2 2 35 64
3 2 33 63
1 2 31 60
3 2 31 62
2 2 30 60
3 2 29 60
1 2 29 62
2 2 28 62
1 2 27 60
3 2 27 62
2 2 26 60
3 2 25 60
1 2 25 62
2 2 24 62
1 2 23 60
3 2 23 62
2 2 22 60
3 2 21 60
1 2 21 62
4 3 32 64
1 3 4 61
3 2 17 60
1 2 18 59
4 2 43 58
2 2 43 57
1 2 47 56
2 2 46 56
1 2 25 58
2 2 24 58
2 2 39 57
1 2 40 59
3 2 38 57
4 2 44 57
4 2 42 56
1 2 41 56
1 2 38 57
2 2 42 56
1 2 42 55
4 2 47 85
4 2 46 55
2 2 35 57
3 2 34 57
4 2 40 56
3 2 23 58
3 2 30 57
1 2 33 56
2 2 37 55
3 2 45 54
1 2 44 54
3 2 39 54
3 2 41 54
4 2 38 54
2 2 38 54
4 2 35 55
1 2 36 55
1 2 41 54
4 2 29 57
1 2 28 57
3 2 26 57
4 2 25 57
1 2 27 56
2 2 29 55
2 2 36 54
1 2 36 53
1 2 33 54
4 2 36 52
3 2 34 53
3 2 31 54
1 2 29 54
1 2 21 58
3 2 19 58
1 2 15 60
3 2 13 60
1 2 11 60
2 2 10 60
2 2 11 60
4 2 8 60
1 2 7 60
3 2 7 60
2 2 9 59
2 2 16 58
1 2 16 57
4 2 20 56
2 2 25 55
4 2 29 53
1 2 31 52
3 2 29 52
1 2 25 54
4 2 23 58
2 2 18 56
3 2 17 56
4 2 27 55
2 2 29 52
1 2 32 51
1 2 22 55
3 2 26 53
1 2 27 52
3 2 29 52
4 2 25 53
4 2 27 52
3 2 20 55
4 2 21 55
3 2 23 54
4 2 22 54
1 2 20 57
1 2 22 58
4 2 19 55
2 2 17 58
3 2 15 58
1 2 13 58
2 2 12 58
4 2 16 56
2 2 21 55
3 2 11 58
1 2 9 58
2 2 6 60
1 2 6 62
3 2 5 60
4 3 21 57
1 3 16 56
2 3 17 57
2 3 4 62
2 2 18 63
3 2 17 63
1 3 15 62
1 2 28 64
2 2 27 64
4 2 25 64
4 2 29 54
2 2 28 65
2 2 31 66
1 2 39 67
4 2 36 67
2 2 37 67
4 2 29 66
4 2 37 68
4 2 26 65
1 2 27 65
1 2 32 66
4 2 32 67
1 2 28 66
1 2 24 64
2 2 23 64
1 2 20 64
2 2 19 64
3 2 18 64
1 2 16 64
2 3 30 66
2 3 14 62
3 3 13 62
4 2 16 65
1 3 11 62
2 3 10 62
3 3 9 62
1 3 7 62
2 3 6 62
2 4 23 53
3 2 26 54
1 2 23 52
3 2 24 51
4 2 23 51
1 2 24 50
2 4 15 57
3 2 14 59
3 4 5 62
1 2 33 67
2 2 35 68
4 6 33 52
2 2 37 68
3 7 29 52
3 7 24 11
4 2 25 12
3 8 41 6
2 8 30 98
1 2 32 99
3 2 35 99
4 8 14 95
2 8 7 9
1 2 20 12
3 2 21 12
1 2 19 8
3 2 24 7
2 2 28 6
1 2 28 5
3 2 27 6
2 2 30 4
3 2 29 4
4 2 28 4
1 2 25 6
2 2 24 6
2 2 27 5
2 2 27 14
3 2 26 5
4 2 32 4
1 2 27 4
1 2 34 3
4 2 34 2
2 2 34 7
1 2 22 7
3 2 20 7
4 2 19 7
3 2 18 12
1 2 21 13
3 2 17 8
4 2 17 12
4 2 18 13
4 2 16 8
1 2 16 12
1 2 15 8
3 2 13 8
4 2 12 8
1 2 11 8
3 2 10 12
3 2 9 8
4 2 8 8
1 2 8 12
3 2 17 11
1 2 7 8
2 2 7 12
4 2 12 11
1 2 14 10
3 2 12 10
4 2 13 10
1 2 11 11
3 2 11 13
4 2 23 14
1 2 22 14
4 2 28 15
2 2 35 16
3 2 39 17
4 2 38 17
1 2 36 1
2 2 36 17
3 2 40 18
2 2 40 18
4 2 39 18
4 2 40 19
3 2 34 16
4 2 35 1
4 2 33 16
3 2 20 14
3 2 25 15
2 2 25 15
3 2 26 16
2 2 26 16
4 2 24 15
2 2 22 15
3 2 21 15
2 2 20 14
4 2 19 14
4 2 10 13
2 2 17 14
3 2 16 14
3 2 9 11
1 2 9 13
1 2 14 14
3 2 12 14
4 2 11 14
4 2 12 15
1 2 10 14
1 2 5 10
3 2 6 9
1 2 7 10
4 2 5 9
3 3 34 2
2 3 29 3
3 2 31 2
4 2 30 2
1 3 29 2
2 2 37 18
4 4 7 11
3 5 4 11
2 3 40 18
2 8 7 77
3 2 17 76
4 2 16 76
1 2 15 76
4 2 12 76
2 2 10 76
3 2 11 76
4 2 8 76
1 2 9 76
1 2 7 76
1 2 10 75
3 2 23 74
2 2 27 73
3 2 33 72
4 2 32 72
2 2 30 72
1 2 30 78
3 2 29 72
1 2 29 72
4 2 28 72
3 2 26 73
1 2 24 73
4 2 27 74
2 2 26 72
2 2 20 74
3 2 19 74
4 2 18 74
4 2 21 73
3 2 21 72
4 2 23 71
4 2 34 70
2 2 32 70
4 2 30 70
2 2 28 70
3 2 29 70
2 2 31 69
4 2 26 70
3 2 29 70
2 2 24 70
1 2 22 71
3 2 22 71
1 2 22 71
3 2 15 74
4 2 14 74
2 2 12 74
3 2 11 74
1 2 11 74
2 2 15 73
4 2 16 72
1 2 5 78
4 2 5 77
2 2 18 78
2 2 14 78
2 2 6 78
1 2 10 79
4 2 10 79
3 2 18 80
4 2 25 81
3 2 21 81
4 2 23 82
1 2 22 82
2 2 34 83
3 2 33 83
3 2 22 82
3 2 29 83
4 2 33 84
1 2 32 84
2 2 33 84
1 2 37 85
2 2 36 85
4 2 39 86
4 2 34 85
3 2 34 85
1 2 33 85
4 2 33 85
4 2 28 83
2 2 26 83
3 2 25 83
2 2 26 83
1 2 23 83
4 2 19 71
3 2 19 70
3 2 22 69
1 2 30 68
4 2 28 68
1 2 27 68
2 2 26 68
4 2 24 68
2 2 27 67
1 2 23 68
2 2 22 68
4 2 21 69
1 2 19 81
4 2 23 83
4 2 25 84
1 2 16 80
3 2 14 80
1 2 13 78
1 2 12 80
2 2 13 80
2 2 11 80
2 2 9 79
4 2 7 79
1 2 6 79
2 3 17 71
2 2 19 69
3 3 16 71
4 3 14 74
2 3 11 73
3 2 13 72
2 2 13 71
4 2 14 70
4 2 17 69
3 2 17 68
3 2 14 69
4 2 19 68
4 2 12 72
2 3 14 68
4 2 15 67
2 2 24 66
4 2 22 66
1 2 21 66
4 2 19 82
3 2 15 66
2 2 15 65
2 4 15 71
4 4 18 78
2 6 9 75
2 7 25 81
4 10 22 54
4 10 8 45
3 11 22 27
3 2 24 30
4 2 23 30
2 2 23 30
2 2 21 30
1 12 17 27
4 2 19 30
3 12 13 92
2 2 33 91
3 2 32 91
4 2 31 91
3 2 28 91
1 2 26 91
2 2 27 91
3 2 24 91
4 2 23 91
2 2 23 91
4 2 23 91
3 2 20 91
1 2 18 91
3 2 16 91
4 2 17 91
1 2 14 91
4 3 14 90
4 2 33 89
2 2 31 89
3 2 30 89
3 2 33 88
3 2 36 87
4 2 32 88
1 2 33 88
3 2 31 89
1 2 30 89
1 2 24 89
3 2 22 89
4 2 21 89
3 2 25 88
2 2 33 87
1 2 30 87
1 2 32 87
4 2 30 86
3 2 28 87
2 2 31 86
4 2 24 88
1 2 20 89
3 2 14 89
4 2 13 89
1 2 19 88
2 2 26 88
1 2 22 87
2 2 24 86
4 2 22 86
1 2 27 85
2 2 26 85
3 2 20 87
3 2 22 85
4 2 19 87
3 2 13 88
3 2 16 87
1 2 21 86
2 2 22 84
2 2 26 84
1 2 17 86
2 2 19 85
1 2 19 84
4 2 17 85
4 2 18 85
1 2 19 87
1 3 14 87
2 3 13 87
2 2 18 90
4 4 13 87
3 2 15 86
2 2 15 85
1 2 15 84
4 2 18 84
2 2 17 83
4 2 15 83
3 2 17 82
1 2 17 84
1 6 16 91
4 2 16 90
2 4 22 90
4 10 15 87
3 2 16 90
1 5 17 87
2 14 30 50
3 14 29 30
3 14 20 55
3 14 5 76
2 2 4 78
1 2 4 77
2 2 5 75
1 2 5 74
2 2 7 73
4 3 8 72
3 3 8 71
4 2 10 70
3 3 10 69
2 3 10 68
4 2 11 68
2 2 13 67
4 2 14 66
2 3 8 70
3 3 6 73
4 4 13 81
1 4 13 81
1 2 19 66
4 15 18 90
3 19 26 48
2 19 23 50
1 2 21 54
4 3 23 50
1 20 11 15
2 2 32 17
3 2 27 17
4 2 26 17
4 2 31 18
2 2 26 17
4 2 27 18
2 2 15 16
3 2 14 16
4 2 22 17
3 2 19 17
1 2 26 18
4 2 32 19
2 2 30 19
3 2 38 20
3 2 31 19
3 2 34 20
2 2 34 20
4 2 38 21
1 2 37 21
2 2 36 21
4 2 33 20
4 2 34 21
2 2 31 20
3 2 34 22
3 2 29 19
4 2 18 17
3 2 20 18
3 2 25 19
3 2 11 15
2 2 20 18
2 2 23 19
3 3 22 18
2 3 17 17
4 3 12 16
4 2 14 17
3 2 14 17
1 4 28 20
2 6 28 82
2 10 28 19
1 2 30 21
1 2 28 20
2 2 29 20
3 2 29 21
4 4 27 20
2 9 27 20
3 2 30 22
1 2 35 23
4 2 34 23
1 2 28 22
1 3 32 22
4 4 28 22
3 2 28 23
4 21 27 3
1 2 24 5
3 2 27 2
2 22 13 78
4 2 12 82
1 28 21 85
2 2 19 86
4 31 22 6
1 2 13 6
2 2 19 5
4 2 20 4
4 2 23 3
1 2 22 3
4 2 17 5
2 2 21 3
1 2 18 5
2 2 15 5
4 2 13 5
2 2 12 6
3 2 13 4
2 2 17 3
3 2 16 3
1 2 16 3
2 2 13 3
2 3 16 5
4 4 14 2
1 2 20 1
3 2 18 1
4 2 17 1
1 2 16 1
3 4 11 6
3 2 12 6
1 5 13 2
2 2 16 1
2 9 27 1
1 2 27 1
3 9 13 2
4 2 15 1
1 2 14 1
3 2 15 1
3 32 19 83
4 2 16 87
2 32 13 1
1 2 12 2
1 33 9 46
4 2 13 48
2 4 12 48
3 2 15 49
2 2 15 49
4 35 35 35
2 7 41 24
4 2 40 24
1 27 30 35
4 2 34 34
1 2 33 34
4 2 33 33
3 2 33 35
1 2 33 34
4 2 30 34
3 3 30 33
3 2 32 32
2 5 30 33
2 36 15 41
1 2 15 40
3 2 10 41
3 2 16 39
3 2 19 38
4 2 25 37
3 2 22 37
2 2 19 37
1 2 22 37
2 2 21 37
4 2 15 39
2 2 10 40
1 2 5 42
3 2 6 41
4 2 11 39
1 2 10 39
4 2 8 40
2 2 6 40
1 2 8 42
1 2 17 38
4 2 20 36
2 2 25 35
1 2 25 35
4 2 23 35
1 2 22 35
3 2 22 35
4 2 22 34
1 2 19 36
3 3 22 33
2 2 26 32
3 2 25 32
1 2 23 32
4 2 23 32
1 2 23 32
2 3 22 32
2 2 23 31
3 3 19 36
2 3 9 39
1 2 13 38
2 2 15 37
4 2 16 36
3 2 16 35
1 2 15 36
3 2 14 37
2 2 12 38
3 3 1 44
2 2 20 34
1 3 20 33
3 2 19 34
4 2 18 35
4 4 20 32
3 4 8 39
2 2 8 38
1 3 8 37
1 2 11 36
2 2 10 36
3 3 9 36
1 5 6 39
2 7 13 35
1 2 13 34
4 3 13 33
2 2 18 32
3 2 19 31
3 2 17 32
4 2 16 32
3 2 13 32
2 3 13 31
2 2 16 30
4 2 14 30
3 3 14 30
2 2 16 34
4 39 5 73
3 2 7 81
4 2 11 82
3 2 13 83
3 2 4 75
3 3 3 78
2 41 14 38
4 2 17 31
1 52 13 16
4 2 18 19
4 56 8 36
3 2 6 37
2 2 6 36
1 2 5 38
4 2 5 37
3 2 3 42
2 2 3 41
1 2 3 40
4 2 3 39
2 2 4 38
1 2 2 43
3 7 3 38
1 2 6 35
3 2 11 34
3 2 5 36
4 2 10 34
2 2 10 34
1 3 10 34
2 2 8 35
1 4 8 35
2 62 9 7
1 2 9 6
4 2 9 5
1 2 5 12
1 2 4 9
3 2 9 4
1 2 10 3
2 2 9 3
4 3 9 3
4 5 4 10
3 2 3 10
3 5 9 16
1 72 15 29
4 2 12 32
4 2 12 35
2 3 12 32
4 88 9 57
2 2 12 56
3 2 9 56
2 2 8 58
2 2 3 61
3 2 3 62
1 3 11 56
2 3 9 55
2 2 16 54
3 2 18 53
4 2 20 52
4 2 17 53
3 2 15 54
2 2 16 54
1 2 15 54
4 2 14 54
1 2 13 54
2 2 12 54
3 2 11 54
1 2 9 54
4 3 9 53
1 2 15 52
2 2 17 51
1 2 17 51
3 2 13 52
1 2 11 52
3 2 9 52
4 2 10 52
3 3 7 58
4 2 11 51
3 2 17 50
4 2 16 50
1 2 13 50
1 2 14 49
2 2 12 50
3 4 11 50
4 3 10 50
2 6 9 51
1 2 8 53
1 2 9 50
2 2 8 50
3 4 7 50
2 98 6 24
1 2 10 27
1 2 5 26
4 3 5 29
2 44 24 20
2 116 13 87
3 2 12 87
3 2 8 91
3 2 11 90
2 2 11 89
4 2 10 90
2 2 8 90
4 2 7 91
3 2 13 98
1 4 6 91
1 4 5 94
1 8 11 88
1 131 13 66
4 2 8 68
4 2 7 71
4 2 4 72
2 2 5 71
1 2 5 70
4 2 5 69
2 2 6 68
1 2 6 67
2 2 5 67
4 2 13 66
2 2 8 66
3 2 8 82
2 2 10 83
3 2 9 83
2 2 11 84
1 2 13 85
4 2 6 66
1 2 7 65
1 2 5 66
2 2 4 74
3 2 4 78
2 3 8 65
2 3 3 81
3 170 4 64
1 2 4 69
4 2 3 71
2 2 3 73
4 2 7 65
2 3 6 66
1 3 3 64
1 2 5 64
4 4 5 66
1 2 4 67
2 4 4 64
4 2 3 64
2 2 2 64
1 2 2 63
3 2 3 66
1 3 28 24
