8331
4386
5 2 100 6
3 2 100 13
2 2 100 29
3 2 100 31
2 2 100 44
7 2 100 56
1 2 100 59
4 2 100 73
5 2 99 26
3 2 99 27
8 2 99 40
8 2 99 49
1 2 99 52
6 2 99 57
1 2 99 66
6 2 99 76
5 2 99 84
2 2 99 90
2 2 98 8
1 2 98 15
5 2 98 22
4 2 99 23
6 2 98 23
8 2 98 26
2 2 98 44
7 2 98 49
2 2 98 73
1 2 98 75
8 2 98 78
3 2 98 83
5 2 98 96
4 2 97 1
8 2 98 98
3 2 97 3
6 2 97 2
2 2 97 5
5 2 97 6
4 2 97 9
3 2 97 10
1 2 97 9
5 2 97 12
6 2 97 11
3 2 97 13
2 2 97 24
4 2 97 37
8 2 97 60
8 2 96 12
6 2 96 38
1 2 96 43
1 2 96 55
2 2 96 56
7 2 97 55
4 2 96 60
7 2 97 59
3 2 96 62
3 2 96 65
4 2 97 90
1 2 96 70
5 2 96 70
6 2 96 74
8 2 96 84
8 2 96 89
3 2 98 64
2 2 96 91
1 2 95 1
3 2 95 8
8 2 95 24
1 2 95 35
5 2 98 34
8 2 98 88
1 2 97 88
6 2 95 41
4 2 96 40
8 2 95 40
4 2 95 48
5 2 95 61
8 2 95 62
1 2 95 67
7 2 97 66
6 2 95 67
1 2 98 68
7 2 95 71
1 2 95 71
2 2 95 72
5 2 95 81
8 2 95 86
5 2 95 91
7 2 95 95
4 2 98 94
4 2 95 94
6 2 97 93
7 2 96 93
6 2 95 96
5 2 94 4
4 2 94 3
3 2 97 4
1 2 94 8
8 2 95 7
6 2 94 7
3 2 94 7
4 2 94 17
3 2 99 16
3 2 99 18
7 2 94 24
4 2 94 52
6 2 94 53
3 2 94 59
1 2 95 60
5 2 94 64
3 2 98 63
7 2 94 63
1 2 94 75
7 2 94 81
2 2 96 82
4 2 95 83
6 2 94 99
2 2 93 19
8 2 93 21
4 2 93 23
3 2 93 43
6 2 95 44
8 2 97 45
8 2 93 51
6 2 97 50
7 2 96 51
5 2 93 56
6 2 94 57
4 2 93 57
4 2 94 56
8 2 96 55
7 2 93 59
5 2 93 69
4 2 93 78
7 2 98 79
2 2 97 79
8 2 97 79
7 2 95 78
1 2 93 99
5 2 96 98
7 2 93 98
4 2 96 97
3 2 97 96
5 2 94 99
5 2 93 97
8 2 92 13
2 2 94 12
6 2 92 14
6 2 97 15
3 2 92 16
2 2 92 29
5 2 96 29
1 2 92 30
1 2 93 30
1 2 92 34
7 2 92 57
4 2 92 65
4 2 94 33
1 2 94 32
5 2 92 89
4 2 91 2
7 2 94 66
3 2 93 1
7 2 91 16
7 2 91 30
3 2 91 36
8 2 94 35
6 2 92 36
7 2 93 35
7 2 95 1
8 2 94 2
4 2 92 36
6 2 91 48
6 2 95 34
7 2 91 54
7 2 94 53
8 2 94 56
5 2 93 53
5 2 91 58
8 2 92 59
4 2 91 59
4 2 91 63
2 2 91 68
2 2 92 68
3 2 92 69
2 2 92 69
3 2 91 74
4 2 94 75
2 2 94 76
3 2 91 81
4 2 93 81
8 2 95 49
4 2 94 80
8 2 92 80
2 2 91 86
4 2 96 82
2 2 96 86
6 2 93 85
4 2 91 86
5 2 90 5
2 2 91 90
4 2 93 91
6 2 92 92
8 2 93 93
1 2 90 25
4 2 93 26
8 2 90 42
4 2 95 5
5 2 94 42
4 2 90 45
5 2 90 46
5 2 95 46
2 2 90 52
7 2 90 58
6 2 90 74
5 2 91 74
7 2 90 77
1 2 93 78
3 2 91 77
5 2 92 77
4 2 90 79
5 2 90 86
7 2 91 86
6 2 91 85
3 2 90 85
7 2 90 94
6 2 90 99
8 2 89 4
7 2 94 5
4 2 89 3
3 2 92 2
5 2 89 32
5 2 89 36
6 2 89 37
1 2 89 44
4 2 89 48
6 2 89 49
3 2 94 50
3 2 90 48
1 2 89 49
6 2 89 57
3 2 91 56
6 2 89 60
5 2 89 67
4 2 89 82
4 2 91 83
8 2 90 81
2 2 89 82
8 2 89 82
5 2 89 99
2 2 91 99
8 2 88 8
4 2 89 8
7 2 93 9
4 2 92 10
4 2 95 10
8 2 92 9
3 2 88 13
2 2 92 15
2 2 90 12
6 2 94 14
1 2 92 11
2 2 91 13
5 2 89 14
2 2 88 48
8 2 90 47
2 2 93 46
2 2 89 47
6 2 92 46
5 2 88 50
1 2 94 51
6 2 88 50
4 2 88 49
3 2 90 50
1 2 89 50
4 2 88 80
7 2 88 81
4 2 87 11
7 2 92 10
6 2 88 10
6 2 89 11
2 2 88 9
5 2 89 8
5 2 87 11
6 2 87 15
7 2 88 14
5 2 90 15
8 2 89 13
6 2 87 27
6 2 87 44
3 2 87 62
2 2 92 63
1 2 93 62
4 2 88 64
6 2 87 69
2 2 87 70
8 2 89 70
1 2 93 72
8 2 92 72
3 2 87 73
8 2 87 78
3 2 87 92
3 2 89 92
3 2 92 93
8 2 88 92
2 2 86 1
3 2 86 2
8 2 88 1
8 2 86 5
3 2 86 25
1 2 92 24
5 2 86 25
7 2 91 26
1 2 86 35
3 2 91 34
5 2 96 33
1 2 95 33
5 2 93 33
3 2 92 33
4 2 86 63
8 2 87 63
5 2 88 62
8 2 90 62
5 2 87 64
7 2 86 63
3 2 86 65
2 2 94 65
7 2 89 64
2 2 86 68
7 2 86 73
7 2 91 73
1 2 87 72
5 2 86 77
6 2 86 79
1 2 88 79
5 2 86 84
7 2 85 18
6 2 92 19
6 2 86 20
2 2 95 21
8 2 89 22
1 2 94 22
7 2 91 23
4 2 92 22
8 2 91 23
3 2 91 22
5 2 89 21
7 2 96 20
1 2 95 20
2 2 85 26
7 2 85 27
3 2 85 38
4 2 85 39
8 2 85 63
5 2 85 70
8 2 90 71
2 2 85 73
4 2 85 72
7 2 85 73
6 2 85 93
6 2 84 1
8 2 87 1
1 2 87 2
6 2 89 4
7 2 86 1
6 2 84 5
6 2 90 5
2 2 90 6
2 2 84 17
1 2 87 16
2 2 86 16
4 2 86 15
6 2 84 19
7 2 88 19
3 2 84 36
2 2 84 49
7 2 85 49
3 2 84 49
1 2 84 77
1 2 87 77
8 2 85 77
2 2 85 77
4 2 84 76
2 2 90 76
8 2 89 75
5 2 85 77
5 2 84 84
3 2 91 83
7 2 90 83
5 2 88 85
8 2 84 86
1 2 83 1
2 2 83 1
8 2 83 6
3 2 89 5
4 2 88 6
1 2 83 9
2 2 83 36
7 2 85 35
5 2 89 34
4 2 83 39
7 2 90 40
1 2 90 39
7 2 85 40
7 2 83 51
1 2 89 52
5 2 90 52
7 2 83 69
4 2 85 68
7 2 86 67
7 2 88 66
4 2 83 82
6 2 83 87
1 2 87 87
3 2 88 87
6 2 86 87
1 2 87 88
2 2 86 86
4 2 86 87
2 2 83 90
1 2 89 91
1 2 87 91
6 2 89 90
6 2 92 89
6 2 87 91
4 2 83 92
4 2 85 91
3 2 82 2
1 2 82 5
4 2 82 7
5 2 82 8
1 2 84 9
7 2 86 9
8 2 85 8
6 2 82 29
7 2 93 30
2 2 94 31
7 2 89 28
4 2 82 28
1 2 88 29
5 2 92 31
2 2 91 28
3 2 89 30
4 2 88 30
4 2 94 31
5 2 82 43
4 2 84 45
7 2 87 46
7 2 92 45
7 2 90 46
4 2 86 46
8 2 86 47
7 2 85 46
5 2 84 46
7 2 83 43
6 2 89 42
1 2 82 45
7 2 82 53
2 2 82 55
8 2 90 56
3 2 88 56
4 2 84 56
2 2 84 55
4 2 82 62
4 2 89 61
6 2 88 62
1 2 84 62
7 2 82 83
1 2 82 85
3 2 84 86
1 2 82 88
1 2 81 20
8 2 87 21
7 2 88 22
7 2 81 35
5 2 82 34
1 2 82 36
4 2 84 37
6 2 82 37
2 2 83 38
2 2 81 40
1 2 89 40
6 2 81 56
1 2 81 62
8 2 81 68
2 2 90 67
2 2 88 68
4 2 86 68
1 2 85 68
2 2 81 81
7 2 81 87
4 2 81 99
7 2 82 97
2 2 92 96
2 2 80 11
4 2 83 10
8 2 83 12
1 2 89 13
2 2 84 12
2 2 87 13
5 2 88 12
5 2 86 13
8 2 84 13
6 2 81 12
7 2 84 12
1 2 80 23
1 2 88 24
3 2 85 21
3 2 87 20
3 2 86 21
6 2 80 24
3 2 83 23
2 2 83 22
4 2 80 43
2 2 90 42
6 2 83 44
4 2 87 43
4 2 85 43
1 2 86 42
8 2 84 43
3 2 88 42
8 2 81 44
7 2 83 43
5 2 82 43
8 2 80 51
5 2 80 50
2 2 87 51
5 2 81 49
7 2 80 55
5 2 80 57
7 2 85 56
4 2 84 58
4 2 86 59
7 2 83 58
6 2 84 57
8 2 82 56
2 2 83 55
6 2 89 54
2 2 80 58
3 2 86 59
6 2 80 63
7 2 81 62
3 2 81 61
5 2 83 60
1 2 80 76
8 2 86 76
2 2 90 75
7 2 80 75
7 2 80 80
4 2 82 79
5 2 80 79
3 2 82 81
4 2 79 2
7 2 79 4
3 2 79 10
6 2 82 11
8 2 80 11
5 2 79 9
7 2 80 7
2 2 79 36
6 2 82 35
7 2 85 34
8 2 79 54
8 2 81 53
4 2 85 52
3 2 84 53
5 2 82 52
3 2 86 52
3 2 87 53
4 2 85 52
6 2 81 52
3 2 79 61
6 2 82 61
1 2 85 60
3 2 79 73
4 2 82 72
4 2 88 71
3 2 87 71
1 2 86 71
5 2 79 76
8 2 79 77
8 2 78 1
8 2 78 7
8 2 86 6
1 2 78 25
8 2 84 26
6 2 83 26
2 2 78 24
2 2 86 25
6 2 82 23
5 2 83 22
4 2 79 23
8 2 78 32
1 2 78 39
1 2 81 40
5 2 86 39
6 2 85 39
1 2 82 41
4 2 81 41
4 2 78 42
7 2 84 41
2 2 78 47
2 2 80 46
6 2 78 50
4 2 81 51
4 2 78 50
2 2 81 51
8 2 81 51
1 2 78 52
1 2 78 61
1 2 83 60
2 2 85 59
1 2 78 67
7 2 78 84
6 2 85 83
7 2 83 84
6 2 82 84
8 2 85 84
5 2 79 83
4 2 78 92
3 2 84 91
3 2 85 92
5 2 89 41
2 2 88 93
2 2 86 93
5 2 85 94
7 2 78 98
5 2 79 100
1 2 82 99
7 2 81 92
8 2 83 93
2 2 81 100
6 2 77 2
7 2 80 99
6 2 85 3
8 2 84 3
6 2 82 98
6 2 85 97
2 2 85 98
8 2 83 99
2 2 83 98
5 2 77 1
5 2 80 2
7 2 78 2
2 2 77 2
4 2 80 3
1 2 77 7
4 2 77 15
1 2 82 99
5 2 77 29
4 2 84 16
5 2 87 29
8 2 84 15
8 2 77 36
4 2 79 37
2 2 77 41
1 2 77 41
3 2 78 40
4 2 84 39
7 2 78 39
2 2 87 38
8 2 77 40
5 2 77 53
6 2 78 53
3 2 77 53
7 2 77 58
2 2 77 66
5 2 79 65
2 2 79 66
1 2 82 67
8 2 83 68
7 2 81 65
4 2 82 65
8 2 80 66
1 2 86 64
4 2 85 65
8 2 77 82
7 2 77 88
5 2 78 88
5 2 87 88
2 2 87 89
8 2 80 89
5 2 87 89
7 2 86 90
8 2 78 88
2 2 77 94
5 2 85 93
8 2 84 94
2 2 83 94
3 2 89 17
8 2 88 17
5 2 90 17
4 2 88 18
3 2 80 96
1 2 79 96
3 2 89 95
4 2 85 97
1 2 82 96
2 2 81 96
1 2 86 96
7 2 76 4
2 2 78 4
3 2 76 4
1 2 77 4
4 2 76 7
5 2 81 7
3 2 80 8
1 2 78 8
8 2 76 9
3 2 76 28
3 2 85 27
5 2 88 28
4 2 89 27
1 2 80 28
8 2 88 27
6 2 80 27
6 2 77 27
6 2 85 26
8 2 79 27
6 2 76 28
3 2 80 29
1 2 80 30
8 2 76 29
6 2 76 38
8 2 80 36
2 2 76 39
5 2 86 37
6 2 85 37
3 2 76 44
7 2 79 43
1 2 78 43
4 2 79 43
3 2 80 44
5 2 80 45
1 2 79 45
6 2 79 45
3 2 80 46
2 2 79 44
4 2 79 46
6 2 86 47
1 2 85 47
3 2 78 43
1 2 78 47
5 2 83 47
8 2 77 43
8 2 78 42
5 2 76 43
5 2 76 51
3 2 78 51
6 2 76 57
5 2 81 56
5 2 80 57
8 2 78 57
3 2 80 58
8 2 76 58
4 2 76 60
8 2 82 59
6 2 81 60
2 2 76 69
7 2 79 68
3 2 82 67
2 2 78 68
8 2 77 68
4 2 78 69
5 2 76 68
6 2 76 68
5 2 76 78
2 2 80 78
8 2 80 77
6 2 79 78
2 2 80 77
8 2 76 95
3 2 84 97
7 2 82 94
3 2 79 94
7 2 76 94
6 2 75 2
7 2 76 1
1 2 75 3
7 2 80 4
4 2 75 5
4 2 75 12
1 2 81 11
1 2 79 12
8 2 75 27
6 2 75 31
2 2 75 30
2 2 83 31
6 2 88 32
1 2 87 95
2 2 84 32
6 2 75 34
3 2 80 33
5 2 75 36
5 2 75 45
2 2 76 46
1 2 78 34
1 2 75 50
3 2 75 59
1 2 75 71
6 2 77 72
6 2 79 73
8 2 82 71
1 2 82 74
6 2 78 47
3 2 81 48
7 2 79 48
5 2 80 49
8 2 76 73
2 2 75 89
1 2 75 89
5 2 84 89
7 2 74 6
1 2 74 8
3 2 74 19
5 2 85 18
5 2 82 19
2 2 83 18
8 2 81 19
6 2 75 19
3 2 81 19
7 2 74 19
1 2 74 22
7 2 80 20
8 2 78 23
3 2 77 23
5 2 77 23
2 2 74 34
7 2 83 33
7 2 81 34
6 2 80 33
8 2 82 32
5 2 82 31
8 2 80 32
4 2 77 33
5 2 77 34
5 2 74 79
7 2 74 79
2 2 74 87
5 2 81 87
6 2 81 86
4 2 81 85
5 2 79 86
2 2 78 86
2 2 77 89
8 2 81 90
7 2 74 86
5 2 73 18
1 2 80 18
3 2 73 30
4 2 79 31
3 2 78 31
4 2 77 30
8 2 75 31
1 2 79 33
1 2 78 31
4 2 75 30
3 2 74 31
7 2 78 32
1 2 73 40
4 2 75 41
5 2 73 40
3 2 73 44
8 2 74 46
8 2 73 44
7 2 73 50
3 2 77 49
2 2 76 50
7 2 73 61
7 2 73 68
6 2 73 79
3 2 78 81
1 2 73 81
5 2 81 83
3 2 73 84
2 2 81 84
8 2 79 83
8 2 76 83
4 2 73 84
3 2 73 84
5 2 73 86
3 2 77 87
1 2 73 85
8 2 73 84
2 2 73 96
7 2 83 96
4 2 77 96
4 2 81 97
4 2 74 96
6 2 75 96
1 2 73 97
5 2 77 97
3 2 73 96
3 2 72 1
2 2 72 2
4 2 78 3
5 2 77 3
8 2 72 15
5 2 72 15
5 2 82 14
4 2 77 15
7 2 80 15
3 2 84 16
5 2 85 75
1 2 85 75
4 2 84 75
7 2 84 74
4 2 75 15
8 2 72 53
2 2 85 54
7 2 84 54
4 2 83 54
7 2 76 51
7 2 74 53
4 2 74 54
3 2 77 55
3 2 79 55
8 2 76 55
2 2 73 53
4 2 72 52
1 2 74 53
8 2 73 53
4 2 72 75
6 2 74 77
7 2 72 86
5 2 72 89
7 2 72 88
7 2 72 93
8 2 78 95
3 2 77 95
8 2 76 94
7 2 73 92
5 2 79 91
6 2 77 91
8 2 73 92
7 2 79 91
2 2 72 99
1 2 78 98
3 2 79 99
2 2 76 98
1 2 71 1
4 2 71 6
6 2 80 6
5 2 71 12
2 2 75 11
2 2 71 15
1 2 76 15
1 2 83 16
3 2 71 20
4 2 71 32
6 2 71 32
7 2 74 31
6 2 72 33
7 2 73 32
1 2 71 39
8 2 78 38
1 2 73 38
5 2 73 38
3 2 83 37
4 2 73 37
4 2 72 40
1 2 71 48
4 2 75 47
4 2 74 49
3 2 71 53
7 2 71 61
6 2 71 64
4 2 75 63
8 2 71 78
1 2 71 91
7 2 77 92
2 2 72 91
4 2 71 91
4 2 73 92
1 2 76 94
3 2 71 93
5 2 71 95
5 2 71 99
5 2 75 98
6 2 70 1
5 2 70 8
5 2 75 7
3 2 79 6
1 2 70 7
5 2 71 8
2 2 72 7
3 2 70 22
2 2 70 36
7 2 70 35
1 2 71 34
6 2 70 44
4 2 71 44
8 2 70 60
5 2 73 59
3 2 70 62
2 2 79 63
2 2 83 64
5 2 70 68
3 2 74 69
6 2 70 79
3 2 70 86
3 2 70 91
6 2 70 97
7 2 69 8
1 2 69 36
6 2 70 37
7 2 69 58
2 2 74 57
4 2 78 56
1 2 69 69
4 2 70 69
1 2 69 74
7 2 74 73
4 2 78 72
1 2 80 71
3 2 80 70
6 2 79 72
8 2 71 73
2 2 80 74
4 2 73 73
6 2 73 75
3 2 73 76
8 2 69 73
3 2 73 72
7 2 80 71
5 2 79 72
2 2 72 74
2 2 71 72
4 2 74 70
4 2 72 72
5 2 72 71
6 2 73 70
5 2 69 76
3 2 79 76
7 2 77 76
1 2 74 75
8 2 70 75
4 2 69 90
3 2 69 100
2 2 72 99
4 2 68 7
8 2 70 6
4 2 68 9
8 2 73 9
7 2 70 9
4 2 72 10
3 2 68 19
4 2 68 18
1 2 86 17
8 2 75 17
2 2 68 29
7 2 68 33
3 2 70 33
2 2 68 40
5 2 68 61
5 2 68 69
1 2 68 80
1 2 76 81
1 2 71 79
4 2 70 79
6 2 72 80
1 2 68 83
1 2 68 92
6 2 70 92
5 2 73 93
7 2 68 94
3 2 67 14
7 2 67 31
5 2 74 30
1 2 70 31
1 2 72 30
3 2 69 31
1 2 69 31
2 2 68 32
5 2 68 32
4 2 68 33
2 2 67 34
2 2 67 50
8 2 69 49
4 2 68 50
1 2 67 60
1 2 68 59
8 2 72 58
2 2 75 57
3 2 76 56
5 2 67 67
2 2 72 66
6 2 67 82
1 2 67 90
5 2 68 91
5 2 67 97
7 2 71 96
5 2 71 98
5 2 69 97
3 2 66 2
2 2 69 1
7 2 69 2
3 2 69 1
6 2 73 2
4 2 66 5
1 2 66 9
3 2 66 10
8 2 73 10
1 2 72 10
8 2 69 11
6 2 74 11
7 2 72 11
8 2 67 9
3 2 71 10
5 2 70 10
6 2 69 8
7 2 68 9
4 2 66 17
2 2 72 17
8 2 66 17
6 2 67 17
4 2 73 16
2 2 73 18
1 2 71 18
2 2 70 18
3 2 67 16
1 2 66 23
6 2 67 23
1 2 75 22
7 2 67 24
8 2 69 25
1 2 74 26
8 2 72 27
1 2 73 27
5 2 74 27
4 2 78 29
2 2 73 26
8 2 75 25
6 2 72 28
1 2 74 28
8 2 70 26
6 2 66 27
4 2 73 28
5 2 67 26
5 2 70 25
3 2 66 31
3 2 68 30
4 2 67 30
6 2 66 30
8 2 66 34
2 2 66 38
1 2 75 39
4 2 70 39
5 2 66 59
2 2 70 58
5 2 73 57
1 2 72 58
1 2 70 57
4 2 70 58
2 2 68 60
6 2 72 62
3 2 66 77
8 2 73 77
1 2 72 76
5 2 70 78
1 2 66 77
4 2 69 77
4 2 66 79
8 2 69 77
1 2 66 82
7 2 73 84
1 2 69 81
4 2 67 81
5 2 67 82
3 2 68 81
5 2 66 90
3 2 78 89
4 2 77 89
5 2 66 93
3 2 65 3
2 2 68 2
3 2 69 3
1 2 69 3
6 2 70 5
3 2 70 4
7 2 68 1
4 2 67 3
6 2 65 9
7 2 65 34
2 2 65 45
5 2 67 44
7 2 66 46
7 2 67 47
6 2 65 58
8 2 65 67
3 2 66 66
1 2 73 65
6 2 69 68
4 2 68 68
6 2 67 67
4 2 70 66
5 2 74 65
8 2 81 64
4 2 74 64
3 2 71 65
2 2 72 64
5 2 68 66
2 2 65 93
6 2 72 93
7 2 65 95
5 2 66 95
1 2 64 2
2 2 65 1
2 2 65 3
7 2 64 8
1 2 66 8
5 2 64 9
1 2 64 18
6 2 70 18
1 2 69 19
7 2 65 17
3 2 74 16
7 2 64 18
5 2 64 26
7 2 64 28
2 2 64 31
6 2 67 32
6 2 64 32
1 2 64 36
1 2 72 37
8 2 70 35
5 2 66 35
5 2 65 36
5 2 64 51
8 2 67 52
4 2 73 51
4 2 71 52
7 2 70 53
3 2 64 50
1 2 68 49
8 2 67 50
3 2 66 49
1 2 65 49
5 2 64 68
4 2 64 74
3 2 67 73
7 2 68 72
8 2 68 72
2 2 67 72
2 2 65 73
4 2 64 77
5 2 66 76
6 2 69 75
2 2 66 78
8 2 71 79
2 2 70 79
4 2 63 7
2 2 64 6
3 2 64 7
5 2 63 21
1 2 80 20
8 2 77 20
6 2 76 20
2 2 82 20
4 2 71 20
8 2 65 23
8 2 63 32
2 2 63 32
3 2 63 35
8 2 64 34
1 2 63 34
6 2 63 38
2 2 65 40
3 2 67 40
6 2 78 41
3 2 75 41
5 2 63 49
6 2 63 49
6 2 69 48
5 2 69 48
1 2 63 61
4 2 65 60
2 2 64 62
3 2 63 67
2 2 64 67
7 2 63 82
2 2 65 83
7 2 64 83
3 2 63 86
5 2 69 86
5 2 63 89
3 2 63 96
1 2 67 95
1 2 62 2
8 2 65 1
4 2 64 1
6 2 64 2
3 2 63 1
2 2 63 2
1 2 62 15
6 2 66 15
2 2 65 14
5 2 72 16
7 2 63 15
6 2 62 18
2 2 62 26
6 2 67 25
3 2 65 25
7 2 64 26
1 2 62 39
1 2 62 49
5 2 62 63
8 2 73 63
3 2 64 62
6 2 63 62
3 2 62 78
4 2 62 80
7 2 64 79
5 2 63 80
2 2 62 81
4 2 62 86
3 2 72 87
2 2 62 98
3 2 61 6
6 2 70 5
3 2 73 4
1 2 67 5
1 2 61 7
2 2 61 9
4 2 61 28
1 2 67 28
8 2 66 28
3 2 68 28
6 2 66 29
5 2 64 27
5 2 67 29
7 2 66 29
3 2 68 28
1 2 67 28
7 2 64 28
6 2 63 29
2 2 63 28
3 2 61 29
4 2 63 30
8 2 62 29
8 2 61 31
4 2 61 35
7 2 61 34
2 2 61 46
1 2 67 45
7 2 67 44
7 2 69 43
7 2 71 42
4 2 74 41
5 2 73 41
8 2 72 41
7 2 68 44
2 2 66 44
1 2 61 47
8 2 64 46
6 2 64 47
1 2 62 46
4 2 66 48
7 2 62 47
7 2 61 60
2 2 72 61
5 2 67 59
4 2 61 75
8 2 66 76
3 2 64 73
8 2 69 72
2 2 61 76
4 2 61 77
8 2 62 76
3 2 62 75
7 2 61 81
2 2 61 89
3 2 66 90
1 2 62 88
8 2 64 89
6 2 68 88
3 2 61 99
1 2 64 99
5 2 60 36
6 2 60 38
8 2 64 39
7 2 65 40
1 2 66 42
1 2 64 41
5 2 60 44
8 2 60 65
6 2 72 64
7 2 69 66
2 2 65 65
1 2 60 76
1 2 66 75
4 2 68 74
4 2 60 79
3 2 60 82
8 2 60 81
8 2 60 87
8 2 65 88
1 2 66 88
3 2 59 4
2 2 59 6
1 2 62 7
7 2 59 14
8 2 59 39
7 2 59 42
4 2 66 43
4 2 61 43
3 2 62 43
1 2 67 42
1 2 59 50
3 2 59 55
8 2 73 56
4 2 69 54
1 2 73 55
7 2 72 56
4 2 66 55
5 2 70 55
2 2 65 54
3 2 68 55
8 2 70 56
4 2 69 57
8 2 67 55
1 2 64 55
6 2 61 54
8 2 60 54
6 2 59 60
1 2 63 59
6 2 68 58
3 2 67 58
5 2 67 57
6 2 69 56
4 2 59 60
3 2 59 79
4 2 63 78
6 2 59 79
7 2 59 82
3 2 64 84
2 2 69 85
4 2 68 85
1 2 59 90
6 2 62 90
6 2 58 8
6 2 58 17
5 2 64 18
6 2 66 19
8 2 79 20
1 2 65 20
5 2 76 20
8 2 64 20
5 2 65 19
7 2 62 16
3 2 62 17
6 2 62 16
4 2 62 18
3 2 58 19
8 2 58 24
3 2 64 23
1 2 61 25
6 2 58 28
3 2 58 33
7 2 58 34
8 2 59 35
4 2 58 42
3 2 58 46
3 2 59 46
3 2 65 45
8 2 64 45
8 2 58 57
7 2 66 56
2 2 63 56
6 2 62 56
8 2 62 57
4 2 58 76
6 2 58 76
6 2 58 92
2 2 59 91
3 2 58 91
4 2 61 92
4 2 58 95
4 2 62 96
3 2 61 94
1 2 57 11
6 2 71 13
1 2 68 12
3 2 77 21
6 2 76 22
5 2 78 21
4 2 60 12
5 2 57 13
8 2 57 18
2 2 59 19
6 2 57 26
1 2 60 27
1 2 57 26
7 2 58 25
3 2 57 26
2 2 63 25
4 2 57 33
4 2 58 33
1 2 57 51
2 2 63 52
7 2 57 63
8 2 68 64
3 2 61 62
5 2 65 61
2 2 64 62
4 2 57 78
1 2 60 79
3 2 57 88
6 2 64 89
2 2 64 88
6 2 60 88
7 2 62 87
8 2 63 86
4 2 64 86
4 2 63 87
5 2 62 87
3 2 59 87
7 2 57 90
6 2 56 11
4 2 61 11
5 2 61 10
4 2 56 15
4 2 56 20
6 2 56 19
7 2 61 13
1 2 56 18
8 2 59 17
5 2 58 17
5 2 56 27
6 2 59 27
2 2 56 26
8 2 56 30
2 2 56 31
5 2 59 31
7 2 59 30
2 2 58 30
8 2 56 33
5 2 56 45
1 2 58 44
8 2 61 20
7 2 61 21
8 2 56 50
8 2 56 56
2 2 56 59
2 2 61 43
3 2 60 43
6 2 61 43
6 2 61 60
6 2 59 59
1 2 56 62
8 2 62 63
4 2 61 63
3 2 57 62
8 2 57 63
6 2 64 42
2 2 62 64
1 2 61 64
3 2 61 65
8 2 56 68
6 2 61 64
3 2 56 67
7 2 60 67
2 2 59 67
3 2 56 70
6 2 68 66
6 2 63 69
8 2 58 68
5 2 57 70
8 2 59 71
3 2 56 72
1 2 56 78
4 2 56 86
4 2 57 85
6 2 61 70
1 2 55 7
4 2 55 6
4 2 59 5
4 2 56 6
8 2 55 27
2 2 55 28
5 2 55 29
3 2 55 29
8 2 56 28
1 2 55 32
5 2 55 37
6 2 67 84
2 2 66 84
7 2 55 42
8 2 56 44
8 2 55 70
8 2 68 71
3 2 62 69
8 2 62 71
4 2 57 69
6 2 55 88
7 2 56 88
6 2 57 87
8 2 56 87
1 2 57 86
4 2 55 100
3 2 62 99
2 2 63 98
8 2 54 6
2 2 54 9
4 2 57 8
3 2 54 18
3 2 57 17
3 2 56 20
7 2 66 22
3 2 64 22
6 2 54 23
6 2 59 22
7 2 62 23
5 2 63 23
3 2 58 22
5 2 68 21
8 2 57 22
7 2 65 21
3 2 56 23
7 2 54 26
8 2 54 29
1 2 54 28
4 2 55 28
2 2 54 35
2 2 57 36
1 2 55 36
4 2 66 37
3 2 63 36
8 2 55 37
7 2 55 36
6 2 54 47
3 2 64 48
5 2 63 49
6 2 54 53
5 2 60 52
6 2 60 51
4 2 59 53
1 2 55 52
5 2 57 53
1 2 62 52
7 2 55 54
6 2 55 55
2 2 58 56
1 2 57 56
6 2 56 57
7 2 54 69
3 2 54 77
2 2 56 76
2 2 54 78
5 2 54 81
4 2 58 81
8 2 60 82
2 2 54 81
1 2 67 82
2 2 55 80
5 2 54 84
4 2 57 83
4 2 54 88
3 2 54 90
3 2 54 93
2 2 55 94
1 2 54 92
7 2 54 94
1 2 60 93
1 2 54 96
8 2 53 10
7 2 65 11
1 2 67 12
3 2 58 11
5 2 57 12
7 2 56 12
4 2 55 9
6 2 53 9
1 2 60 10
8 2 56 10
4 2 57 10
2 2 55 10
3 2 56 9
4 2 58 8
2 2 56 10
4 2 54 11
6 2 54 11
6 2 53 13
4 2 53 16
1 2 54 16
5 2 55 16
1 2 53 24
3 2 62 23
5 2 54 23
3 2 57 24
3 2 53 25
3 2 53 54
6 2 58 54
5 2 55 53
3 2 58 54
7 2 55 54
4 2 57 53
2 2 56 54
8 2 53 56
4 2 55 55
2 2 56 57
7 2 55 57
3 2 53 71
6 2 54 70
6 2 62 71
4 2 53 71
3 2 65 70
7 2 57 71
5 2 53 75
5 2 56 74
1 2 64 73
4 2 63 73
8 2 54 76
4 2 55 75
2 2 53 88
8 2 53 98
1 2 62 97
7 2 62 98
4 2 61 98
4 2 57 98
8 2 61 98
6 2 61 97
1 2 59 99
1 2 57 99
5 2 56 98
6 2 54 97
3 2 59 97
8 2 59 96
2 2 56 99
5 2 52 10
8 2 53 9
1 2 54 10
4 2 53 11
1 2 52 9
8 2 52 16
1 2 56 15
7 2 56 17
3 2 55 15
4 2 52 19
4 2 55 18
4 2 52 22
7 2 54 21
1 2 54 22
3 2 52 66
7 2 62 65
4 2 61 65
1 2 61 64
2 2 60 64
2 2 59 65
6 2 58 65
7 2 58 64
4 2 57 64
5 2 57 64
8 2 53 66
5 2 66 66
8 2 52 76
6 2 57 74
6 2 62 74
5 2 65 73
2 2 52 80
5 2 55 81
3 2 53 79
6 2 52 84
2 2 53 85
2 2 56 85
6 2 54 84
8 2 55 83
1 2 58 84
7 2 54 86
5 2 53 85
8 2 52 87
2 2 57 86
5 2 53 87
7 2 51 2
4 2 59 2
8 2 56 2
4 2 51 7
6 2 54 8
7 2 52 6
8 2 51 10
6 2 51 18
2 2 51 29
7 2 51 57
6 2 51 59
7 2 58 58
2 2 59 59
2 2 51 67
1 2 58 68
8 2 51 68
8 2 58 70
2 2 53 69
5 2 51 77
7 2 51 77
6 2 51 90
1 2 51 95
3 2 59 96
6 2 51 98
2 2 55 97
5 2 55 99
8 2 61 98
6 2 54 99
4 2 52 97
5 2 50 1
5 2 50 8
4 2 50 16
5 2 50 16
5 2 53 15
3 2 50 17
4 2 50 21
2 2 52 21
1 2 54 21
8 2 51 21
4 2 53 20
2 2 52 21
3 2 50 28
6 2 53 27
1 2 50 35
6 2 51 35
7 2 56 34
1 2 55 34
5 2 52 35
8 2 53 36
7 2 50 34
2 2 52 33
7 2 52 36
1 2 57 32
2 2 53 37
1 2 62 38
4 2 50 35
8 2 50 58
3 2 50 60
8 2 50 61
5 2 52 38
1 2 52 61
3 2 51 62
6 2 50 64
8 2 55 62
2 2 54 64
6 2 50 67
5 2 50 69
6 2 50 75
5 2 54 65
3 2 51 75
4 2 50 74
8 2 54 74
8 2 51 73
2 2 52 74
2 2 54 73
1 2 55 72
1 2 50 79
8 2 51 81
1 2 52 81
1 2 54 82
3 2 51 80
3 2 49 9
8 2 49 37
1 2 49 36
4 2 63 71
8 2 49 35
3 2 51 35
1 2 49 49
8 2 60 48
1 2 65 37
2 2 52 48
5 2 49 63
6 2 55 62
6 2 60 63
7 2 59 63
4 2 49 67
4 2 50 68
5 2 49 75
1 2 49 91
1 2 58 90
3 2 57 90
3 2 59 89
6 2 50 91
8 2 61 90
1 2 60 90
5 2 51 93
5 2 54 92
8 2 56 93
6 2 53 92
1 2 53 93
8 2 48 12
7 2 48 12
3 2 54 12
7 2 64 47
3 2 48 14
6 2 48 15
4 2 52 16
1 2 53 16
2 2 54 13
2 2 58 15
3 2 48 29
4 2 48 32
6 2 52 31
7 2 51 32
6 2 53 33
2 2 52 31
4 2 48 43
8 2 52 44
3 2 61 46
2 2 60 46
8 2 51 42
4 2 60 42
8 2 59 41
2 2 68 40
5 2 58 41
2 2 57 41
4 2 56 41
1 2 48 55
5 2 55 54
2 2 54 56
2 2 51 55
7 2 52 55
8 2 48 59
6 2 51 60
4 2 48 62
5 2 51 63
5 2 49 62
7 2 48 67
8 2 48 66
1 2 54 65
5 2 48 68
1 2 49 69
2 2 51 68
7 2 49 70
7 2 55 70
8 2 56 70
2 2 62 72
2 2 55 70
3 2 48 70
5 2 54 71
1 2 53 71
7 2 53 71
2 2 48 88
7 2 47 3
7 2 50 4
7 2 54 3
8 2 59 4
2 2 54 2
8 2 54 4
3 2 53 3
2 2 51 3
4 2 47 24
5 2 53 24
5 2 64 24
8 2 51 24
7 2 61 23
2 2 60 23
8 2 47 49
7 2 55 50
2 2 67 51
3 2 65 51
5 2 64 52
8 2 55 49
4 2 56 50
7 2 48 48
1 2 57 47
5 2 58 46
8 2 54 46
1 2 50 49
3 2 56 48
2 2 55 48
3 2 51 49
3 2 47 60
5 2 50 61
7 2 49 61
4 2 49 60
6 2 47 59
3 2 47 75
3 2 52 74
3 2 59 73
7 2 50 74
7 2 52 74
7 2 48 75
8 2 47 76
4 2 47 80
4 2 47 85
2 2 49 85
8 2 59 84
2 2 56 84
3 2 55 85
5 2 47 99
6 2 56 99
7 2 50 98
8 2 49 98
3 2 46 12
2 2 46 27
3 2 51 27
4 2 49 28
4 2 47 27
2 2 49 26
6 2 46 33
1 2 49 32
2 2 46 32
8 2 53 31
1 2 48 34
6 2 46 68
2 2 47 68
7 2 46 69
6 2 46 76
1 2 46 75
8 2 46 96
8 2 49 95
5 2 49 94
3 2 45 3
5 2 52 4
8 2 54 13
1 2 53 13
5 2 49 3
8 2 51 3
6 2 47 4
8 2 60 4
3 2 54 2
2 2 53 4
2 2 45 6
7 2 45 8
6 2 48 8
7 2 45 14
6 2 45 27
7 2 49 28
6 2 49 29
7 2 45 29
3 2 45 45
3 2 52 46
2 2 59 4
7 2 50 46
3 2 48 46
3 2 45 53
7 2 45 54
8 2 45 57
7 2 45 61
5 2 45 66
6 2 45 69
2 2 45 75
2 2 46 52
5 2 46 74
2 2 47 53
5 2 45 81
7 2 45 81
3 2 47 74
7 2 54 73
4 2 48 73
1 2 46 74
3 2 45 90
8 2 53 89
3 2 45 96
3 2 45 100
3 2 44 9
5 2 44 8
7 2 47 7
8 2 54 6
5 2 44 14
3 2 54 82
4 2 49 14
2 2 44 30
1 2 45 29
6 2 44 29
8 2 44 29
5 2 44 42
2 2 48 14
4 2 57 41
6 2 56 42
3 2 51 13
5 2 48 14
6 2 44 46
8 2 47 15
8 2 44 54
1 2 52 55
6 2 51 55
8 2 50 55
2 2 44 77
4 2 44 86
8 2 44 93
8 2 56 93
6 2 55 94
3 2 52 92
8 2 47 93
3 2 46 93
7 2 45 93
2 2 43 15
4 2 44 15
6 2 52 16
1 2 43 29
8 2 45 28
5 2 46 27
7 2 44 29
8 2 43 37
6 2 45 37
8 2 58 47
6 2 53 38
1 2 56 39
4 2 48 36
5 2 46 36
3 2 53 37
2 2 45 36
7 2 43 41
3 2 55 40
8 2 43 40
6 2 43 42
8 2 48 43
4 2 47 43
8 2 45 43
5 2 49 42
6 2 43 50
6 2 47 49
8 2 49 50
5 2 53 41
3 2 52 41
7 2 49 51
5 2 44 49
3 2 52 51
5 2 54 48
8 2 43 49
2 2 46 50
2 2 43 71
1 2 51 70
1 2 48 70
3 2 48 70
2 2 47 72
3 2 51 73
6 2 50 73
8 2 43 76
8 2 43 79
7 2 49 79
8 2 49 79
8 2 46 78
7 2 43 78
3 2 44 79
6 2 46 78
1 2 46 77
4 2 43 79
4 2 42 18
3 2 46 19
4 2 45 17
5 2 45 18
6 2 46 19
1 2 42 26
6 2 52 25
6 2 57 52
8 2 52 24
8 2 57 24
6 2 45 26
3 2 42 28
4 2 42 32
3 2 42 38
6 2 52 23
1 2 44 38
6 2 45 37
4 2 51 38
7 2 45 39
5 2 42 45
1 2 45 44
1 2 45 46
8 2 48 46
3 2 42 75
3 2 42 80
6 2 42 91
4 2 47 90
4 2 50 91
8 2 45 92
3 2 43 93
2 2 49 92
2 2 44 92
4 2 48 93
8 2 52 94
2 2 56 40
8 2 47 91
6 2 45 91
2 2 50 90
6 2 43 94
8 2 55 95
1 2 42 95
8 2 42 96
2 2 42 100
5 2 41 9
7 2 41 10
2 2 48 10
5 2 41 28
5 2 41 43
6 2 42 43
8 2 43 43
5 2 48 96
7 2 50 96
2 2 41 43
6 2 41 49
6 2 45 48
7 2 44 49
2 2 43 49
4 2 45 51
4 2 43 50
3 2 43 50
3 2 41 61
7 2 41 64
5 2 53 44
2 2 48 64
6 2 41 66
5 2 41 84
6 2 45 85
6 2 47 65
3 2 47 66
3 2 41 87
1 2 41 91
7 2 43 91
5 2 41 97
5 2 42 86
8 2 44 85
7 2 41 86
5 2 41 99
6 2 46 98
2 2 40 8
6 2 43 99
8 2 45 98
8 2 43 99
2 2 40 16
5 2 46 7
2 2 45 8
4 2 40 20
1 2 46 16
7 2 45 17
7 2 45 21
1 2 42 21
3 2 47 22
7 2 46 22
4 2 44 20
8 2 46 19
1 2 45 20
2 2 41 22
6 2 46 23
3 2 42 22
3 2 45 21
8 2 40 28
5 2 40 32
8 2 40 37
6 2 40 40
5 2 42 40
8 2 46 39
2 2 41 40
2 2 46 40
4 2 42 41
5 2 40 44
7 2 44 45
1 2 43 45
6 2 40 61
5 2 48 19
6 2 46 62
2 2 48 63
7 2 49 63
6 2 40 80
1 2 40 80
1 2 40 94
3 2 41 95
6 2 40 96
7 2 42 97
6 2 40 100
1 2 40 99
4 2 39 4
5 2 50 4
6 2 50 3
4 2 48 3
3 2 43 5
4 2 39 9
3 2 49 10
2 2 41 8
6 2 42 7
3 2 39 8
4 2 40 7
4 2 44 6
3 2 43 7
6 2 39 33
8 2 46 34
6 2 45 31
5 2 41 34
1 2 40 32
8 2 46 32
5 2 45 31
1 2 39 43
8 2 41 42
7 2 40 43
2 2 39 54
2 2 48 54
1 2 39 56
4 2 40 55
6 2 42 54
1 2 42 53
8 2 51 52
5 2 41 54
6 2 39 55
5 2 39 58
1 2 53 57
5 2 52 58
6 2 52 57
2 2 40 57
3 2 46 57
8 2 54 58
2 2 39 64
4 2 50 64
5 2 41 63
4 2 40 63
2 2 40 62
1 2 44 63
1 2 46 64
3 2 48 63
7 2 39 77
6 2 40 64
5 2 40 78
5 2 41 64
4 2 39 78
7 2 41 78
6 2 40 78
1 2 40 78
2 2 39 82
4 2 49 82
3 2 39 88
7 2 38 5
1 2 39 4
5 2 40 78
5 2 38 8
6 2 38 21
6 2 43 21
6 2 38 26
6 2 38 39
8 2 42 3
7 2 38 41
7 2 40 40
4 2 38 43
6 2 38 44
1 2 41 44
3 2 40 44
8 2 38 45
7 2 43 38
3 2 38 46
5 2 38 50
7 2 39 47
7 2 38 53
2 2 41 50
7 2 41 53
7 2 43 52
8 2 40 53
4 2 39 53
1 2 39 53
3 2 38 54
7 2 38 54
6 2 38 53
1 2 38 72
4 2 41 71
6 2 38 75
4 2 42 74
7 2 40 71
1 2 44 71
3 2 40 74
3 2 38 75
7 2 41 74
8 2 40 75
6 2 38 93
7 2 37 8
3 2 37 8
7 2 37 19
5 2 42 73
2 2 42 73
4 2 42 72
2 2 43 19
6 2 40 18
4 2 43 71
7 2 43 70
5 2 37 24
2 2 43 23
6 2 37 48
7 2 37 58
3 2 44 19
8 2 37 68
2 2 37 75
3 2 37 80
2 2 38 79
6 2 39 79
5 2 37 81
1 2 46 57
6 2 45 57
6 2 38 82
1 2 43 83
7 2 48 83
7 2 37 80
3 2 37 85
1 2 38 84
5 2 37 87
1 2 39 87
3 2 37 88
7 2 42 83
7 2 42 87
4 2 42 89
8 2 45 82
2 2 46 83
2 2 41 88
6 2 37 87
2 2 37 90
1 2 37 91
7 2 46 89
7 2 36 3
8 2 37 2
6 2 39 1
5 2 36 5
5 2 38 5
3 2 37 95
3 2 36 5
1 2 40 6
4 2 36 4
8 2 36 8
6 2 36 9
2 2 36 12
7 2 42 12
2 2 46 13
6 2 44 12
3 2 39 12
3 2 38 4
8 2 36 13
2 2 36 19
1 2 36 19
3 2 37 20
2 2 36 31
1 2 39 11
7 2 45 32
1 2 44 33
6 2 39 11
3 2 36 33
2 2 36 34
8 2 36 60
8 2 37 33
3 2 41 60
1 2 39 34
5 2 43 36
8 2 36 62
2 2 36 65
3 2 42 32
4 2 42 31
4 2 36 88
6 2 35 16
6 2 42 64
5 2 37 17
8 2 42 16
8 2 35 21
6 2 35 31
1 2 35 34
6 2 35 42
5 2 35 42
8 2 35 47
6 2 35 62
2 2 35 74
8 2 36 43
1 2 34 1
8 2 34 19
3 2 34 22
1 2 34 32
6 2 38 75
2 2 38 76
1 2 37 76
4 2 35 31
1 2 34 42
2 2 35 41
2 2 38 31
6 2 34 44
8 2 39 40
1 2 38 40
2 2 39 40
5 2 38 40
8 2 38 40
2 2 40 44
7 2 41 39
5 2 49 38
1 2 44 38
5 2 42 45
6 2 37 40
2 2 34 46
7 2 34 46
3 2 50 38
5 2 41 47
4 2 36 45
3 2 34 49
3 2 40 48
3 2 34 59
6 2 41 58
1 2 35 60
1 2 38 59
8 2 40 50
8 2 37 60
5 2 34 61
8 2 34 64
3 2 39 66
1 2 35 64
4 2 41 64
1 2 40 64
2 2 39 64
3 2 39 63
3 2 34 64
6 2 34 67
7 2 34 72
3 2 36 71
4 2 34 71
8 2 42 70
8 2 43 70
5 2 42 70
8 2 35 72
2 2 38 73
1 2 37 73
8 2 34 85
1 2 35 86
4 2 34 93
4 2 34 96
7 2 44 57
4 2 43 57
2 2 43 58
8 2 33 6
1 2 34 6
1 2 33 12
8 2 41 11
2 2 39 10
6 2 33 26
7 2 46 25
5 2 52 25
2 2 33 28
5 2 38 29
1 2 39 28
4 2 33 30
1 2 37 28
5 2 38 27
8 2 36 31
8 2 33 47
4 2 46 95
4 2 40 46
2 2 33 49
8 2 33 51
1 2 45 51
5 2 41 51
7 2 39 47
1 2 38 48
5 2 34 51
7 2 37 50
7 2 33 53
1 2 37 54
5 2 34 55
6 2 33 64
1 2 36 65
5 2 38 49
7 2 34 63
6 2 33 84
6 2 33 91
8 2 42 66
4 2 37 90
5 2 45 89
7 2 45 91
1 2 42 89
8 2 43 91
6 2 32 8
1 2 32 33
2 2 32 57
8 2 32 62
8 2 32 70
3 2 33 68
6 2 32 80
2 2 32 83
1 2 37 79
8 2 36 79
7 2 36 83
6 2 33 82
1 2 39 82
4 2 33 83
2 2 37 82
5 2 32 82
3 2 32 89
2 2 33 82
7 2 32 92
4 2 39 93
7 2 34 89
1 2 36 89
8 2 34 88
1 2 32 94
7 2 37 94
4 2 41 88
5 2 34 93
3 2 33 93
2 2 31 5
2 2 36 4
3 2 31 10
5 2 34 9
1 2 31 14
1 2 42 95
7 2 41 95
8 2 40 95
6 2 31 22
4 2 37 22
2 2 43 23
2 2 45 23
4 2 54 24
4 2 42 23
8 2 34 22
3 2 33 22
8 2 36 23
4 2 36 23
2 2 45 24
4 2 40 24
2 2 40 23
4 2 39 23
6 2 31 38
2 2 40 37
1 2 34 39
3 2 34 39
4 2 34 39
7 2 32 37
3 2 32 38
1 2 34 37
5 2 37 37
4 2 37 36
8 2 43 37
7 2 42 37
8 2 31 39
5 2 31 46
3 2 31 46
2 2 47 47
5 2 31 69
4 2 38 70
2 2 33 67
4 2 37 68
2 2 39 68
5 2 39 67
3 2 38 69
8 2 37 69
1 2 36 69
5 2 35 66
7 2 35 68
2 2 34 66
2 2 33 70
3 2 32 67
4 2 37 67
5 2 33 67
3 2 34 68
3 2 32 69
1 2 40 70
6 2 32 70
2 2 35 72
2 2 31 69
2 2 34 70
2 2 31 98
7 2 39 97
4 2 31 100
1 2 42 99
4 2 41 100
2 2 42 99
4 2 35 99
3 2 37 98
1 2 30 1
6 2 43 2
1 2 30 10
7 2 30 13
1 2 30 27
5 2 40 26
4 2 32 26
3 2 38 25
7 2 30 41
6 2 31 42
3 2 30 43
1 2 32 44
1 2 30 42
3 2 31 43
4 2 30 45
8 2 30 62
5 2 33 63
4 2 31 61
1 2 32 60
4 2 32 62
5 2 31 60
1 2 36 59
6 2 32 59
7 2 32 58
3 2 33 59
2 2 32 60
1 2 30 67
2 2 32 67
8 2 30 97
6 2 37 98
2 2 32 96
4 2 37 95
5 2 30 100
5 2 32 100
8 2 37 99
6 2 36 100
8 2 29 14
4 2 38 16
8 2 29 33
3 2 29 34
5 2 34 36
6 2 29 40
6 2 33 40
7 2 32 39
2 2 31 39
6 2 29 64
5 2 30 65
2 2 29 71
5 2 33 72
2 2 31 72
8 2 31 71
5 2 30 70
4 2 29 78
3 2 34 78
6 2 30 79
7 2 34 78
3 2 38 77
5 2 29 93
2 2 33 94
6 2 29 95
1 2 31 97
6 2 38 98
4 2 29 97
3 2 33 98
5 2 32 96
8 2 31 96
8 2 28 3
1 2 41 2
2 2 41 17
2 2 42 2
7 2 40 2
6 2 32 4
3 2 30 2
4 2 35 1
4 2 33 1
2 2 33 2
8 2 30 1
6 2 30 3
7 2 40 4
6 2 29 1
7 2 30 1
4 2 28 8
8 2 28 22
6 2 28 34
6 2 38 33
7 2 31 34
2 2 31 35
8 2 31 36
3 2 30 34
5 2 30 35
4 2 30 37
2 2 28 36
5 2 28 45
6 2 34 45
7 2 33 45
4 2 32 46
2 2 31 44
3 2 28 49
3 2 36 48
6 2 33 51
1 2 35 50
1 2 28 56
6 2 31 57
6 2 29 56
4 2 34 55
5 2 35 55
6 2 35 54
2 2 35 53
2 2 37 53
5 2 33 56
3 2 33 56
6 2 28 57
2 2 37 56
1 2 35 56
5 2 34 56
1 2 32 55
2 2 28 74
8 2 28 74
5 2 36 75
1 2 30 73
1 2 28 76
1 2 28 80
5 2 36 80
2 2 30 79
5 2 28 80
6 2 28 84
6 2 37 86
1 2 30 84
8 2 35 84
2 2 33 84
2 2 28 85
3 2 34 84
4 2 40 85
7 2 41 86
5 2 36 83
3 2 35 85
7 2 34 86
4 2 28 95
1 2 30 95
3 2 38 94
5 2 28 98
4 2 28 100
4 2 27 10
7 2 32 11
1 2 27 10
3 2 33 9
7 2 27 38
1 2 31 39
8 2 30 39
8 2 28 39
7 2 27 43
4 2 29 42
5 2 28 42
8 2 28 44
8 2 29 45
8 2 27 42
7 2 27 59
1 2 27 61
3 2 29 61
6 2 27 79
3 2 27 79
8 2 27 89
6 2 36 88
2 2 33 88
5 2 33 87
8 2 27 94
4 2 33 93
4 2 31 93
4 2 38 92
1 2 32 94
8 2 45 16
7 2 41 95
2 2 40 96
6 2 32 93
5 2 29 95
8 2 27 98
2 2 26 5
3 2 44 5
7 2 44 5
8 2 31 4
4 2 42 5
4 2 26 17
1 2 37 16
1 2 40 15
6 2 40 15
3 2 38 15
2 2 37 18
3 2 38 18
8 2 37 19
3 2 26 17
2 2 34 17
1 2 26 40
6 2 26 48
7 2 33 48
3 2 42 48
4 2 31 47
5 2 26 63
3 2 30 63
5 2 29 63
1 2 29 62
6 2 28 63
8 2 26 72
3 2 29 73
3 2 34 72
6 2 34 73
4 2 33 72
7 2 29 72
1 2 37 73
3 2 27 73
1 2 26 81
6 2 33 82
8 2 31 82
7 2 30 82
7 2 37 81
4 2 29 82
4 2 26 84
2 2 27 83
3 2 26 94
5 2 30 93
8 2 25 8
8 2 26 7
4 2 25 11
5 2 36 95
1 2 27 12
3 2 25 13
2 2 25 12
4 2 29 13
5 2 25 14
6 2 26 14
1 2 27 14
8 2 34 14
5 2 28 13
3 2 25 14
1 2 25 16
2 2 25 22
7 2 31 21
7 2 30 23
2 2 36 24
8 2 25 26
6 2 25 30
6 2 36 29
1 2 36 31
2 2 31 29
5 2 26 31
1 2 28 32
5 2 25 36
6 2 38 35
5 2 25 43
2 2 25 64
1 2 25 87
7 2 25 96
3 2 25 98
7 2 25 99
6 2 25 100
3 2 24 11
5 2 32 11
1 2 33 10
4 2 32 10
7 2 31 11
1 2 31 10
5 2 24 20
3 2 27 19
7 2 24 60
2 2 27 59
1 2 28 58
4 2 25 59
5 2 38 58
5 2 27 58
3 2 27 58
6 2 26 59
4 2 24 66
6 2 24 69
7 2 24 70
6 2 29 70
4 2 28 70
6 2 27 70
2 2 27 69
7 2 24 73
3 2 28 72
2 2 26 74
6 2 24 78
1 2 30 78
2 2 32 77
3 2 34 76
7 2 25 77
7 2 30 76
6 2 31 77
2 2 24 84
8 2 25 83
3 2 24 86
2 2 24 87
4 2 30 88
8 2 32 89
8 2 24 89
4 2 32 90
1 2 23 15
7 2 32 17
8 2 31 17
4 2 23 22
8 2 28 22
4 2 26 23
3 2 24 21
7 2 23 24
1 2 24 24
1 2 28 24
4 2 32 25
6 2 41 24
1 2 31 23
7 2 30 24
6 2 29 24
6 2 27 25
4 2 37 26
5 2 31 26
6 2 24 23
1 2 28 24
5 2 27 25
6 2 23 30
3 2 34 29
5 2 30 29
8 2 29 29
2 2 28 29
1 2 30 30
6 2 26 29
8 2 29 30
1 2 28 28
1 2 25 29
7 2 27 28
3 2 34 27
6 2 26 29
2 2 26 28
2 2 24 32
1 2 23 39
8 2 23 42
2 2 31 41
3 2 30 41
8 2 29 41
4 2 24 42
1 2 23 44
2 2 23 47
8 2 30 47
3 2 32 48
6 2 23 47
1 2 26 49
4 2 32 50
2 2 45 51
5 2 23 52
8 2 33 52
7 2 23 56
8 2 32 55
7 2 33 57
3 2 32 57
8 2 29 55
3 2 25 55
5 2 25 55
4 2 29 56
7 2 28 56
8 2 24 57
8 2 26 58
7 2 24 57
4 2 23 57
5 2 23 71
7 2 27 71
5 2 24 71
1 2 22 4
1 2 29 4
2 2 29 5
7 2 22 21
2 2 34 20
8 2 22 30
4 2 25 29
5 2 22 35
8 2 29 33
8 2 31 34
4 2 28 34
8 2 26 35
7 2 26 35
6 2 22 40
7 2 22 42
1 2 22 41
6 2 23 40
7 2 22 47
7 2 25 48
8 2 23 49
5 2 29 50
6 2 33 51
6 2 28 50
4 2 26 50
4 2 22 54
3 2 26 56
5 2 26 55
2 2 25 53
1 2 22 74
1 2 25 75
5 2 30 75
6 2 23 75
8 2 22 88
4 2 22 94
3 2 34 95
8 2 36 96
2 2 21 1
8 2 26 2
8 2 24 1
7 2 21 6
4 2 26 5
7 2 49 6
3 2 28 6
1 2 25 6
3 2 22 7
4 2 21 8
5 2 25 9
8 2 21 11
6 2 24 10
7 2 23 12
5 2 21 12
7 2 21 31
3 2 22 30
2 2 21 34
6 2 23 13
5 2 21 37
8 2 31 37
3 2 30 37
6 2 26 33
1 2 26 37
4 2 25 36
5 2 24 37
6 2 21 51
8 2 21 53
5 2 30 54
3 2 21 65
3 2 26 66
4 2 30 65
7 2 29 65
6 2 29 66
8 2 22 65
5 2 21 67
3 2 31 38
8 2 29 68
1 2 21 78
4 2 25 66
2 2 25 79
1 2 22 77
7 2 22 76
5 2 21 76
8 2 26 75
7 2 20 1
5 2 21 2
5 2 27 1
3 2 20 8
8 2 20 19
8 2 29 18
5 2 30 17
1 2 26 20
1 2 20 33
5 2 26 33
4 2 25 34
7 2 21 35
2 2 30 34
4 2 29 34
7 2 30 34
1 2 31 35
3 2 24 36
6 2 23 36
5 2 24 36
1 2 25 35
8 2 22 36
2 2 22 37
7 2 20 41
2 2 20 54
5 2 29 53
7 2 23 54
1 2 20 54
1 2 20 75
3 2 20 78
3 2 25 78
8 2 20 86
5 2 20 98
2 2 30 97
3 2 19 4
1 2 19 14
7 2 28 14
3 2 25 14
4 2 27 14
1 2 26 14
4 2 20 14
3 2 19 19
8 2 26 18
7 2 26 17
6 2 23 17
1 2 22 17
6 2 20 19
3 2 25 18
2 2 23 19
4 2 25 18
2 2 25 21
5 2 24 18
3 2 25 18
4 2 23 19
6 2 22 19
7 2 21 19
8 2 19 24
7 2 19 38
3 2 19 43
6 2 21 43
6 2 27 44
2 2 24 44
1 2 26 44
4 2 25 44
3 2 25 44
5 2 25 45
8 2 23 44
3 2 30 45
6 2 19 53
7 2 19 64
2 2 26 64
5 2 19 65
5 2 19 86
1 2 18 4
5 2 18 7
1 2 18 23
2 2 18 24
8 2 25 23
5 2 26 23
1 2 25 24
7 2 32 25
3 2 31 25
1 2 31 26
2 2 21 23
6 2 20 25
3 2 24 27
5 2 25 28
7 2 22 26
5 2 18 27
6 2 22 27
1 2 23 28
1 2 18 32
8 2 21 33
6 2 18 56
6 2 18 60
6 2 22 60
7 2 25 60
6 2 24 61
2 2 18 59
2 2 19 60
8 2 18 66
6 2 21 67
4 2 18 70
5 2 18 74
1 2 18 75
5 2 24 76
3 2 21 69
1 2 21 74
1 2 20 70
8 2 20 70
5 2 22 69
8 2 25 69
2 2 25 76
8 2 18 74
2 2 21 75
6 2 18 79
8 2 18 79
6 2 19 80
7 2 18 79
2 2 18 90
8 2 26 68
5 2 28 90
5 2 24 90
4 2 36 67
6 2 35 90
2 2 40 90
8 2 27 89
5 2 34 90
1 2 37 90
6 2 27 88
7 2 26 90
4 2 23 90
1 2 29 90
8 2 30 91
4 2 36 91
7 2 35 92
5 2 21 90
5 2 23 91
2 2 26 89
4 2 17 11
5 2 17 12
3 2 19 12
7 2 18 13
8 2 22 12
8 2 17 16
3 2 17 32
5 2 17 36
3 2 19 37
7 2 22 38
3 2 17 60
7 2 17 97
7 2 26 92
2 2 27 96
6 2 21 98
1 2 22 99
7 2 20 96
1 2 20 95
3 2 25 97
2 2 17 99
7 2 16 1
3 2 27 1
3 2 16 2
4 2 16 5
5 2 25 4
4 2 18 5
7 2 16 6
4 2 16 14
2 2 16 23
6 2 16 26
6 2 18 27
8 2 16 31
2 2 16 35
7 2 16 37
1 2 17 36
8 2 24 37
7 2 23 37
3 2 16 40
2 2 18 41
3 2 22 40
8 2 16 45
1 2 20 46
1 2 22 47
6 2 28 46
5 2 28 47
1 2 25 46
7 2 24 46
1 2 19 44
1 2 16 44
4 2 19 43
1 2 17 45
1 2 24 47
5 2 26 49
3 2 16 54
6 2 16 59
8 2 16 60
3 2 16 67
8 2 20 67
1 2 18 66
6 2 18 66
5 2 16 77
7 2 17 76
8 2 19 77
6 2 16 90
6 2 15 9
1 2 15 19
5 2 15 29
4 2 16 93
6 2 15 35
5 2 15 40
6 2 15 44
4 2 15 43
7 2 17 42
6 2 16 42
3 2 15 44
7 2 17 45
8 2 19 29
6 2 20 28
4 2 25 27
6 2 24 27
4 2 19 28
8 2 18 28
1 2 15 51
2 2 35 51
5 2 34 51
2 2 23 46
6 2 16 50
6 2 18 49
4 2 15 50
7 2 15 54
8 2 15 53
5 2 15 70
5 2 15 97
3 2 18 70
6 2 15 96
3 2 15 97
7 2 14 5
1 2 17 94
7 2 22 93
6 2 26 4
3 2 24 92
2 2 16 94
3 2 18 94
2 2 23 92
6 2 16 93
2 2 22 95
5 2 17 92
4 2 22 92
2 2 23 92
1 2 14 13
1 2 14 17
8 2 21 16
6 2 20 16
3 2 20 17
8 2 16 18
4 2 19 17
1 2 15 16
6 2 15 18
2 2 14 18
2 2 16 17
8 2 14 21
4 2 24 22
4 2 18 21
1 2 14 24
1 2 14 28
7 2 18 28
2 2 18 28
5 2 18 27
2 2 14 43
8 2 14 44
2 2 14 51
7 2 26 51
3 2 26 92
5 2 25 51
3 2 21 50
1 2 14 70
3 2 16 72
8 2 14 72
1 2 14 75
6 2 19 74
1 2 18 73
4 2 18 76
7 2 13 1
3 2 18 76
7 2 18 75
4 2 19 74
5 2 13 2
6 2 13 13
7 2 16 13
2 2 13 13
2 2 24 15
7 2 22 14
4 2 13 17
7 2 14 17
5 2 13 44
2 2 13 48
6 2 13 67
2 2 13 71
2 2 15 70
1 2 14 71
7 2 16 67
6 2 13 75
6 2 14 76
4 2 19 77
7 2 15 77
3 2 13 85
2 2 19 84
2 2 25 72
4 2 15 84
1 2 20 85
1 2 29 86
5 2 20 84
6 2 26 84
6 2 27 82
5 2 25 85
8 2 19 83
6 2 19 85
5 2 18 83
1 2 24 83
4 2 18 84
4 2 22 83
7 2 14 84
3 2 22 84
8 2 12 2
6 2 12 2
6 2 12 25
7 2 14 25
5 2 12 34
1 2 12 36
2 2 13 100
4 2 14 100
6 2 15 37
7 2 17 99
8 2 12 39
7 2 12 60
6 2 12 64
8 2 25 63
1 2 25 62
4 2 23 63
6 2 23 62
7 2 23 63
8 2 22 63
2 2 21 63
1 2 21 63
5 2 12 70
8 2 12 79
5 2 12 85
1 2 13 84
7 2 21 83
8 2 12 85
7 2 12 86
7 2 25 65
7 2 12 91
3 2 13 91
6 2 20 92
1 2 13 90
7 2 16 89
3 2 22 88
7 2 26 87
1 2 17 89
6 2 17 90
6 2 12 91
5 2 26 91
3 2 16 90
3 2 14 90
3 2 19 89
6 2 22 88
1 2 14 89
1 2 21 88
7 2 14 91
2 2 11 3
1 2 13 4
1 2 11 3
2 2 11 8
8 2 14 7
7 2 17 9
3 2 18 8
8 2 11 11
1 2 12 10
2 2 11 12
3 2 11 39
1 2 13 39
3 2 13 39
7 2 14 40
1 2 11 40
4 2 11 39
2 2 11 52
8 2 31 85
8 2 11 57
6 2 22 58
5 2 15 57
1 2 21 57
6 2 18 57
3 2 18 58
8 2 18 57
5 2 13 56
5 2 16 56
7 2 17 55
1 2 11 73
6 2 20 72
6 2 13 72
1 2 15 70
5 2 19 69
1 2 15 74
1 2 14 72
8 2 13 72
7 2 12 73
4 2 12 72
7 2 11 78
5 2 11 90
4 2 11 89
1 2 11 99
4 2 15 98
7 2 25 97
4 2 10 10
2 2 10 10
6 2 10 16
6 2 15 15
7 2 13 16
1 2 15 15
5 2 14 16
6 2 10 18
1 2 11 17
7 2 10 23
8 2 12 22
6 2 23 21
7 2 32 51
1 2 22 21
3 2 12 23
2 2 10 41
5 2 11 22
3 2 10 52
5 2 13 41
4 2 10 51
7 2 10 66
5 2 10 69
6 2 17 68
2 2 10 72
4 2 10 78
1 2 15 80
1 2 13 66
7 2 14 65
4 2 10 83
3 2 10 86
1 2 16 87
8 2 10 95
4 2 14 77
6 2 10 100
4 2 9 3
4 2 15 2
7 2 15 2
6 2 10 3
5 2 11 2
8 2 9 7
3 2 15 6
8 2 14 7
5 2 14 6
3 2 15 94
2 2 16 95
2 2 14 5
6 2 13 6
7 2 15 7
6 2 14 7
2 2 12 8
7 2 17 6
8 2 11 6
7 2 9 10
1 2 9 11
6 2 9 22
3 2 9 23
2 2 9 69
8 2 17 67
2 2 11 5
7 2 11 70
7 2 9 75
6 2 9 78
1 2 9 79
3 2 15 80
4 2 8 1
2 2 16 70
3 2 13 1
1 2 11 2
5 2 8 23
6 2 8 29
4 2 14 30
7 2 14 31
4 2 12 28
1 2 10 29
2 2 13 30
5 2 10 30
3 2 9 28
8 2 11 27
3 2 15 25
5 2 10 27
2 2 14 26
3 2 8 31
2 2 19 30
1 2 18 31
5 2 8 34
5 2 15 34
1 2 11 33
1 2 8 39
5 2 10 39
1 2 22 38
2 2 8 45
5 2 13 45
5 2 8 47
5 2 15 48
4 2 19 48
4 2 14 48
4 2 24 3
8 2 15 47
5 2 15 48
2 2 10 46
6 2 8 48
5 2 8 58
6 2 11 57
6 2 12 48
1 2 14 50
4 2 13 50
3 2 13 57
6 2 13 56
1 2 12 49
4 2 12 56
4 2 11 57
4 2 8 60
2 2 17 60
3 2 18 61
1 2 20 48
4 2 17 59
8 2 16 60
1 2 19 59
3 2 18 60
8 2 11 60
4 2 12 59
5 2 15 58
5 2 12 60
1 2 11 59
4 2 8 68
3 2 16 67
3 2 8 69
1 2 13 68
4 2 8 69
3 2 8 77
7 2 8 88
8 2 11 87
4 2 19 87
1 2 11 88
8 2 10 88
3 2 8 96
1 2 8 100
2 2 11 99
4 2 7 12
2 2 14 11
7 2 14 10
6 2 7 12
3 2 7 14
3 2 10 15
4 2 7 45
5 2 7 65
8 2 7 64
1 2 15 63
2 2 8 63
5 2 7 69
8 2 11 68
6 2 10 70
6 2 7 75
8 2 7 74
6 2 8 75
3 2 11 76
1 2 10 77
2 2 10 76
8 2 9 76
5 2 7 78
6 2 13 63
7 2 9 77
2 2 7 77
6 2 7 82
5 2 8 81
3 2 13 81
7 2 9 80
5 2 10 80
1 2 8 80
2 2 7 83
8 2 7 82
8 2 8 79
6 2 11 80
3 2 15 81
7 2 10 80
3 2 14 80
8 2 7 90
7 2 7 95
8 2 15 95
5 2 15 94
1 2 14 81
8 2 17 81
6 2 11 95
4 2 20 95
1 2 6 4
1 2 7 3
2 2 8 2
7 2 8 2
4 2 7 97
4 2 9 2
1 2 16 1
2 2 10 96
3 2 21 3
1 2 9 97
7 2 9 96
5 2 8 96
8 2 8 98
1 2 9 96
3 2 8 98
2 2 9 98
5 2 7 99
4 2 6 6
7 2 6 10
1 2 6 27
7 2 7 28
8 2 6 29
4 2 6 34
4 2 6 39
8 2 10 38
6 2 6 42
3 2 12 43
7 2 10 43
3 2 9 42
7 2 8 42
5 2 6 43
7 2 6 65
8 2 14 9
2 2 9 64
6 2 6 74
1 2 6 83
3 2 6 83
8 2 6 83
7 2 6 100
8 2 10 82
2 2 10 99
3 2 5 10
3 2 15 81
3 2 10 9
6 2 5 11
7 2 8 12
6 2 11 11
1 2 7 13
6 2 7 13
5 2 7 14
8 2 5 30
8 2 8 30
7 2 7 29
1 2 8 30
2 2 13 7
3 2 7 30
5 2 7 29
6 2 6 29
6 2 5 30
6 2 6 31
8 2 8 32
4 2 8 33
8 2 5 37
6 2 9 36
1 2 8 36
7 2 6 31
2 2 5 48
4 2 8 48
6 2 9 36
2 2 5 52
1 2 9 53
4 2 16 47
5 2 6 51
4 2 5 51
1 2 5 54
3 2 12 55
7 2 5 56
1 2 5 66
6 2 8 51
5 2 12 67
2 2 12 67
4 2 6 66
1 2 7 67
2 2 5 66
4 2 9 68
4 2 5 73
4 2 8 72
1 2 8 71
5 2 8 71
4 2 9 70
3 2 8 71
3 2 5 73
5 2 5 72
7 2 5 75
6 2 5 77
7 2 5 83
6 2 5 90
5 2 5 95
3 2 6 94
6 2 11 93
2 2 13 52
7 2 8 95
6 2 6 95
4 2 5 94
4 2 4 6
2 2 4 11
5 2 4 12
6 2 4 16
2 2 7 15
5 2 4 21
1 2 9 20
4 2 11 7
5 2 10 8
7 2 10 18
2 2 9 19
7 2 9 20
2 2 4 23
3 2 10 18
4 2 4 24
8 2 10 22
1 2 7 24
6 2 6 22
5 2 8 21
3 2 7 21
4 2 17 20
8 2 9 20
7 2 4 29
4 2 4 33
7 2 4 35
2 2 4 36
6 2 4 36
7 2 8 36
8 2 5 35
1 2 6 34
1 2 5 36
4 2 7 38
5 2 4 35
7 2 4 37
6 2 4 37
4 2 4 36
2 2 4 40
8 2 4 52
1 2 4 59
8 2 7 58
6 2 12 59
7 2 11 59
5 2 7 59
1 2 6 60
8 2 4 80
2 2 13 81
7 2 4 89
6 2 9 88
4 2 10 87
5 2 14 25
2 2 14 86
5 2 4 90
4 2 5 91
7 2 4 98
8 2 9 98
6 2 5 97
7 2 3 11
8 2 4 11
8 2 3 31
6 2 3 34
8 2 3 37
3 2 3 37
8 2 3 44
7 2 5 43
1 2 10 44
6 2 10 45
6 2 3 50
5 2 13 49
7 2 11 49
8 2 15 86
7 2 9 50
3 2 3 52
3 2 3 58
8 2 3 58
1 2 4 58
6 2 5 59
6 2 3 58
2 2 3 59
1 2 3 66
8 2 3 72
2 2 3 83
5 2 3 94
1 2 3 97
6 2 4 97
3 2 2 11
6 2 2 17
5 2 3 19
5 2 2 26
1 2 10 25
7 2 9 93
5 2 8 93
3 2 12 27
7 2 12 93
8 2 5 25
1 2 9 25
1 2 7 27
7 2 5 27
3 2 2 25
6 2 4 24
5 2 3 24
1 2 2 24
7 2 10 23
6 2 8 23
5 2 2 34
7 2 2 36
3 2 2 62
7 2 15 26
8 2 10 62
6 2 8 62
7 2 8 61
6 2 7 61
5 2 6 61
8 2 2 65
3 2 2 69
7 2 8 68
4 2 2 78
1 2 2 78
7 2 2 83
8 2 9 84
3 2 2 88
1 2 11 87
6 2 10 88
4 2 11 88
3 2 9 88
5 2 8 88
3 2 5 87
2 2 14 64
1 2 2 94
4 2 1 25
7 2 2 25
8 2 2 26
4 2 11 25
2 2 7 27
3 2 1 33
2 2 3 34
6 2 13 35
2 2 12 36
7 2 6 33
3 2 2 34
2 2 1 41
2 2 2 40
7 2 3 39
5 2 3 41
6 2 1 44
7 2 1 48
6 2 6 47
3 2 1 47
8 2 6 46
4 2 4 48
1 2 14 86
6 2 13 87
2 2 9 50
6 2 1 54
4 2 2 53
5 2 7 54
7 2 6 54
8 2 8 51
4 2 5 54
1 2 11 54
1 2 5 54
8 2 4 55
2 2 1 54
4 2 8 54
2 2 8 55
7 2 8 56
8 2 1 57
1 2 4 57
2 2 3 57
4 2 2 57
2 2 1 57
5 2 1 65
6 2 6 64
7 2 1 64
2 2 1 77
1 2 1 83
4 2 1 91
2 2 4 92
2 2 12 54
7 2 7 92
1 2 7 91
6 2 1 99
7 2 10 92
2 2 9 92
8 3 33 61
4 3 32 14
3 3 27 5
2 3 27 80
8 3 26 4
5 3 26 6
8 3 25 15
3 3 25 47
1 3 25 53
8 2 24 53
6 3 25 61
2 3 25 62
1 3 24 16
5 3 23 39
7 2 22 39
4 3 23 42
4 3 22 4
7 3 22 25
6 3 22 82
5 3 21 89
3 3 20 31
8 3 20 33
2 3 20 61
6 3 20 77
8 3 19 39
8 3 19 53
3 2 20 52
6 3 19 81
7 3 18 38
8 3 18 80
1 3 18 99
7 3 17 33
3 3 17 61
6 3 17 67
3 3 17 96
2 3 16 3
7 3 16 30
2 3 16 42
4 3 16 45
4 3 16 81
2 3 16 98
4 2 15 98
6 3 15 7
8 3 21 7
4 3 18 6
3 3 15 87
7 3 15 92
5 3 14 15
8 3 14 65
3 2 13 65
7 3 14 80
1 3 15 79
4 3 13 2
2 3 13 4
7 2 18 5
5 3 20 5
2 2 19 5
8 3 13 45
5 3 13 85
3 3 13 89
5 3 12 3
7 3 13 4
4 3 12 21
2 2 18 20
8 3 12 21
3 2 14 20
5 2 13 20
8 2 14 20
2 2 13 21
7 3 12 61
6 3 11 12
1 3 14 12
3 3 11 16
4 2 10 16
1 3 11 59
4 3 11 86
6 2 10 86
3 2 11 85
2 3 11 91
6 3 10 4
4 3 10 39
1 3 10 45
2 3 10 66
6 3 10 66
8 3 9 36
7 3 9 65
1 3 8 1
5 3 8 14
8 3 8 73
6 3 8 76
3 3 8 79
3 3 7 23
1 2 8 22
5 3 7 58
5 3 7 64
8 3 7 66
2 2 7 65
2 3 6 8
4 2 6 8
8 2 9 8
5 2 5 9
7 3 6 8
2 3 5 31
4 2 11 31
4 3 12 30
7 3 12 32
2 3 12 32
7 3 5 31
7 3 5 55
5 2 5 55
4 3 4 14
5 2 7 15
8 2 6 15
2 2 6 15
4 3 4 21
6 3 4 39
1 3 4 54
2 3 4 58
7 3 6 58
4 3 4 60
1 2 3 61
5 3 14 62
7 3 14 61
8 3 4 76
1 2 3 77
7 3 7 78
4 3 3 12
7 2 5 13
1 2 5 13
3 2 5 14
3 3 3 25
5 3 3 31
6 3 3 30
6 3 3 83
3 3 12 83
4 3 3 96
4 3 3 98
1 3 13 97
6 3 7 98
1 3 2 19
2 2 2 21
1 2 4 23
8 2 5 21
7 3 2 32
5 2 1 32
8 3 1 11
7 2 8 10
1 3 1 22
7 3 1 43
3 2 1 42
7 3 1 47
6 2 1 46
8 2 7 46
3 2 7 45
8 3 1 60
6 2 2 61
2 2 6 62
4 3 1 69
3 3 1 74
2 3 1 95
8 2 2 95
3 2 1 96
5 2 4 96
1 3 28 20
7 4 23 85
2 4 20 5
1 4 19 6
4 4 19 26
3 4 21 25
3 4 18 86
6 4 17 17
5 4 17 26
6 4 17 100
4 2 16 100
1 4 16 93
4 4 14 20
5 2 13 20
6 4 14 84
1 2 11 85
8 4 13 9
4 4 13 27
4 4 13 95
5 4 13 99
2 4 12 71
3 4 12 79
3 4 12 91
8 4 12 97
4 4 11 49
2 2 11 50
8 4 11 51
4 4 10 10
7 4 10 51
5 2 15 51
4 2 14 52
7 4 10 59
6 4 10 96
5 4 9 22
5 4 8 6
5 2 14 5
3 2 13 5
1 4 8 19
5 4 8 42
6 4 8 71
7 4 7 8
2 4 6 49
3 4 6 69
5 4 5 23
4 4 5 80
1 4 5 88
2 4 14 87
6 2 13 87
3 4 4 5
4 2 4 5
3 2 8 4
8 2 10 5
5 2 9 4
7 2 8 4
6 4 4 27
8 4 4 54
2 4 4 60
3 4 4 67
7 2 3 68
1 2 4 68
8 2 3 68
6 3 5 68
6 3 12 67
1 4 4 89
8 4 4 97
1 4 3 2
8 4 3 8
5 2 1 10
8 2 4 8
8 3 5 11
3 3 3 7
7 2 9 9
8 4 3 37
7 4 2 20
4 2 1 21
3 4 2 65
4 2 5 64
1 2 2 64
8 2 5 63
4 2 5 67
3 3 5 62
7 2 4 64
8 4 15 62
8 4 1 9
6 2 3 9
6 2 1 8
6 2 6 9
5 2 5 10
2 2 4 10
1 2 4 10
1 4 1 30
4 4 1 50
6 2 7 50
7 4 1 90
2 2 2 89
4 2 2 92
2 2 2 92
2 2 4 93
3 2 4 92
8 2 11 93
5 2 8 91
4 4 18 20
1 5 15 25
8 2 15 25
4 5 15 80
5 5 23 82
7 5 14 14
8 5 14 18
7 5 14 61
8 2 12 63
5 5 13 35
2 5 8 1
3 2 6 3
4 2 6 3
2 2 5 3
1 2 7 4
5 2 6 4
8 2 6 5
2 5 8 93
3 5 7 26
7 2 6 26
8 2 4 27
5 2 4 27
4 5 6 15
7 3 8 16
4 5 6 59
7 5 6 95
1 2 7 94
2 2 6 95
8 2 8 95
7 5 5 6
2 5 5 24
1 2 11 25
5 5 5 85
7 2 8 86
8 5 4 17
6 5 4 36
6 5 4 48
5 5 3 38
3 2 5 39
8 5 3 42
7 3 15 41
3 2 14 41
7 5 6 42
5 5 2 16
5 5 2 65
3 2 2 64
3 5 2 78
3 2 9 79
4 2 10 80
4 2 6 79
7 2 5 79
5 2 7 79
8 2 2 78
5 2 12 80
3 6 19 7
3 6 16 52
4 2 15 52
1 2 14 52
5 6 14 81
1 6 13 13
4 6 13 47
7 6 13 73
4 6 10 85
7 6 9 20
5 6 9 46
5 6 7 52
5 6 6 15
5 6 6 32
8 6 4 48
4 2 4 49
4 6 3 11
8 2 4 13
2 2 3 12
3 2 2 12
2 2 2 11
5 2 3 12
6 2 5 14
6 6 3 25
3 2 10 25
4 2 9 25
4 2 6 25
8 2 3 24
2 2 5 25
1 2 5 25
3 6 2 54
1 2 1 57
2 7 15 82
5 7 10 40
7 7 10 80
3 2 9 80
2 2 12 80
3 7 8 51
3 7 8 99
7 7 3 50
5 3 3 50
7 2 4 52
7 8 13 16
6 8 6 88
3 8 4 55
6 2 3 56
5 8 4 61
2 2 3 61
7 2 4 62
3 8 3 21
4 2 3 20
7 2 3 22
4 2 3 23
3 2 7 20
2 8 1 45
3 2 7 46
4 2 2 44
5 2 2 43
7 2 2 45
4 2 5 46
1 3 5 46
2 9 10 93
5 9 9 13
7 9 4 69
2 10 7 17
8 10 5 30
4 3 2 31
1 2 2 33
3 2 1 32
6 2 1 32
3 4 10 35
3 9 4 34
2 10 4 13
6 2 3 14
3 2 3 14
3 4 7 13
2 11 7 87
1 16 3 65
8 18 2 88
4 2 2 88
6 2 4 90
2 18 1 35
3 2 1 36
1 2 2 36
3 2 2 37
6 2 2 38
1 2 3 39
5 19 8 69
4 2 4 72
6 12 9 79
8 2 10 78
3 2 5 82
3 2 10 78
