3682
139
5 2 25 20
2 2 22 6
7 2 28 6
2 2 25 5
2 2 28 4
2 2 23 5
5 2 15 20
1 2 9 6
2 2 19 5
2 2 20 4
2 2 21 3
2 2 28 2
2 2 26 2
1 2 16 5
2 2 13 5
1 2 10 5
5 2 5 20
2 3 24 2
4 3 25 18
2 2 27 1
8 2 27 18
2 2 26 17
6 2 28 16
1 2 26 16
8 2 26 15
4 2 28 14
7 2 26 14
6 2 26 13
5 2 26 15
3 2 26 14
3 3 25 17
2 3 22 2
7 2 25 17
5 2 24 17
6 2 24 18
2 3 20 5
4 3 15 18
1 2 23 19
8 2 21 18
6 2 19 17
6 2 22 16
4 2 23 15
3 2 23 14
2 2 23 13
5 2 22 15
7 2 21 19
5 2 19 16
7 2 20 17
4 2 19 15
3 2 19 14
2 2 19 13
8 2 17 18
1 2 19 19
7 2 17 18
2 3 16 17
1 2 16 16
8 2 16 15
7 2 16 14
6 2 16 13
3 2 24 12
3 2 20 12
3 3 15 17
1 2 15 19
1 2 26 1
2 2 25 1
3 4 29 8
4 4 28 8
5 4 27 8
6 4 26 8
7 4 25 8
1 4 20 8
4 4 21 8
5 4 20 8
5 4 17 8
6 4 16 8
7 4 15 8
3 4 13 8
1 4 13 8
1 4 10 8
3 4 9 8
4 4 8 8
7 4 5 8
6 4 5 8
1 4 4 8
3 4 3 8
4 4 2 8
4 4 5 18
1 2 10 19
7 2 12 17
8 2 10 19
6 2 9 17
5 2 9 16
5 2 12 15
4 2 9 15
6 2 10 16
2 2 6 17
7 2 7 17
8 2 7 19
1 2 6 19
1 3 6 16
8 2 6 15
3 3 5 17
5 2 4 17
7 2 4 19
7 2 6 14
3 2 12 13
5 2 18 12
1 2 17 13
2 2 9 13
2 2 11 13
3 2 8 13
4 2 9 14
6 2 6 13
5 2 8 12
1 2 7 13
3 2 9 12
5 2 10 12
1 5 11 4
2 2 15 3
2 2 13 3
1 8 8 8
4 8 4 8
3 9 4 8
7 2 5 12
5 9 1 13
3 2 2 14
2 2 2 13
4 2 1 14
5 2 2 15
2 13 11 3
2 2 14 2
2 2 17 1
2 3 15 1
5 19 1 1
1 52 13 1
2 4 10 1
1 2 9 1
2 4 8 3
2 5 8 1
