529348
247
3 2 32 8
5 2 33 7
4 2 32 7
6 2 32 7
3 2 32 15
5 2 33 14
4 2 32 14
6 2 32 14
3 2 32 22
5 2 33 21
4 2 32 21
6 2 32 21
3 2 32 29
5 2 33 28
4 2 32 28
6 2 32 28
3 2 32 36
5 2 33 35
4 2 32 35
6 2 32 35
3 2 26 7
6 2 28 6
5 2 27 6
4 2 26 6
1 2 29 5
3 2 26 14
6 2 28 13
5 2 27 13
4 2 26 13
3 2 26 21
6 2 28 20
5 2 27 20
4 2 26 20
3 2 26 28
6 2 28 27
5 2 27 27
4 2 26 27
3 2 26 35
6 2 28 34
5 2 27 34
4 2 26 34
3 2 26 42
6 2 33 41
5 2 33 43
7 2 32 41
6 2 28 41
5 2 27 41
4 2 26 41
3 2 20 6
7 2 28 5
6 2 22 5
5 2 21 5
4 2 20 5
1 2 23 4
3 2 20 13
7 2 28 12
6 2 22 12
5 2 21 12
4 2 20 12
3 2 20 20
7 2 28 19
6 2 22 19
5 2 21 19
4 2 20 19
3 2 20 27
7 2 28 26
6 2 22 26
5 2 21 26
4 2 20 26
3 2 20 34
7 2 28 33
6 2 22 33
5 2 21 33
4 2 20 33
3 2 20 41
6 2 22 40
5 2 21 40
4 2 20 40
3 2 14 5
7 2 22 4
6 2 16 4
5 2 15 4
4 2 14 4
1 2 17 3
3 2 14 12
7 2 22 11
6 2 16 11
5 2 15 11
4 2 14 11
3 2 14 19
7 2 22 18
6 2 16 18
5 2 15 18
4 2 14 18
3 2 14 26
7 2 22 25
6 2 16 25
5 2 15 25
4 2 14 25
3 2 14 33
7 2 22 32
6 2 16 32
5 2 15 32
4 2 14 32
3 2 14 40
7 2 22 39
6 2 16 39
5 2 15 39
4 2 14 39
3 2 8 4
7 2 16 3
6 2 10 3
5 2 9 3
4 2 8 3
1 2 11 2
3 2 8 11
7 2 16 10
6 2 10 10
5 2 9 10
4 2 8 10
3 2 8 18
7 2 16 17
6 2 10 17
5 2 9 17
4 2 8 17
3 2 8 25
7 2 16 24
6 2 10 24
5 2 9 24
4 2 8 24
3 2 8 32
7 2 16 31
6 2 10 31
5 2 9 31
4 2 8 31
3 2 8 39
7 2 16 38
6 2 10 38
5 2 9 38
4 2 8 38
3 2 2 3
7 2 10 2
6 2 4 2
5 2 3 2
4 2 2 2
1 2 5 1
3 2 2 10
7 2 10 9
6 2 4 9
5 2 3 9
4 2 2 9
3 2 2 17
7 2 10 16
6 2 4 16
5 2 3 16
4 2 2 16
3 2 2 24
7 2 10 23
6 2 4 23
5 2 3 23
4 2 2 23
3 2 2 31
7 2 10 30
6 2 4 30
5 2 3 30
4 2 2 30
3 2 2 38
7 2 10 37
6 2 4 37
5 2 3 37
4 2 2 37
2 9 32 45
2 9 26 44
2 9 20 43
2 9 14 42
2 9 2 5
2 6 5 6
2 9 8 41
6 2 24 43
2 9 2 12
2 3 11 14
2 6 5 13
2 3 19 12
1 8 28 8
2 9 8 15
2 9 2 19
2 3 11 21
2 6 5 20
2 3 19 19
1 8 25 15
2 9 8 22
2 9 2 26
2 3 11 28
2 6 5 27
2 3 19 26
1 8 25 22
2 9 8 29
2 9 2 33
2 3 11 35
2 6 5 34
2 3 19 33
1 8 25 29
2 9 8 36
2 9 2 40
2 12 20 8
2 12 17 15
2 12 17 22
2 12 17 29
2 12 14 8
2 12 11 15
2 12 11 22
2 12 11 29
2 12 11 36
2 12 8 7
2 15 14 36
1 720 1 1
7 2 1 1
7 2 1 8
7 2 1 15
7 2 1 22
7 2 1 29
7 2 1 36
6 3 1 1
6 3 1 8
6 3 1 14
6 3 1 20
6 3 1 26
6 3 1 32
5 4 1 4
5 5 1 9
5 5 1 15
5 5 1 21
5 5 1 27
5 5 1 33
6 7 1 4
7 2 1 6
6 7 1 31
7 2 1 30
6 8 1 7
7 2 1 7
5 2 1 6
6 8 1 14
7 3 1 13
5 2 1 13
6 20 1 6
7 2 1 6
8 95 2 1
