29544
4031
6 2 100 53
1 2 100 56
5 2 100 77
4 2 100 82
3 2 100 84
2 2 100 86
4 2 99 1
8 2 99 2
4 2 99 3
5 2 99 4
1 2 99 5
6 2 99 6
4 2 99 7
6 2 99 8
8 2 99 9
5 2 99 10
7 2 99 16
2 2 99 19
4 2 99 20
8 2 99 21
5 2 99 22
4 2 99 25
7 2 99 26
8 2 99 27
2 2 99 28
3 2 99 29
8 2 99 33
6 2 99 34
5 2 99 35
2 2 99 36
3 2 99 37
1 2 99 40
4 2 99 48
1 2 99 49
2 2 99 56
8 2 99 65
5 2 99 67
4 2 99 69
8 2 99 76
6 2 99 89
8 2 98 52
3 2 98 54
5 2 98 61
6 2 98 81
1 2 98 80
2 2 98 83
3 2 98 87
1 2 98 90
5 2 98 92
8 2 97 1
4 2 97 2
1 2 97 3
7 2 97 4
8 2 97 5
1 2 97 6
8 2 97 7
4 2 97 8
5 2 97 9
8 2 97 10
1 2 97 16
7 2 97 17
4 2 99 18
5 2 97 19
7 2 97 20
4 2 97 21
1 2 97 24
7 2 99 23
8 2 97 25
4 2 97 26
2 2 97 27
5 2 97 28
5 2 97 34
4 2 97 38
2 2 99 39
2 2 97 38
8 2 97 39
2 2 97 40
5 2 97 41
6 2 99 42
6 2 97 41
2 2 97 46
1 2 99 47
1 2 97 46
6 2 97 47
7 2 97 48
6 2 97 49
6 2 97 51
3 2 97 64
1 2 97 65
5 2 97 89
8 2 97 92
4 2 97 95
8 2 96 53
4 2 96 58
1 2 96 58
6 2 99 59
5 2 96 61
3 2 98 62
7 2 96 62
2 2 98 63
5 2 97 63
5 2 96 66
7 2 96 75
2 2 99 74
3 2 98 74
4 2 96 80
3 2 96 86
6 2 96 90
7 2 95 1
2 2 95 2
8 2 95 3
3 2 95 4
1 2 95 5
2 2 95 8
5 2 95 11
4 2 95 12
4 2 99 13
4 2 97 12
8 2 97 13
8 2 95 12
2 2 95 14
7 2 95 16
7 2 95 19
4 2 95 20
1 2 95 26
5 2 95 27
2 2 95 28
1 2 95 29
2 2 95 29
8 2 95 30
1 2 95 31
6 2 95 32
6 2 95 34
1 2 95 36
1 2 95 38
2 2 95 41
5 2 95 44
7 2 99 43
7 2 99 45
6 2 97 43
7 2 97 44
7 2 95 46
3 2 95 47
6 2 95 58
1 2 95 63
3 2 95 75
7 2 95 74
6 2 96 73
5 2 95 74
7 2 95 78
2 2 95 80
1 2 95 94
8 2 96 94
2 2 94 52
3 2 94 51
5 2 94 57
3 2 95 98
4 2 96 98
8 2 94 58
4 2 94 59
2 2 94 59
3 2 94 71
7 2 97 56
7 2 97 69
1 2 94 77
2 2 94 77
3 2 94 81
6 2 94 89
2 2 94 92
2 2 94 97
7 2 95 77
2 2 93 1
5 2 93 2
3 2 93 3
8 2 93 8
7 2 93 9
6 2 95 10
1 2 93 10
7 2 93 11
8 2 93 14
4 2 93 18
3 2 93 19
5 2 93 20
4 2 93 23
3 2 93 24
8 2 93 25
6 2 93 26
5 2 93 35
4 2 93 36
3 2 93 37
4 2 93 38
5 2 93 39
5 2 93 41
7 2 93 42
8 2 93 43
3 2 93 44
6 2 93 44
8 2 93 45
2 2 93 47
1 2 93 50
3 2 95 49
3 2 93 50
5 2 93 51
4 2 93 53
4 2 93 56
5 2 93 65
4 2 96 66
8 2 93 78
2 2 93 88
1 2 93 94
5 2 93 98
3 2 94 95
5 2 92 62
3 2 94 61
6 2 93 62
3 2 92 61
4 2 92 64
3 2 92 68
7 2 94 97
1 2 92 79
3 2 92 86
8 2 96 86
5 2 92 90
8 2 94 89
3 2 91 1
5 2 91 8
2 2 91 10
8 2 91 11
5 2 91 12
8 2 91 13
8 2 91 15
3 2 91 18
2 2 91 21
2 2 91 23
3 2 91 25
7 2 91 25
8 2 91 26
1 2 91 27
7 2 93 28
7 2 91 27
8 2 91 28
5 2 91 30
6 2 91 35
5 2 91 36
6 2 91 37
3 2 91 38
8 2 91 39
6 2 91 41
1 2 91 42
2 2 91 43
1 2 91 44
2 2 91 45
7 2 91 47
8 2 91 48
2 2 91 53
1 2 93 52
3 2 92 52
5 2 91 72
4 2 93 72
1 2 95 71
8 2 97 68
2 2 91 90
2 2 91 94
3 2 91 97
8 2 90 86
5 2 94 84
8 2 91 85
8 2 95 85
5 2 95 84
1 2 90 90
5 2 90 92
5 2 93 91
4 2 89 1
8 2 89 2
3 2 89 7
5 2 95 6
7 2 93 6
5 2 93 7
4 2 89 8
5 2 89 9
8 2 89 10
4 2 89 11
1 2 89 12
5 2 89 13
1 2 89 16
8 2 89 17
1 2 89 18
1 2 89 20
3 2 89 22
4 2 89 24
4 2 89 26
8 2 89 27
1 2 89 28
7 2 89 31
4 2 89 31
7 2 93 31
2 2 93 32
7 2 97 33
1 2 89 32
6 2 91 33
6 2 89 32
5 2 89 33
3 2 89 34
4 2 89 35
6 2 89 36
3 2 89 37
6 2 89 38
4 2 89 41
3 2 89 42
4 2 89 44
5 2 89 45
8 2 89 47
1 2 89 48
5 2 93 49
6 2 89 50
5 2 89 52
1 2 89 73
8 2 93 73
6 2 94 72
3 2 89 84
8 2 94 83
7 2 91 84
6 2 92 84
6 2 90 84
6 2 89 91
1 2 89 96
7 2 89 95
6 2 92 94
8 2 90 94
2 2 90 93
4 2 88 51
8 2 88 68
4 2 88 80
5 2 94 80
4 2 93 79
6 2 91 79
5 2 90 81
4 2 88 93
8 2 91 92
5 2 89 93
7 2 90 94
2 2 93 96
3 2 88 93
6 2 88 93
6 2 87 3
4 2 87 6
8 2 87 7
3 2 87 8
2 2 87 9
1 2 87 10
1 2 87 13
4 2 87 18
6 2 87 19
7 2 87 20
8 2 89 21
8 2 87 22
6 2 87 23
7 2 87 24
8 2 89 25
8 2 87 24
5 2 87 25
7 2 87 26
5 2 87 27
2 2 87 28
6 2 87 29
2 2 87 29
4 2 91 30
8 2 87 30
6 2 87 40
6 2 87 42
4 2 91 43
3 2 87 44
4 2 87 49
8 2 87 73
6 2 90 73
6 2 88 73
2 2 87 78
8 2 87 82
6 2 93 82
3 2 92 83
4 2 90 82
8 2 87 84
3 2 86 65
2 2 95 66
4 2 88 64
1 2 86 71
7 2 86 70
2 2 92 71
2 2 87 68
6 2 91 71
2 2 88 67
6 2 86 71
4 2 87 70
2 2 89 69
1 2 86 74
2 2 86 85
7 2 86 84
7 2 86 96
6 2 89 97
8 2 91 98
3 2 88 85
1 2 90 98
5 2 86 95
2 2 86 96
4 2 91 86
5 2 87 96
8 2 86 97
4 2 85 1
5 2 86 98
4 2 86 98
2 2 85 1
5 2 85 2
2 2 85 2
7 2 85 2
3 2 85 6
2 2 85 7
4 2 85 8
1 2 85 14
5 2 85 16
4 2 85 17
3 2 85 18
3 2 85 24
1 2 85 26
6 2 85 27
1 2 85 28
3 2 85 31
5 2 85 31
4 2 85 32
5 2 85 32
3 2 85 33
8 2 85 34
5 2 85 35
7 2 85 37
1 2 85 37
5 2 85 38
8 2 85 39
3 2 85 41
8 2 85 42
3 2 85 43
2 2 85 44
7 2 85 45
5 2 85 47
8 2 85 49
1 2 85 50
7 2 85 52
4 2 85 53
7 2 90 54
6 2 85 59
8 2 90 57
3 2 90 56
7 2 88 60
6 2 90 61
4 2 88 59
8 2 87 59
2 2 85 59
3 2 87 58
7 2 85 60
8 2 85 72
2 2 87 71
5 2 85 77
4 2 85 85
7 2 85 90
5 2 88 89
8 2 85 99
2 2 84 56
4 2 84 90
6 2 84 97
8 2 83 1
1 2 83 2
6 2 83 7
8 2 83 8
7 2 83 11
1 2 83 12
2 2 83 13
5 2 83 14
6 2 83 18
6 2 83 21
8 2 83 23
5 2 85 23
2 2 83 24
8 2 83 26
3 2 83 28
6 2 83 30
7 2 83 31
1 2 83 32
6 2 83 34
8 2 83 35
7 2 89 36
8 2 83 37
5 2 83 42
4 2 83 44
1 2 83 49
5 2 83 50
3 2 86 51
7 2 86 51
1 2 86 52
1 2 83 70
3 2 88 69
8 2 83 91
2 2 83 98
3 2 83 99
7 2 82 56
2 2 91 55
5 2 86 55
3 2 82 60
1 2 82 65
6 2 85 59
1 2 82 73
4 2 82 95
6 2 87 65
5 2 82 98
2 2 83 99
7 2 81 1
8 2 81 2
1 2 81 3
6 2 81 4
5 2 87 4
8 2 81 5
5 2 83 6
5 2 81 5
4 2 81 6
6 2 81 8
1 2 81 9
3 2 83 10
3 2 81 9
5 2 81 11
1 2 81 17
2 2 89 16
3 2 83 16
5 2 85 16
3 2 81 17
4 2 81 19
1 2 83 20
1 2 81 19
7 2 81 21
3 2 81 22
2 2 81 23
5 2 81 24
6 2 81 25
1 2 81 33
4 2 81 34
1 2 81 36
5 2 81 40
5 2 83 40
5 2 81 46
5 2 81 56
6 2 81 61
7 2 89 61
8 2 89 60
4 2 81 60
1 2 82 60
6 2 82 59
7 2 81 85
6 2 86 86
1 2 83 87
1 2 81 86
5 2 81 86
4 2 87 88
2 2 83 87
4 2 82 87
8 2 88 88
7 2 81 87
4 2 81 87
7 2 81 91
7 2 85 91
4 2 83 91
7 2 87 91
3 2 86 93
6 2 81 90
3 2 82 91
3 2 84 92
7 2 82 92
8 2 84 93
8 2 82 93
3 2 81 89
6 2 80 62
8 2 80 64
5 2 80 74
2 2 82 75
8 2 87 76
1 2 84 76
7 2 84 77
3 2 87 79
2 2 89 95
4 2 85 76
2 2 84 78
7 2 80 81
7 2 85 80
2 2 80 89
6 2 81 80
2 2 83 89
5 2 80 81
8 2 85 81
1 2 85 82
5 2 80 95
8 2 84 95
6 2 82 94
5 2 83 95
5 2 86 96
8 2 79 1
6 2 79 2
1 2 79 4
4 2 79 4
3 2 79 6
5 2 79 7
4 2 79 8
7 2 79 9
1 2 79 11
2 2 87 12
5 2 79 14
7 2 79 15
5 2 79 17
7 2 81 18
7 2 79 17
5 2 79 19
1 2 79 21
3 2 79 24
2 2 79 25
6 2 79 26
5 2 79 27
8 2 79 29
1 2 79 31
4 2 81 32
4 2 79 31
3 2 79 32
4 2 79 33
1 2 79 34
6 2 79 36
2 2 79 36
1 2 79 37
2 2 79 37
3 2 79 38
6 2 79 39
2 2 79 45
7 2 79 55
3 2 82 53
6 2 82 52
8 2 79 68
7 2 87 68
3 2 89 67
1 2 91 66
1 2 89 67
5 2 91 69
5 2 88 82
1 2 87 82
4 2 86 69
8 2 89 70
6 2 85 68
4 2 88 67
1 2 84 68
8 2 87 69
5 2 89 70
7 2 87 70
1 2 86 70
3 2 82 68
5 2 85 69
2 2 82 69
1 2 79 69
8 2 83 68
5 2 80 69
2 2 79 74
4 2 79 79
5 2 84 79
5 2 87 79
7 2 87 78
3 2 85 78
6 2 84 81
6 2 82 80
3 2 79 84
6 2 83 83
8 2 88 82
7 2 79 93
7 2 85 92
5 2 79 100
3 2 78 68
5 2 81 67
3 2 82 66
7 2 78 71
3 2 82 72
1 2 78 77
4 2 84 66
3 2 78 86
4 2 78 87
4 2 78 89
4 2 83 88
3 2 82 88
1 2 82 89
5 2 78 93
3 2 79 94
7 2 79 94
3 2 80 95
3 2 78 97
6 2 78 97
1 2 81 99
1 2 80 97
7 2 78 99
6 2 77 1
7 2 77 2
3 2 77 4
2 2 77 15
7 2 83 16
3 2 77 16
3 2 77 21
4 2 77 22
6 2 77 24
5 2 77 26
8 2 77 27
3 2 77 28
1 2 77 29
3 2 77 30
8 2 77 32
3 2 77 39
4 2 77 40
2 2 77 44
7 2 77 45
3 2 77 47
6 2 77 49
8 2 81 50
3 2 81 50
8 2 79 49
5 2 79 50
4 2 77 50
5 2 77 65
4 2 77 70
6 2 78 72
6 2 77 70
8 2 79 69
3 2 77 80
8 2 83 81
6 2 80 81
8 2 84 79
7 2 82 82
6 2 77 83
5 2 82 83
3 2 77 88
5 2 77 96
8 2 76 54
8 2 87 54
3 2 86 54
7 2 86 53
2 2 81 84
7 2 80 54
1 2 76 65
3 2 87 55
6 2 81 64
6 2 80 66
7 2 76 80
2 2 79 79
7 2 76 84
1 2 76 87
6 2 77 86
1 2 76 92
6 2 77 91
3 2 78 90
8 2 77 90
8 2 76 94
5 2 75 1
8 2 75 2
3 2 75 3
6 2 75 4
8 2 75 7
3 2 77 8
3 2 75 7
6 2 75 8
4 2 75 9
2 2 77 10
2 2 75 9
1 2 75 12
8 2 75 15
7 2 75 16
5 2 75 17
3 2 75 19
7 2 77 20
7 2 75 19
3 2 75 26
4 2 75 26
7 2 75 27
7 2 75 30
3 2 75 32
3 2 75 36
8 2 77 37
8 2 75 36
8 2 75 47
4 2 75 49
4 2 75 51
7 2 78 52
8 2 80 52
5 2 80 51
4 2 75 65
5 2 81 67
7 2 75 74
5 2 78 73
4 2 76 75
5 2 79 66
7 2 82 75
1 2 79 75
3 2 75 78
6 2 84 77
8 2 81 78
6 2 80 78
1 2 77 78
4 2 75 81
3 2 75 83
5 2 75 88
8 2 76 87
4 2 75 88
5 2 75 99
6 2 76 98
3 2 74 51
8 2 76 51
1 2 74 52
1 2 77 51
6 2 74 55
6 2 85 55
8 2 84 56
4 2 74 55
5 2 74 54
7 2 74 69
4 2 74 69
5 2 74 91
4 2 78 91
1 2 78 92
7 2 73 1
4 2 73 2
6 2 73 3
4 2 73 4
8 2 73 5
2 2 73 7
8 2 73 8
7 2 73 9
2 2 73 10
2 2 73 15
4 2 73 15
6 2 73 16
2 2 73 17
4 2 75 18
6 2 73 18
7 2 73 20
8 2 75 21
8 2 73 20
5 2 73 21
2 2 77 22
4 2 81 23
4 2 73 22
5 2 75 23
5 2 73 22
7 2 73 26
3 2 73 30
7 2 73 31
1 2 73 36
5 2 73 37
6 2 73 40
8 2 73 41
6 2 79 41
3 2 79 42
6 2 81 43
6 2 79 42
3 2 77 41
2 2 77 42
6 2 73 43
5 2 73 44
6 2 73 46
7 2 73 47
6 2 73 49
5 2 73 49
4 2 73 50
7 2 73 52
5 2 73 67
4 2 72 62
6 2 73 90
3 2 72 64
8 2 76 63
1 2 80 62
3 2 78 62
2 2 73 65
2 2 74 65
5 2 75 64
2 2 72 75
5 2 73 74
4 2 77 75
3 2 77 74
4 2 72 87
5 2 76 86
1 2 75 87
1 2 73 85
1 2 72 96
5 2 71 1
2 2 71 2
5 2 71 3
1 2 71 4
6 2 71 5
3 2 71 7
8 2 71 13
3 2 73 14
3 2 71 13
1 2 71 14
1 2 71 16
7 2 71 17
7 2 71 21
3 2 71 22
4 2 71 25
3 2 71 26
6 2 71 27
8 2 71 28
5 2 73 28
2 2 71 29
4 2 71 34
4 2 75 33
6 2 73 33
4 2 73 34
6 2 71 34
7 2 71 40
7 2 83 66
1 2 71 41
7 2 71 44
8 2 77 43
4 2 71 46
5 2 71 54
2 2 77 53
2 2 71 61
5 2 80 60
2 2 79 61
7 2 77 61
6 2 79 63
8 2 82 63
3 2 78 60
4 2 74 62
7 2 85 39
3 2 73 62
8 2 72 62
5 2 71 71
1 2 72 71
1 2 77 72
5 2 76 72
2 2 75 72
2 2 74 70
7 2 71 73
5 2 71 98
4 2 83 99
8 2 80 99
1 2 70 55
7 2 81 56
3 2 82 58
4 2 83 57
1 2 82 57
4 2 71 54
4 2 78 55
1 2 71 53
7 2 70 62
5 2 73 61
1 2 77 60
4 2 83 59
7 2 78 59
4 2 76 61
7 2 72 61
1 2 71 61
6 2 70 72
6 2 75 71
8 2 70 72
2 2 70 73
4 2 72 74
8 2 80 75
5 2 78 75
3 2 71 74
4 2 70 82
2 2 72 82
7 2 70 81
4 2 79 82
2 2 70 88
7 2 73 89
4 2 72 89
1 2 70 88
2 2 70 99
8 2 69 1
4 2 69 2
3 2 69 4
7 2 69 5
6 2 69 7
6 2 69 9
4 2 69 9
1 2 69 10
7 2 71 10
4 2 69 10
3 2 69 11
4 2 71 12
4 2 69 11
6 2 69 12
4 2 69 13
6 2 69 14
8 2 69 15
2 2 69 16
6 2 69 17
4 2 71 18
2 2 69 23
6 2 71 24
6 2 69 23
8 2 69 24
6 2 69 26
7 2 69 27
2 2 69 28
3 2 69 29
3 2 69 35
4 2 69 36
1 2 69 37
4 2 73 38
6 2 75 39
6 2 73 38
8 2 71 38
8 2 69 37
4 2 69 37
5 2 69 39
3 2 69 40
7 2 69 41
4 2 69 44
1 2 69 45
6 2 69 48
6 2 69 85
8 2 71 85
8 2 75 85
4 2 69 89
7 2 69 92
5 2 77 91
2 2 76 91
6 2 69 91
2 2 69 94
6 2 68 54
3 2 79 55
3 2 73 55
6 2 68 66
7 2 74 65
1 2 74 64
5 2 68 76
7 2 70 75
2 2 70 77
3 2 68 80
4 2 70 81
1 2 70 82
4 2 71 67
4 2 77 68
4 2 75 84
1 2 75 84
5 2 68 91
4 2 73 91
2 2 70 90
6 2 70 92
3 2 71 92
1 2 69 90
5 2 69 90
8 2 70 89
6 2 69 90
2 2 68 92
3 2 68 94
4 2 69 93
1 2 76 94
8 2 76 95
2 2 67 1
1 2 67 2
6 2 67 3
5 2 67 4
4 2 67 5
3 2 67 7
5 2 67 10
6 2 67 11
5 2 67 12
1 2 67 13
3 2 67 16
3 2 67 18
8 2 69 19
8 2 67 18
5 2 67 26
2 2 67 27
3 2 67 28
1 2 67 29
2 2 67 30
3 2 67 32
4 2 67 33
5 2 67 36
6 2 67 41
3 2 67 43
7 2 67 44
3 2 67 45
3 2 67 49
5 2 69 50
3 2 69 50
5 2 67 49
5 2 67 56
8 2 67 68
7 2 68 67
2 2 69 66
4 2 67 79
4 2 79 79
7 2 69 68
5 2 70 78
4 2 67 85
3 2 71 69
2 2 71 70
8 2 67 93
1 2 67 96
5 2 67 97
7 2 69 98
2 2 71 84
8 2 70 98
7 2 68 96
8 2 73 98
8 2 71 97
7 2 66 57
7 2 74 57
2 2 66 76
4 2 69 74
6 2 68 74
4 2 66 76
3 2 68 75
6 2 66 77
2 2 73 78
4 2 72 79
8 2 71 79
1 2 67 78
5 2 73 77
1 2 71 79
2 2 66 83
4 2 73 82
5 2 66 87
8 2 69 86
7 2 66 88
6 2 66 88
2 2 72 87
3 2 73 99
6 2 66 91
7 2 65 1
4 2 65 2
5 2 65 3
8 2 65 4
7 2 65 5
4 2 65 6
5 2 65 7
1 2 65 8
7 2 67 9
3 2 65 10
2 2 65 11
4 2 65 12
5 2 65 13
3 2 73 14
5 2 65 16
3 2 65 17
5 2 65 19
8 2 65 20
3 2 65 21
5 2 65 22
3 2 65 23
4 2 65 28
8 2 65 32
5 2 71 31
6 2 65 32
3 2 65 33
8 2 65 35
3 2 65 36
7 2 65 36
1 2 65 38
1 2 65 42
3 2 65 44
2 2 65 47
2 2 67 47
4 2 65 47
1 2 65 48
3 2 65 61
6 2 70 62
5 2 65 73
5 2 66 73
6 2 65 94
4 2 73 93
4 2 65 99
4 2 68 98
6 2 64 76
4 2 71 76
3 2 64 77
8 2 67 77
3 2 70 77
5 2 69 78
4 2 67 78
6 2 64 79
1 2 64 82
7 2 65 82
5 2 64 86
7 2 71 87
7 2 69 86
8 2 66 87
7 2 64 87
4 2 63 3
3 2 63 4
6 2 63 5
1 2 63 6
3 2 63 8
2 2 63 12
5 2 63 15
4 2 65 14
5 2 63 20
1 2 63 20
4 2 63 21
2 2 63 24
7 2 63 25
2 2 63 26
1 2 63 26
8 2 63 27
2 2 63 28
5 2 63 29
7 2 63 29
7 2 63 32
8 2 63 34
3 2 63 41
6 2 63 43
4 2 63 43
2 2 63 44
7 2 63 45
2 2 69 46
4 2 63 46
8 2 63 47
4 2 63 50
5 2 63 59
7 2 74 88
2 2 71 60
1 2 72 59
6 2 63 65
4 2 70 64
2 2 70 63
6 2 71 64
8 2 68 59
4 2 69 65
2 2 73 58
6 2 73 59
3 2 73 58
2 2 80 57
6 2 79 57
6 2 76 66
7 2 69 65
5 2 63 64
3 2 78 57
7 2 69 63
3 2 69 62
1 2 67 63
2 2 67 62
5 2 66 63
8 2 66 64
2 2 63 63
7 2 63 66
1 2 63 83
8 2 63 84
8 2 65 85
7 2 63 85
5 2 66 84
5 2 65 86
3 2 63 87
3 2 62 62
1 2 62 72
4 2 66 73
3 2 65 71
7 2 66 70
7 2 68 71
8 2 71 70
5 2 70 69
8 2 68 84
1 2 65 73
4 2 64 71
8 2 62 81
8 2 61 2
1 2 63 1
1 2 61 2
8 2 61 4
3 2 61 6
1 2 61 7
3 2 61 13
1 2 63 14
7 2 63 14
1 2 61 13
1 2 61 16
2 2 63 17
2 2 61 16
2 2 61 19
4 2 61 19
7 2 61 21
6 2 61 24
3 2 61 25
6 2 61 26
7 2 61 28
3 2 61 30
6 2 65 30
5 2 64 70
6 2 66 71
7 2 65 31
6 2 64 69
7 2 63 30
5 2 63 30
4 2 63 31
8 2 63 71
4 2 67 70
3 2 65 70
8 2 61 31
5 2 61 37
4 2 63 37
4 2 61 41
7 2 61 43
5 2 61 44
8 2 61 46
2 2 61 47
8 2 61 48
5 2 61 57
8 2 65 56
2 2 64 57
1 2 63 55
6 2 66 69
2 2 65 69
8 2 61 99
6 2 73 56
3 2 65 99
5 2 60 51
4 2 65 53
5 2 67 54
2 2 66 98
5 2 65 52
2 2 62 52
8 2 66 52
2 2 63 53
3 2 60 53
4 2 63 52
7 2 62 52
6 2 60 73
5 2 63 74
5 2 60 73
7 2 60 80
3 2 68 81
1 2 67 82
5 2 68 81
8 2 70 73
4 2 60 84
1 2 64 85
8 2 65 84
7 2 65 84
5 2 63 83
4 2 63 85
4 2 62 83
6 2 62 85
3 2 60 96
3 2 66 95
4 2 59 2
4 2 59 7
6 2 59 8
2 2 59 8
8 2 59 13
7 2 59 14
3 2 59 16
8 2 59 24
7 2 59 26
2 2 59 27
5 2 59 28
1 2 59 31
7 2 59 32
4 2 59 35
1 2 59 36
2 2 59 38
5 2 59 41
2 2 59 48
8 2 59 49
8 2 59 53
7 2 65 52
3 2 64 52
1 2 61 54
8 2 59 55
2 2 65 56
6 2 66 55
2 2 59 57
8 2 61 56
3 2 62 55
5 2 60 57
2 2 61 57
1 2 59 79
2 2 61 78
6 2 59 83
8 2 59 90
3 2 63 89
5 2 62 78
5 2 63 79
8 2 59 93
8 2 62 92
1 2 62 93
4 2 61 92
2 2 63 90
8 2 61 94
8 2 58 75
7 2 66 74
1 2 66 77
7 2 63 74
6 2 59 98
8 2 61 98
4 2 64 98
3 2 63 98
6 2 61 97
2 2 62 96
2 2 58 94
1 2 57 1
5 2 57 2
2 2 57 3
4 2 57 4
7 2 57 4
8 2 57 5
1 2 57 7
3 2 57 8
6 2 57 12
1 2 57 13
3 2 57 18
5 2 61 17
5 2 59 18
6 2 57 18
8 2 57 19
6 2 57 19
6 2 57 23
2 2 57 24
4 2 57 27
5 2 57 29
7 2 57 35
1 2 57 38
3 2 65 39
7 2 57 41
2 2 63 42
3 2 57 42
5 2 57 43
7 2 57 46
3 2 57 48
5 2 57 49
5 2 57 53
6 2 66 52
7 2 57 59
6 2 68 60
1 2 67 60
5 2 60 60
3 2 61 59
1 2 69 76
8 2 61 58
6 2 57 66
4 2 62 67
7 2 65 68
2 2 57 73
3 2 57 76
2 2 65 77
3 2 58 77
1 2 58 76
7 2 57 75
7 2 57 84
3 2 60 85
8 2 59 82
3 2 57 86
2 2 62 86
6 2 61 86
3 2 57 89
6 2 61 89
7 2 66 88
7 2 63 89
2 2 62 89
6 2 57 92
5 2 63 91
2 2 60 93
2 2 57 96
4 2 57 97
1 2 60 98
1 2 59 95
4 2 59 94
3 2 70 95
7 2 56 57
3 2 56 59
6 2 56 70
8 2 66 71
4 2 56 69
7 2 56 82
5 2 56 81
1 2 69 81
5 2 65 80
1 2 56 82
5 2 60 83
4 2 56 92
1 2 56 96
4 2 68 97
2 2 64 96
8 2 55 1
4 2 55 2
6 2 55 3
8 2 55 4
5 2 55 5
5 2 55 8
6 2 55 11
8 2 55 12
8 2 55 15
1 2 55 16
7 2 55 16
7 2 55 18
5 2 55 19
8 2 55 20
3 2 55 21
5 2 55 23
5 2 55 25
8 2 57 26
8 2 55 25
3 2 55 26
7 2 55 27
2 2 55 28
7 2 55 29
5 2 55 30
2 2 57 31
7 2 55 32
5 2 63 33
4 2 57 33
7 2 61 34
7 2 59 33
6 2 55 36
8 2 57 37
8 2 55 36
2 2 55 37
2 2 55 43
7 2 55 45
6 2 59 44
2 2 57 44
2 2 55 45
8 2 55 49
3 2 55 50
2 2 55 50
7 2 55 69
3 2 55 71
6 2 64 71
7 2 55 71
4 2 59 70
3 2 55 75
1 2 56 74
6 2 55 90
8 2 59 89
2 2 55 90
5 2 57 89
6 2 57 88
2 2 57 87
6 2 58 86
1 2 57 89
2 2 57 91
3 2 54 57
1 2 54 69
4 2 54 81
5 2 57 81
1 2 53 1
7 2 53 2
5 2 53 3
7 2 53 4
8 2 53 5
6 2 53 7
1 2 53 12
3 2 53 14
2 2 53 15
6 2 53 17
4 2 53 17
5 2 53 20
1 2 53 20
4 2 53 23
5 2 53 24
3 2 53 25
3 2 53 30
2 2 53 30
3 2 53 36
3 2 53 43
8 2 53 43
4 2 53 44
2 2 53 46
3 2 53 47
6 2 55 48
7 2 53 49
6 2 53 50
8 2 53 57
7 2 63 56
8 2 58 56
8 2 60 58
5 2 54 58
4 2 59 55
5 2 61 56
5 2 62 59
3 2 59 59
1 2 66 58
8 2 66 60
3 2 64 55
7 2 59 60
6 2 58 59
4 2 53 58
5 2 54 59
1 2 53 73
2 2 53 81
4 2 52 53
7 2 53 52
6 2 61 51
1 2 52 52
6 2 52 62
5 2 61 63
4 2 60 63
6 2 66 58
4 2 58 61
2 2 58 62
4 2 55 62
8 2 52 63
4 2 54 64
3 2 67 65
6 2 56 63
7 2 56 66
2 2 66 65
3 2 55 61
1 2 55 63
2 2 54 63
7 2 54 62
5 2 54 64
7 2 55 64
1 2 53 65
1 2 52 68
2 2 52 71
1 2 52 78
4 2 62 78
7 2 61 78
3 2 60 79
5 2 59 80
3 2 57 79
2 2 55 77
5 2 54 78
8 2 57 78
7 2 52 80
8 2 54 79
8 2 52 80
6 2 52 82
8 2 60 83
7 2 59 84
4 2 54 83
1 2 52 84
4 2 54 84
1 2 52 86
1 2 58 87
7 2 57 88
1 2 56 87
8 2 56 88
1 2 53 87
6 2 54 86
5 2 55 85
3 2 54 87
7 2 52 88
1 2 52 91
5 2 60 93
2 2 65 93
5 2 58 92
7 2 59 92
8 2 59 93
1 2 58 92
5 2 56 92
5 2 58 93
3 2 57 93
7 2 57 94
7 2 55 93
3 2 54 90
2 2 52 92
2 2 53 93
2 2 52 97
3 2 55 98
6 2 52 98
2 2 51 1
3 2 51 2
2 2 51 3
6 2 51 4
2 2 51 10
4 2 63 9
2 2 61 9
4 2 61 10
3 2 59 9
2 2 59 10
3 2 57 10
8 2 53 11
8 2 51 10
6 2 51 13
4 2 51 15
5 2 53 16
5 2 51 15
3 2 51 22
8 2 51 23
2 2 51 28
4 2 51 28
6 2 59 29
1 2 51 29
7 2 51 30
3 2 51 31
1 2 51 35
7 2 53 34
2 2 55 33
5 2 51 36
4 2 51 38
7 2 59 39
4 2 63 40
4 2 61 39
5 2 51 39
7 2 51 43
4 2 51 45
7 2 51 47
3 2 51 50
1 2 55 51
6 2 51 67
4 2 56 66
2 2 55 67
7 2 58 67
7 2 51 74
2 2 57 73
4 2 54 73
1 2 51 80
7 2 51 82
8 2 51 84
6 2 50 53
3 2 50 69
2 2 58 69
2 2 53 68
2 2 50 68
2 2 50 73
8 2 57 74
2 2 50 78
3 2 52 79
7 2 50 84
6 2 53 83
3 2 52 84
3 2 51 85
1 2 50 98
5 2 49 6
5 2 49 8
7 2 49 12
3 2 49 18
4 2 49 19
1 2 49 21
8 2 49 24
6 2 51 25
6 2 49 24
4 2 49 27
4 2 51 27
1 2 49 28
6 2 49 30
1 2 49 31
3 2 49 32
2 2 49 32
4 2 53 33
5 2 53 33
6 2 49 33
8 2 49 34
2 2 53 35
3 2 49 37
4 2 49 39
4 2 49 41
8 2 53 41
2 2 49 42
5 2 49 43
3 2 49 44
1 2 49 52
5 2 49 52
2 2 56 53
2 2 53 51
2 2 49 60
4 2 49 67
7 2 49 72
7 2 51 71
4 2 51 70
4 2 49 73
2 2 52 74
6 2 58 74
1 2 57 74
2 2 49 87
3 2 53 88
1 2 49 88
8 2 51 87
4 2 49 95
3 2 49 97
6 2 49 96
8 2 49 95
1 2 49 99
6 2 48 57
3 2 52 56
4 2 55 56
4 2 57 55
7 2 56 55
2 2 58 55
8 2 66 63
4 2 48 58
8 2 48 72
6 2 48 79
3 2 54 78
6 2 48 92
5 2 49 92
3 2 48 95
4 2 48 94
4 2 50 94
1 2 48 93
2 2 48 100
5 2 51 99
5 2 47 4
7 2 47 4
8 2 47 6
1 2 47 6
3 2 47 7
2 2 47 8
5 2 47 9
4 2 47 12
5 2 47 12
4 2 47 14
7 2 47 16
1 2 51 17
1 2 49 16
2 2 49 17
5 2 47 18
2 2 47 21
6 2 47 22
7 2 49 23
7 2 47 22
4 2 47 23
1 2 47 29
7 2 47 30
6 2 47 32
6 2 51 32
7 2 47 33
6 2 47 34
7 2 47 37
2 2 47 38
3 2 47 39
5 2 47 41
2 2 47 44
6 2 47 45
8 2 49 46
5 2 47 46
3 2 47 49
8 2 47 50
1 2 47 54
1 2 47 63
4 2 51 62
7 2 49 62
4 2 53 54
1 2 53 54
1 2 48 64
2 2 50 65
1 2 49 66
2 2 48 66
3 2 49 66
7 2 50 65
6 2 49 65
5 2 47 67
3 2 47 76
1 2 47 79
6 2 51 79
8 2 50 80
1 2 49 79
4 2 47 83
6 2 47 93
8 2 48 92
8 2 50 91
2 2 48 91
5 2 52 90
1 2 50 90
5 2 49 91
7 2 48 91
7 2 47 94
4 2 50 93
8 2 53 61
5 2 55 60
1 2 46 70
5 2 46 75
4 2 52 74
3 2 46 89
6 2 46 98
7 2 45 1
8 2 45 4
2 2 45 9
6 2 45 11
1 2 45 12
3 2 45 14
2 2 53 14
4 2 45 15
2 2 45 20
6 2 45 23
6 2 45 26
3 2 45 26
4 2 49 26
7 2 49 27
8 2 45 28
3 2 47 27
3 2 45 28
3 2 45 32
1 2 45 33
8 2 45 34
4 2 45 37
1 2 45 38
1 2 45 41
8 2 45 42
1 2 45 45
3 2 45 46
4 2 45 47
6 2 51 48
1 2 47 48
1 2 45 47
7 2 45 48
5 2 45 60
1 2 54 60
7 2 51 61
8 2 47 59
7 2 52 58
4 2 49 58
6 2 49 60
7 2 48 60
2 2 47 58
2 2 45 59
2 2 48 60
2 2 53 61
6 2 46 58
4 2 50 57
5 2 45 66
7 2 55 94
2 2 45 74
1 2 47 73
4 2 45 81
8 2 58 66
4 2 50 82
6 2 45 82
7 2 45 88
2 2 45 89
1 2 44 58
8 2 44 57
4 2 44 61
3 2 44 64
3 2 46 64
3 2 49 62
7 2 47 84
8 2 49 84
7 2 51 85
2 2 50 86
4 2 49 85
1 2 48 84
6 2 48 85
4 2 47 83
8 2 53 64
4 2 52 64
6 2 46 64
8 2 54 82
6 2 53 82
5 2 44 64
7 2 44 65
3 2 45 64
1 2 44 73
1 2 44 91
8 2 44 95
1 2 48 95
6 2 45 95
2 2 46 96
7 2 44 96
3 2 43 1
6 2 43 2
7 2 49 3
7 2 47 2
3 2 43 3
5 2 43 4
3 2 43 7
8 2 45 8
8 2 43 7
1 2 43 11
1 2 43 13
7 2 43 18
4 2 45 19
4 2 43 18
8 2 43 20
8 2 43 27
3 2 43 31
4 2 43 33
6 2 43 37
4 2 43 38
8 2 45 39
6 2 43 41
7 2 43 43
4 2 43 45
8 2 43 45
5 2 43 46
2 2 43 47
1 2 43 48
2 2 43 49
6 2 43 49
5 2 43 58
5 2 53 64
3 2 45 57
7 2 45 58
3 2 43 72
8 2 43 71
6 2 43 73
1 2 45 59
3 2 44 75
8 2 43 80
7 2 45 79
5 2 43 81
6 2 45 79
5 2 43 87
5 2 44 88
3 2 43 86
7 2 42 52
5 2 53 51
8 2 51 51
6 2 50 52
2 2 52 51
1 2 50 52
5 2 42 62
8 2 46 62
1 2 46 61
6 2 44 62
8 2 45 61
7 2 44 63
2 2 53 63
4 2 52 64
3 2 42 67
6 2 49 68
3 2 46 68
1 2 42 93
3 2 42 92
4 2 42 91
2 2 51 90
8 2 50 90
7 2 42 95
1 2 42 99
4 2 41 1
2 2 41 10
4 2 41 11
7 2 43 12
1 2 41 12
6 2 41 13
6 2 41 16
4 2 41 17
2 2 41 21
8 2 41 22
6 2 41 23
2 2 41 24
5 2 45 24
7 2 43 24
3 2 43 25
6 2 41 25
1 2 41 27
2 2 41 28
4 2 41 28
1 2 41 29
1 2 41 31
2 2 45 30
5 2 41 32
7 2 41 33
4 2 41 35
1 2 47 36
1 2 45 35
8 2 41 40
1 2 41 43
6 2 41 43
7 2 41 44
6 2 41 44
1 2 41 45
2 2 41 46
7 2 41 50
6 2 43 50
4 2 41 50
3 2 41 75
7 2 45 75
2 2 41 75
4 2 43 76
1 2 44 77
4 2 45 77
5 2 42 74
6 2 41 75
8 2 46 75
6 2 43 74
2 2 41 84
4 2 43 84
5 2 42 84
1 2 43 86
8 2 46 86
6 2 46 87
7 2 45 86
3 2 41 89
1 2 47 89
7 2 41 92
8 2 44 92
5 2 46 93
1 2 44 93
8 2 41 93
6 2 42 93
2 2 41 100
2 2 53 83
6 2 52 99
2 2 40 54
3 2 45 54
1 2 44 54
7 2 53 55
5 2 57 99
3 2 40 66
8 2 43 65
3 2 42 65
2 2 52 66
8 2 40 68
1 2 59 54
8 2 45 68
8 2 40 81
1 2 43 82
4 2 41 80
5 2 44 68
5 2 44 79
6 2 42 79
4 2 44 81
3 2 39 3
4 2 41 4
4 2 39 3
5 2 39 5
6 2 43 6
4 2 39 10
8 2 39 11
6 2 39 12
7 2 39 13
1 2 39 16
3 2 39 18
6 2 39 21
7 2 39 22
3 2 39 26
6 2 39 27
3 2 39 28
4 2 39 30
7 2 39 31
4 2 39 32
3 2 39 33
2 2 39 35
4 2 39 36
7 2 41 37
1 2 39 38
8 2 39 41
6 2 39 42
4 2 39 43
2 2 39 44
3 2 39 45
1 2 39 46
7 2 39 48
3 2 41 49
6 2 39 50
4 2 39 55
2 2 45 79
8 2 44 80
4 2 39 58
6 2 48 55
8 2 49 54
1 2 42 57
1 2 39 58
6 2 39 65
5 2 40 64
7 2 39 73
1 2 39 77
1 2 39 88
8 2 39 98
3 2 42 73
6 2 42 72
8 2 38 60
8 2 38 73
7 2 38 72
4 2 38 71
8 2 41 70
5 2 48 71
3 2 43 69
2 2 43 70
2 2 38 73
4 2 40 75
8 2 38 79
4 2 42 78
4 2 38 95
8 2 44 95
4 2 42 96
4 2 41 94
7 2 40 94
4 2 39 95
7 2 37 1
7 2 37 3
7 2 37 6
4 2 41 6
3 2 39 7
7 2 37 9
1 2 37 11
7 2 37 11
3 2 37 13
5 2 37 14
3 2 37 17
2 2 37 20
5 2 37 22
4 2 37 23
5 2 37 24
4 2 37 27
7 2 37 27
2 2 37 28
4 2 37 31
3 2 37 32
6 2 37 33
3 2 37 36
7 2 37 36
2 2 37 37
5 2 37 38
7 2 37 39
6 2 37 41
8 2 37 43
6 2 37 51
6 2 41 52
6 2 46 52
1 2 42 52
2 2 45 53
7 2 41 52
2 2 37 54
5 2 44 53
3 2 37 60
4 2 44 59
7 2 42 61
1 2 40 61
3 2 39 62
8 2 37 72
8 2 43 71
7 2 42 71
2 2 37 89
8 2 37 93
1 2 38 92
7 2 39 91
5 2 41 91
3 2 46 90
3 2 38 91
6 2 38 91
4 2 37 93
1 2 37 98
2 2 37 97
1 2 36 59
2 2 49 58
4 2 48 58
7 2 37 58
8 2 36 69
1 2 40 68
3 2 49 96
4 2 48 96
5 2 39 68
1 2 35 2
3 2 35 3
8 2 35 5
7 2 35 7
5 2 36 73
6 2 35 7
7 2 35 7
7 2 35 14
2 2 35 17
4 2 35 19
7 2 37 18
7 2 35 19
6 2 35 20
7 2 35 21
8 2 35 22
3 2 35 23
7 2 35 24
4 2 35 25
5 2 35 27
4 2 35 28
8 2 35 32
2 2 35 32
5 2 35 34
8 2 37 35
3 2 35 35
8 2 35 36
1 2 35 37
6 2 35 39
6 2 45 40
2 2 35 43
3 2 35 45
7 2 37 46
7 2 35 45
7 2 35 50
1 2 35 53
2 2 41 52
2 2 39 53
4 2 35 70
1 2 41 71
1 2 39 70
8 2 47 69
4 2 35 76
3 2 34 61
5 2 34 81
4 2 33 4
6 2 33 5
4 2 33 7
6 2 33 8
4 2 33 11
5 2 33 12
4 2 35 13
4 2 33 12
5 2 33 12
7 2 33 13
8 2 33 20
5 2 33 21
6 2 33 22
5 2 33 23
8 2 33 28
7 2 33 31
4 2 33 35
7 2 41 34
1 2 33 36
3 2 33 39
8 2 33 39
2 2 33 40
4 2 35 41
4 2 33 40
7 2 33 41
8 2 33 42
1 2 33 47
4 2 35 46
4 2 33 47
3 2 39 48
8 2 33 48
2 2 33 56
5 2 41 56
7 2 47 8
4 2 36 56
1 2 35 55
8 2 36 54
3 2 35 56
6 2 33 58
8 2 33 61
1 2 33 60
8 2 35 57
2 2 35 56
2 2 35 61
6 2 39 60
3 2 39 60
5 2 39 61
7 2 37 62
4 2 37 62
2 2 40 63
7 2 36 55
7 2 33 66
7 2 39 63
8 2 39 63
8 2 38 67
6 2 43 67
3 2 34 65
3 2 37 64
4 2 36 65
3 2 38 68
1 2 33 70
8 2 33 69
8 2 33 87
5 2 33 90
4 2 36 89
5 2 36 89
4 2 37 88
8 2 39 64
3 2 33 99
6 2 39 88
7 2 35 98
3 2 48 99
4 2 38 97
7 2 45 97
2 2 41 96
5 2 44 97
7 2 36 97
1 2 41 98
1 2 39 96
8 2 38 98
1 2 33 98
2 2 45 99
7 2 44 99
2 2 36 99
8 2 35 99
2 2 32 54
6 2 34 55
2 2 32 60
3 2 32 64
1 2 32 65
2 2 32 71
1 2 32 71
1 2 35 72
3 2 43 73
2 2 32 77
4 2 35 77
3 2 37 76
8 2 36 77
3 2 32 86
8 2 44 85
2 2 34 85
3 2 40 83
2 2 39 86
6 2 32 88
4 2 44 87
3 2 43 88
7 2 33 89
7 2 37 89
4 2 31 1
1 2 31 3
5 2 31 7
3 2 31 8
4 2 31 9
7 2 31 11
8 2 31 11
6 2 31 12
5 2 31 13
2 2 31 14
4 2 31 16
2 2 41 16
6 2 37 15
1 2 35 15
1 2 33 16
6 2 33 16
7 2 33 17
7 2 31 16
7 2 31 19
2 2 31 20
1 2 31 21
7 2 31 22
3 2 31 23
5 2 31 24
2 2 31 25
1 2 33 26
6 2 31 30
3 2 37 29
1 2 35 29
3 2 35 30
3 2 31 32
3 2 31 35
5 2 31 36
1 2 31 37
4 2 33 38
4 2 31 37
4 2 31 42
6 2 31 44
3 2 31 46
6 2 31 47
6 2 31 53
1 2 32 52
4 2 39 52
5 2 34 52
6 2 37 52
2 2 32 51
8 2 31 61
4 2 31 62
8 2 31 64
4 2 31 95
5 2 34 95
5 2 32 94
1 2 31 96
5 2 31 96
4 2 30 66
6 2 33 66
5 2 31 65
8 2 30 66
1 2 30 65
5 2 34 64
5 2 30 76
1 2 35 76
6 2 41 75
2 2 40 75
1 2 40 74
5 2 39 75
7 2 31 74
8 2 30 91
8 2 31 92
2 2 29 6
4 2 29 8
1 2 29 8
8 2 29 9
6 2 29 10
2 2 29 12
1 2 29 13
5 2 29 14
1 2 29 17
7 2 29 18
6 2 29 19
2 2 29 21
5 2 29 25
3 2 31 25
1 2 29 25
8 2 29 26
5 2 29 28
4 2 29 28
7 2 29 29
8 2 29 30
1 2 33 31
8 2 29 34
5 2 31 33
1 2 29 36
4 2 29 39
2 2 31 38
3 2 29 41
6 2 31 40
6 2 29 41
7 2 29 42
1 2 29 46
2 2 29 46
5 2 29 47
2 2 29 50
3 2 33 50
2 2 31 50
7 2 29 81
2 2 40 80
5 2 30 80
8 2 39 79
1 2 41 78
5 2 40 78
5 2 39 81
4 2 38 80
6 2 38 82
4 2 39 82
5 2 38 83
2 2 31 78
2 2 34 80
2 2 30 80
4 2 29 85
8 2 39 84
3 2 37 85
1 2 38 84
4 2 28 59
4 2 28 75
4 2 37 74
7 2 35 74
4 2 31 75
1 2 33 74
2 2 28 75
3 2 28 76
7 2 30 75
4 2 30 74
7 2 28 76
6 2 45 76
7 2 44 76
5 2 43 76
1 2 44 76
6 2 43 76
8 2 43 77
4 2 28 77
3 2 29 75
5 2 27 3
7 2 31 4
1 2 27 6
8 2 31 5
3 2 27 7
5 2 27 8
3 2 27 9
4 2 27 10
1 2 27 11
7 2 27 14
4 2 27 17
3 2 27 17
6 2 35 18
6 2 27 20
5 2 27 23
1 2 31 24
1 2 29 23
3 2 27 25
2 2 27 26
4 2 27 27
2 2 27 29
7 2 27 30
3 2 27 31
7 2 27 33
1 2 27 40
6 2 27 42
3 2 27 46
7 2 27 47
2 2 27 48
4 2 27 49
3 2 27 59
8 2 27 60
1 2 27 86
1 2 33 86
3 2 29 87
7 2 31 88
8 2 35 89
1 2 34 89
5 2 34 88
3 2 33 88
1 2 30 88
3 2 30 87
5 2 26 53
4 2 39 53
3 2 29 54
8 2 36 55
8 2 26 52
2 2 33 51
3 2 32 52
7 2 26 58
4 2 46 99
2 2 26 60
5 2 26 69
6 2 38 68
6 2 36 69
2 2 26 85
4 2 37 84
6 2 37 83
2 2 36 85
6 2 34 84
2 2 26 87
1 2 26 90
5 2 30 91
7 2 31 92
3 2 36 93
7 2 28 91
1 2 28 92
7 2 26 96
6 2 29 95
4 2 25 3
8 2 25 4
6 2 29 5
6 2 27 4
4 2 27 5
4 2 25 4
3 2 25 5
4 2 25 6
6 2 25 7
4 2 25 8
5 2 25 9
8 2 25 10
7 2 25 12
3 2 25 14
6 2 25 16
5 2 25 17
2 2 25 18
1 2 27 19
1 2 25 18
4 2 25 23
6 2 25 25
5 2 25 26
5 2 25 31
8 2 25 36
2 2 27 37
7 2 29 38
7 2 27 37
1 2 25 37
6 2 25 38
7 2 25 39
3 2 25 40
1 2 25 42
1 2 25 46
8 2 25 48
5 2 25 49
4 2 25 52
5 2 25 52
4 2 29 53
6 2 41 53
5 2 40 54
3 2 25 56
4 2 26 56
8 2 25 56
7 2 30 55
3 2 31 56
1 2 25 70
8 2 29 69
2 2 25 73
2 2 28 72
4 2 30 57
8 2 29 57
7 2 28 72
8 2 25 90
7 2 25 93
5 2 25 97
8 2 29 96
6 2 35 97
6 2 29 96
7 2 25 100
8 2 34 97
4 2 35 98
7 2 34 98
7 2 32 99
2 2 24 70
7 2 30 71
4 2 24 74
3 2 29 73
8 2 24 82
6 2 29 81
3 2 35 82
6 2 30 81
3 2 23 4
3 2 23 6
2 2 23 7
1 2 23 9
4 2 23 17
1 2 23 19
3 2 23 23
4 2 23 24
2 2 23 26
3 2 23 27
2 2 25 28
2 2 23 27
5 2 23 28
8 2 23 29
2 2 23 31
8 2 23 32
4 2 23 33
2 2 23 33
5 2 23 34
7 2 23 37
5 2 23 38
7 2 23 41
3 2 23 42
8 2 23 43
8 2 27 43
4 2 27 44
2 2 29 44
8 2 29 45
8 2 27 44
4 2 25 43
2 2 25 44
4 2 23 44
4 2 23 47
2 2 23 48
4 2 23 49
1 2 23 50
8 2 23 51
5 2 23 56
3 2 23 62
7 2 23 63
1 2 23 91
6 2 23 92
8 2 27 91
3 2 29 90
4 2 28 90
5 2 28 91
3 2 24 91
4 2 23 92
3 2 23 93
2 2 28 95
1 2 27 92
2 2 23 94
4 2 28 95
7 2 27 95
2 2 28 96
1 2 26 95
4 2 22 51
2 2 22 57
7 2 32 59
7 2 22 75
7 2 22 78
2 2 25 77
4 2 33 78
3 2 35 78
6 2 25 76
5 2 25 78
3 2 23 76
1 2 25 76
1 2 24 77
3 2 26 78
2 2 30 78
8 2 30 79
8 2 25 78
3 2 24 76
2 2 24 78
4 2 22 93
8 2 24 94
2 2 24 93
5 2 22 96
4 2 27 97
7 2 22 99
6 2 25 98
3 2 38 99
6 2 21 1
7 2 29 1
2 2 29 2
2 2 27 1
4 2 27 2
4 2 25 1
7 2 23 1
5 2 31 2
4 2 21 6
7 2 21 7
8 2 23 8
3 2 21 8
8 2 21 11
6 2 21 12
5 2 21 13
7 2 21 14
8 2 21 15
4 2 21 16
8 2 21 17
4 2 21 18
7 2 21 19
8 2 21 19
4 2 21 20
7 2 21 21
7 2 27 22
7 2 25 21
5 2 25 22
5 2 23 21
8 2 23 22
6 2 21 22
4 2 21 22
5 2 21 24
4 2 21 25
5 2 21 26
8 2 21 28
6 2 21 31
3 2 21 33
6 2 21 33
4 2 21 34
2 2 21 34
8 2 21 35
4 2 21 37
6 2 21 38
1 2 21 44
5 2 21 48
3 2 21 48
5 2 27 49
2 2 21 49
4 2 21 53
7 2 23 52
3 2 21 60
7 2 28 60
1 2 21 62
4 2 21 70
8 2 22 69
5 2 26 70
8 2 22 72
2 2 26 73
2 2 21 75
8 2 23 74
3 2 21 78
2 2 21 87
2 2 33 89
6 2 26 86
7 2 29 85
4 2 27 87
8 2 28 86
3 2 26 85
5 2 26 87
7 2 25 86
8 2 33 84
8 2 24 88
6 2 21 91
8 2 20 64
8 2 28 63
7 2 20 75
8 2 27 74
5 2 20 75
1 2 20 90
3 2 25 89
4 2 20 99
6 2 19 3
8 2 19 4
6 2 25 4
1 2 25 5
2 2 19 4
1 2 19 9
7 2 31 9
2 2 25 10
8 2 19 10
1 2 19 12
7 2 19 16
2 2 19 19
3 2 19 19
5 2 19 20
4 2 19 21
6 2 19 24
5 2 19 25
1 2 19 26
4 2 19 28
6 2 29 29
3 2 19 29
2 2 19 31
6 2 19 32
1 2 19 33
6 2 19 34
4 2 19 35
2 2 25 36
3 2 19 36
5 2 19 37
8 2 19 40
3 2 21 41
3 2 19 40
2 2 27 39
7 2 19 41
6 2 19 42
1 2 19 43
8 2 19 45
1 2 19 46
7 2 19 47
2 2 19 48
8 2 19 56
6 2 30 55
4 2 31 54
8 2 29 55
1 2 24 55
4 2 29 56
7 2 24 56
6 2 26 57
1 2 28 58
8 2 25 58
7 2 26 58
7 2 22 55
4 2 24 55
7 2 20 55
6 2 21 55
8 2 36 54
1 2 36 53
4 2 35 53
4 2 20 56
4 2 19 74
6 2 19 77
3 2 19 79
4 2 19 79
7 2 24 79
8 2 24 78
7 2 18 70
8 2 31 70
1 2 38 69
8 2 25 71
7 2 22 69
6 2 18 75
7 2 18 86
6 2 17 1
3 2 19 1
7 2 19 2
7 2 17 1
6 2 17 6
2 2 19 7
2 2 17 6
7 2 17 7
2 2 17 8
2 2 17 10
5 2 17 11
5 2 17 14
3 2 17 15
6 2 17 16
4 2 17 17
5 2 17 19
5 2 17 21
8 2 19 22
8 2 17 21
4 2 17 25
5 2 17 32
4 2 17 32
8 2 17 35
6 2 17 37
5 2 17 41
4 2 17 43
1 2 17 45
8 2 17 47
6 2 17 47
4 2 17 49
6 2 23 50
6 2 17 52
1 2 17 78
2 2 17 90
3 2 17 93
4 2 23 93
7 2 21 92
2 2 29 93
2 2 21 91
7 2 16 55
7 2 35 54
1 2 18 56
4 2 24 58
6 2 20 57
5 2 20 57
1 2 34 58
6 2 16 54
4 2 17 54
1 2 23 54
2 2 16 54
5 2 16 76
4 2 20 77
8 2 16 79
3 2 16 90
2 2 22 90
6 2 16 92
5 2 19 92
7 2 28 94
8 2 18 93
5 2 22 93
7 2 15 2
4 2 17 3
4 2 15 2
7 2 15 5
4 2 15 6
3 2 15 7
1 2 15 10
8 2 15 11
3 2 15 12
7 2 17 13
8 2 15 13
2 2 15 14
6 2 15 15
3 2 15 16
5 2 15 18
4 2 15 19
5 2 15 20
3 2 15 24
1 2 15 25
3 2 15 27
4 2 15 28
8 2 17 29
2 2 15 32
7 2 15 36
3 2 15 39
5 2 15 40
8 2 15 41
7 2 15 43
8 2 15 44
3 2 15 45
6 2 15 48
8 2 15 49
2 2 15 68
2 2 39 100
2 2 21 68
8 2 15 71
8 2 18 71
5 2 17 68
7 2 19 70
3 2 19 69
8 2 15 84
7 2 19 85
3 2 18 67
5 2 22 83
5 2 28 82
2 2 25 82
1 2 18 86
4 2 18 85
6 2 19 84
5 2 26 83
6 2 22 83
1 2 21 84
2 2 17 83
2 2 22 83
6 2 24 82
1 2 21 84
3 2 19 85
4 2 21 83
4 2 30 68
7 2 29 69
5 2 23 82
7 2 35 82
6 2 15 97
1 2 19 98
2 2 36 82
8 2 33 99
5 2 14 64
2 2 24 65
3 2 25 64
8 2 17 65
4 2 21 64
8 2 21 65
6 2 36 66
6 2 28 67
5 2 16 65
6 2 15 63
8 2 15 62
4 2 17 63
3 2 16 64
7 2 14 68
4 2 18 67
3 2 14 69
1 2 14 71
4 2 17 71
4 2 15 70
6 2 15 71
5 2 14 74
6 2 23 74
6 2 20 73
1 2 14 73
1 2 14 76
1 2 14 85
7 2 14 89
5 2 20 90
5 2 17 88
2 2 16 88
4 2 19 87
7 2 13 3
2 2 13 6
1 2 13 7
3 2 13 11
7 2 15 12
7 2 13 11
8 2 13 12
7 2 13 13
3 2 13 14
6 2 13 17
3 2 13 19
5 2 13 26
4 2 13 27
6 2 13 28
2 2 13 30
5 2 15 29
5 2 13 30
7 2 13 31
5 2 13 32
2 2 13 33
4 2 13 33
7 2 13 34
1 2 13 35
8 2 13 38
8 2 13 40
4 2 13 40
3 2 13 41
5 2 13 43
4 2 13 44
7 2 13 48
3 2 13 49
5 2 13 62
3 2 23 97
2 2 13 63
6 2 13 64
6 2 14 64
2 2 13 68
7 2 25 61
4 2 13 72
5 2 18 72
4 2 17 73
4 2 13 78
8 2 18 80
6 2 18 79
6 2 13 83
6 2 16 85
8 2 13 88
5 2 13 95
2 2 12 54
3 2 22 53
5 2 21 53
2 2 12 64
7 2 12 85
8 2 12 100
5 2 31 67
4 2 21 99
1 2 11 1
8 2 13 2
8 2 11 1
7 2 11 6
3 2 11 9
1 2 11 10
8 2 11 11
2 2 11 12
1 2 11 16
8 2 11 17
1 2 11 18
4 2 11 19
4 2 11 22
6 2 13 21
6 2 11 22
3 2 11 27
7 2 11 28
7 2 11 30
4 2 11 39
2 2 11 39
6 2 11 43
3 2 11 44
6 2 11 47
1 2 11 48
7 2 11 64
2 2 22 63
6 2 15 65
4 2 11 69
1 2 13 69
2 2 11 79
2 2 15 78
3 2 19 80
3 2 24 81
1 2 35 99
5 2 20 80
1 2 18 80
8 2 12 80
4 2 17 81
5 2 11 80
4 2 11 90
1 2 14 91
7 2 16 90
2 2 17 80
6 2 17 91
3 2 15 91
6 2 10 51
1 2 18 81
4 2 19 50
8 2 10 73
1 2 16 73
1 2 20 82
2 2 13 74
8 2 16 73
5 2 10 95
6 2 12 95
3 2 15 74
1 2 14 74
4 2 11 95
6 2 20 94
8 2 18 96
7 2 17 97
5 2 21 95
4 2 13 95
5 2 18 94
1 2 10 99
6 2 18 98
5 2 9 3
6 2 11 2
6 2 10 98
6 2 29 99
6 2 11 4
2 2 11 96
1 2 12 95
4 2 9 4
3 2 9 4
7 2 9 8
6 2 11 7
6 2 9 8
1 2 9 9
8 2 9 10
1 2 9 12
5 2 9 13
1 2 9 14
4 2 15 15
7 2 9 14
3 2 9 15
4 2 9 16
1 2 9 17
3 2 9 18
6 2 9 20
8 2 11 21
8 2 9 20
2 2 9 21
7 2 9 27
4 2 9 28
7 2 9 29
2 2 9 30
7 2 9 31
3 2 9 36
7 2 9 37
6 2 11 38
6 2 9 37
3 2 9 38
5 2 9 39
8 2 9 46
4 2 11 45
4 2 9 46
2 2 9 48
2 2 9 51
7 2 14 52
8 2 9 60
4 2 25 61
7 2 18 60
4 2 15 59
8 2 15 61
3 2 22 60
5 2 26 59
8 2 27 59
1 2 18 60
7 2 18 59
3 2 14 61
2 2 16 60
4 2 12 62
6 2 19 63
7 2 11 59
3 2 15 60
4 2 15 59
6 2 18 60
1 2 15 58
6 2 16 59
5 2 15 59
8 2 15 58
7 2 14 58
6 2 10 62
4 2 11 61
7 2 9 66
1 2 25 67
8 2 23 66
1 2 10 66
1 2 12 67
2 2 9 67
4 2 19 66
2 2 18 66
5 2 13 67
3 2 9 67
6 2 9 85
5 2 19 84
5 2 11 85
2 2 8 60
3 2 10 59
5 2 10 62
1 2 9 59
8 2 8 67
7 2 22 66
1 2 21 66
2 2 20 66
2 2 29 99
7 2 8 68
1 2 8 76
7 2 8 79
2 2 7 4
4 2 7 5
5 2 9 6
5 2 7 5
3 2 7 11
5 2 7 11
1 2 7 15
5 2 7 16
4 2 7 17
1 2 7 18
4 2 7 19
2 2 7 20
8 2 7 21
3 2 7 22
5 2 9 23
5 2 7 22
1 2 7 23
2 2 7 23
5 2 7 24
6 2 13 25
6 2 11 24
7 2 7 25
1 2 7 26
7 2 7 28
2 2 7 35
1 2 9 34
5 2 7 37
7 2 7 38
5 2 7 40
1 2 7 42
3 2 9 43
3 2 7 42
1 2 7 47
3 2 7 66
5 2 8 65
2 2 7 67
2 2 7 87
6 2 7 99
8 2 15 98
4 2 14 98
1 2 14 97
2 2 9 100
7 2 6 55
1 2 13 55
1 2 6 63
7 2 9 62
1 2 8 63
3 2 10 63
1 2 6 65
8 2 6 67
6 2 16 76
1 2 17 77
1 2 6 68
3 2 6 69
2 2 6 69
7 2 7 68
7 2 13 70
1 2 7 70
1 2 18 71
3 2 30 67
3 2 6 81
6 2 11 80
7 2 16 81
8 2 13 79
2 2 8 80
4 2 6 87
8 2 6 87
5 2 14 87
8 2 5 1
1 2 5 5
6 2 5 6
2 2 5 7
1 2 5 10
4 2 7 9
4 2 5 10
5 2 5 10
6 2 5 13
2 2 7 14
2 2 5 13
3 2 5 14
6 2 5 15
1 2 5 17
8 2 5 18
3 2 5 21
8 2 5 26
5 2 5 26
7 2 5 27
6 2 5 29
5 2 5 31
8 2 5 32
8 2 11 33
8 2 9 32
3 2 5 32
4 2 5 33
1 2 5 37
6 2 5 38
1 2 5 39
8 2 5 44
2 2 7 44
4 2 5 45
7 2 5 49
7 2 7 49
2 2 5 57
8 2 8 56
5 2 15 55
1 2 14 55
3 2 13 56
2 2 13 56
8 2 12 55
5 2 25 54
3 2 11 57
5 2 10 54
3 2 13 53
3 2 5 59
7 2 5 64
1 2 5 69
1 2 5 72
7 2 12 73
2 2 5 80
1 2 5 80
4 2 5 82
3 2 5 84
3 2 13 83
1 2 5 87
4 2 10 88
6 2 9 80
4 2 8 81
1 2 13 81
8 2 13 88
6 2 13 89
1 2 12 88
6 2 11 81
2 2 5 89
4 2 5 90
6 2 9 90
1 2 9 90
6 2 5 98
2 2 12 92
6 2 12 92
8 2 11 99
5 2 19 98
8 2 12 98
4 2 4 59
2 2 8 59
7 2 11 60
2 2 10 61
2 2 9 58
6 2 4 74
8 2 9 74
5 2 9 74
3 2 7 74
6 2 8 76
8 2 12 77
6 2 4 83
6 2 13 82
1 2 5 82
4 2 4 88
4 2 4 99
3 2 3 1
7 2 3 5
6 2 3 8
2 2 3 10
4 2 3 12
8 2 5 11
8 2 3 12
6 2 3 16
7 2 3 16
6 2 3 20
2 2 3 29
7 2 3 30
8 2 3 31
7 2 3 33
4 2 3 34
4 2 3 36
1 2 7 35
1 2 5 36
6 2 3 37
4 2 3 38
7 2 3 39
2 2 5 40
1 2 9 41
7 2 3 44
2 2 3 45
1 2 3 48
2 2 3 49
2 2 3 79
1 2 11 77
8 2 13 76
2 2 10 78
6 2 5 78
2 2 3 82
3 2 14 83
7 2 6 81
7 2 3 90
2 2 9 91
8 2 11 91
2 2 6 90
3 2 8 89
6 2 3 98
1 2 11 96
5 2 11 100
1 2 9 98
8 2 4 99
3 2 2 55
4 2 2 65
5 2 5 66
4 2 2 73
3 2 14 98
7 2 2 88
8 2 2 95
2 2 2 96
4 2 1 1
8 2 1 2
8 2 1 4
4 2 1 7
5 2 3 6
5 2 1 7
3 2 1 9
5 2 1 10
3 2 1 12
1 2 1 13
5 2 1 18
8 2 1 19
7 2 1 20
4 2 1 21
3 2 1 22
2 2 3 23
4 2 5 24
4 2 3 23
2 2 1 22
8 2 1 23
3 2 1 31
3 2 1 34
2 2 1 35
5 2 1 36
7 2 1 40
2 2 1 43
6 2 1 44
8 2 1 45
3 2 1 46
6 2 1 54
7 2 19 53
5 2 5 52
5 2 3 54
2 2 1 83
3 2 10 84
8 2 3 82
1 2 5 82
4 2 6 83
7 2 12 84
7 2 9 83
4 2 1 82
3 2 4 84
7 2 5 83
3 2 1 85
5 2 4 84
2 2 15 85
4 2 7 85
1 2 6 85
8 2 5 85
4 2 4 84
6 2 4 83
7 2 4 87
8 2 3 87
8 2 5 88
6 2 6 88
5 2 12 87
4 2 12 86
8 2 1 86
2 2 1 90
3 2 4 89
6 2 1 92
4 2 7 92
7 2 1 94
4 2 1 93
4 2 8 92
6 2 7 93
2 2 11 93
4 2 27 72
5 3 31 77
3 3 31 97
1 3 30 96
6 3 27 54
4 3 27 96
1 3 27 100
4 3 26 67
1 3 25 76
1 3 24 56
8 3 23 96
8 3 22 65
2 3 21 81
8 3 20 73
6 3 20 77
4 3 19 52
6 3 19 95
7 3 18 59
1 3 17 60
6 3 16 76
7 3 16 78
3 3 17 77
7 3 16 93
6 3 15 58
2 3 14 81
6 3 12 57
7 2 12 56
3 2 11 58
5 3 17 56
2 3 15 59
6 2 14 59
2 3 11 91
7 3 11 98
1 3 10 53
5 3 10 59
3 2 11 59
8 3 10 61
8 3 9 51
4 3 9 57
8 2 11 56
5 2 9 56
1 3 10 56
6 3 9 56
4 3 9 89
1 3 8 53
1 3 7 58
1 3 7 65
6 3 10 66
6 3 7 70
1 2 9 70
3 2 22 70
8 2 21 70
8 3 10 72
8 3 8 70
1 2 7 70
5 3 7 99
8 3 5 73
7 2 9 72
2 3 5 78
3 3 5 80
5 3 4 68
2 2 3 68
4 3 4 98
7 3 3 50
1 3 3 84
7 3 3 92
4 3 3 93
3 2 6 93
5 3 2 61
5 2 6 61
3 2 5 62
7 2 7 59
7 3 10 62
7 3 3 61
8 2 10 62
7 2 12 63
3 3 1 50
8 2 4 51
3 3 1 59
1 3 1 91
6 2 1 90
3 2 3 91
7 2 2 91
1 3 1 96
1 3 30 63
7 4 45 35
3 4 42 100
5 4 41 42
4 4 41 46
7 4 39 3
4 4 37 29
5 4 37 39
2 4 37 40
4 4 35 3
6 4 35 6
8 4 35 20
7 4 35 22
2 4 35 48
2 4 33 11
1 4 33 38
8 4 33 40
5 4 31 5
5 4 31 22
7 4 31 24
6 4 31 34
2 4 41 35
7 4 31 35
3 4 31 48
7 4 31 49
4 4 29 17
8 4 29 23
8 4 29 25
7 4 27 5
3 4 27 13
1 4 27 21
4 4 27 22
5 4 27 34
7 4 27 41
4 4 27 49
7 4 27 50
3 4 25 3
2 4 25 8
7 4 25 25
2 4 25 29
4 4 25 30
4 4 25 33
3 4 25 38
5 4 23 2
1 4 23 9
7 4 23 11
2 4 23 13
2 4 23 21
8 4 23 22
7 4 23 32
4 4 23 36
8 4 23 100
3 2 22 100
6 4 21 3
5 4 21 14
3 4 21 15
8 4 21 30
4 4 21 43
5 4 20 86
2 4 19 10
6 4 19 22
8 4 19 23
5 4 19 32
1 4 19 34
6 4 19 36
6 4 19 39
1 4 19 40
5 4 18 76
1 4 17 14
5 4 17 15
7 4 17 17
2 4 25 18
2 4 21 17
4 4 21 18
5 4 17 20
5 4 17 25
1 4 17 30
2 4 29 31
8 4 17 31
6 4 15 1
6 4 15 5
6 4 15 12
3 4 19 11
3 4 15 12
8 4 15 34
3 4 15 39
4 4 15 40
2 4 15 45
6 4 15 71
8 4 15 86
1 4 14 55
7 4 14 82
5 4 14 89
5 4 13 3
2 4 13 9
5 4 13 14
8 4 13 26
2 4 13 31
3 4 13 36
3 4 13 49
8 4 13 58
6 4 13 77
4 4 13 96
1 4 12 57
4 4 12 66
3 4 15 65
5 4 12 70
8 4 12 99
7 2 14 99
5 4 11 30
5 4 11 34
3 4 11 42
5 4 11 45
7 4 10 60
2 4 10 67
7 2 20 67
6 4 10 72
3 4 19 72
5 2 18 72
5 4 13 73
8 4 9 14
4 4 19 13
4 4 9 46
6 4 21 47
6 4 9 49
1 4 15 49
7 4 9 83
6 2 11 82
2 2 10 82
3 4 9 93
1 4 7 7
8 4 7 20
5 4 7 25
7 4 7 42
2 4 7 43
7 4 7 66
6 4 21 68
1 4 7 82
3 2 9 82
5 4 6 75
5 2 7 76
1 2 9 76
3 2 7 76
7 2 10 76
8 2 5 77
4 2 9 76
4 4 5 2
3 2 11 3
3 4 5 2
8 4 5 10
3 4 5 11
7 4 5 18
7 4 5 50
2 2 9 51
2 3 32 51
8 4 5 56
6 4 5 85
7 4 4 57
5 2 3 57
4 2 3 57
4 3 6 55
3 2 6 55
7 4 4 92
5 2 5 93
7 2 4 94
4 4 3 26
8 4 3 36
7 2 9 36
6 4 3 42
5 4 3 79
7 3 7 81
7 4 3 80
3 3 3 80
3 4 10 78
7 4 2 52
5 2 1 52
4 2 4 54
1 2 1 54
6 2 2 52
7 2 2 53
3 4 2 81
5 2 1 82
8 2 1 83
5 3 2 82
3 2 1 82
4 2 1 83
6 4 1 1
2 4 1 2
7 4 11 3
5 4 1 3
6 4 1 11
1 4 1 23
3 4 17 24
3 4 15 22
5 4 1 24
3 4 1 41
5 4 1 50
1 2 20 51
8 4 1 69
6 2 3 70
1 2 2 71
6 2 1 71
1 2 10 71
6 2 10 72
2 2 9 73
3 2 9 73
8 3 11 69
2 4 1 75
4 2 4 76
6 3 1 76
6 3 2 77
5 4 6 77
6 5 19 94
3 5 14 53
6 5 14 99
5 2 13 99
4 5 12 72
1 5 10 75
4 5 8 77
3 5 8 95
5 4 16 97
5 5 10 96
6 5 6 95
6 2 5 96
3 2 5 96
6 5 9 94
8 5 3 63
6 2 8 65
2 2 4 63
3 2 3 64
6 2 2 64
5 2 7 63
2 2 6 63
5 5 2 64
4 3 1 64
3 2 1 64
8 3 1 63
6 2 2 63
8 4 3 65
8 5 4 63
4 6 31 35
5 6 29 5
8 6 25 19
6 6 25 35
4 6 23 15
4 6 19 8
6 6 19 13
1 6 19 19
7 6 17 14
8 6 17 42
7 6 17 43
7 6 15 23
5 6 13 9
2 6 13 19
6 6 13 20
4 6 13 32
3 6 13 41
4 6 12 66
1 2 11 66
8 5 15 68
6 6 11 42
3 6 9 16
4 4 17 17
4 4 9 16
3 6 9 23
4 6 9 49
4 6 8 99
2 6 7 3
2 6 7 69
2 6 7 88
4 6 5 39
2 4 25 38
8 4 5 39
4 6 5 66
6 2 7 67
8 2 6 67
3 6 7 68
6 6 4 90
1 6 3 36
1 6 1 8
5 4 1 8
7 6 1 13
1 6 1 15
6 6 1 24
5 6 1 32
1 6 1 40
8 6 1 41
2 6 1 47
2 6 1 50
7 6 1 83
1 7 9 50
1 7 9 52
2 7 6 57
8 2 5 57
1 8 27 6
5 8 27 15
5 8 25 29
7 8 19 15
1 8 15 21
2 8 15 45
6 6 21 45
6 8 17 9
2 8 13 4
8 8 13 18
3 8 13 20
6 8 13 31
6 8 9 17
2 8 9 50
1 8 7 22
4 8 7 68
8 2 4 70
1 2 6 68
1 8 5 4
4 4 5 4
4 8 11 5
2 6 21 6
2 6 11 5
3 8 5 18
4 8 5 34
2 8 3 45
6 4 3 45
1 6 3 45
6 8 1 8
7 8 1 8
7 8 1 14
4 8 1 47
3 9 9 92
3 9 5 84
3 9 3 69
5 2 3 69
6 10 21 46
5 10 21 47
7 10 19 39
1 10 17 26
7 10 13 34
4 10 11 41
6 10 9 27
6 10 9 45
1 10 7 42
8 10 5 6
3 10 5 80
1 10 3 28
4 4 9 30
5 10 1 1
7 10 1 1
7 10 1 19
3 10 1 29
7 10 1 46
8 12 11 40
2 12 9 26
1 12 9 42
6 12 8 80
4 2 5 80
1 3 5 80
3 3 5 80
4 12 5 46
5 2 6 48
1 12 4 73
7 12 1 30
5 13 1 43
6 6 9 41
8 14 5 32
4 14 4 65
3 14 3 3
6 14 1 1
4 14 1 40
4 16 7 14
8 16 3 19
5 16 1 3
8 4 5 3
8 6 9 4
8 6 1 5
8 10 11 5
2 16 1 15
7 18 5 27
4 18 3 20
1 20 3 12
4 20 1 13
6 21 8 44
1 2 3 46
4 2 2 46
4 2 7 44
2 21 4 37
1 2 5 39
6 22 1 18
3 23 5 30
4 4 1 31
7 30 1 1
4 32 1 1
2 34 1 1
7 34 1 1
5 34 1 9
2 95 1 1
